0 0
1 0.121154
2 0.149408
3 0.180917
4 0.165348
5 0.184911
6 0.184911
7 0.21679
8 0.21716
9 0.220229
10 0.221992
11 0.226245
12 0.241087
13 0.241087
14 0.241087
15 0.241679
16 0.245377
17 0.245377
18 0.257212
19 0.257212
20 0.257212
21 0.244194
22 0.25588
23 0.252219
24 0.252219
25 0.252219
26 0.252219
27 0.252219
28 0.257544
29 0.254105
30 0.254105
31 0.25662
32 0.25662
33 0.25662
34 0.252959
35 0.252959
36 0.252959
37 0.252959
38 0.252959
39 0.252959
40 0.256324
41 0.256324
42 0.256324
43 0.256324
44 0.256324
45 0.255178
46 0.255178
47 0.255178
48 0.255178
49 0.255178
50 0.255178
51 0.255178
52 0.255178
53 0.25503
54 0.25503
55 0.25503
56 0.25503
57 0.25503
58 0.25503
59 0.25503
60 0.25503
61 0.25503
62 0.25503
63 0.25503
64 0.25503
65 0.25503
66 0.25503
67 0.25503
68 0.25503
69 0.25503
70 0.255325
71 0.255325
72 0.255325
73 0.255325
74 0.255325
75 0.255325
76 0.255325
77 0.255325
78 0.255325
79 0.255473
80 0.255473
81 0.255473
82 0.255473
83 0.252959
84 0.251923
85 0.251923
86 0.251923
87 0.252367
88 0.252367
89 0.252367
90 0.252367
91 0.251923
92 0.251923
93 0.251923
94 0.252367
95 0.252367
96 0.252367
97 0.248521
98 0.248521
99 0.248521
100 0.248521
101 0.248521
102 0.248521
103 0.248521
104 0.248521
105 0.248521
106 0.248521
107 0.248521
108 0.248521
109 0.248521
110 0.248521
111 0.248521
112 0.248521
113 0.248225
114 0.248225
115 0.248225
116 0.248225
117 0.248225
118 0.248225
119 0.247929
120 0.248225
121 0.248225
122 0.248225
123 0.248225
124 0.248225
125 0.248225
126 0.248225
127 0.248225
128 0.248225
129 0.247485
130 0.247485
131 0.247485
132 0.247485
133 0.247485
134 0.247633
135 0.250592
136 0.246302
137 0.246302
138 0.246302
139 0.246302
140 0.246302
141 0.247781
142 0.247781
143 0.247781
144 0.245414
145 0.245414
146 0.248964
147 0.248964
148 0.248964
149 0.248964
150 0.248964
