0 0
1 0.15784
2 0.183136
3 0.174852
4 0.173151
5 0.242012
6 0.242012
7 0.242012
8 0.242012
9 0.238166
10 0.238166
11 0.256361
12 0.254549
13 0.254549
14 0.253513
15 0.253513
16 0.254401
17 0.254401
18 0.25784
19 0.25784
20 0.25784
21 0.25784
22 0.25784
23 0.254697
24 0.254697
25 0.257692
26 0.257692
27 0.257249
28 0.257249
29 0.257249
30 0.256065
31 0.256065
32 0.257396
33 0.259024
34 0.258728
35 0.253698
36 0.253698
37 0.253698
38 0.253698
39 0.253698
40 0.253698
41 0.253698
42 0.255178
43 0.255178
44 0.255178
45 0.255178
46 0.255178
47 0.255178
48 0.255178
49 0.255178
50 0.255178
51 0.255178
52 0.255178
53 0.255178
54 0.255178
55 0.255178
56 0.247337
57 0.247337
58 0.247337
59 0.247337
60 0.247633
61 0.247633
62 0.247633
63 0.247633
64 0.247633
65 0.247633
66 0.247633
67 0.250888
68 0.251036
69 0.251036
70 0.248521
71 0.248373
72 0.248373
73 0.249112
74 0.24926
75 0.24926
76 0.24926
77 0.24926
78 0.24926
79 0.24926
80 0.24926
81 0.24926
82 0.24926
83 0.24926
84 0.24926
85 0.24926
86 0.24926
87 0.248669
88 0.24926
89 0.24926
90 0.249112
91 0.249112
92 0.249112
93 0.249112
94 0.249112
95 0.249112
96 0.24926
97 0.24926
98 0.24926
99 0.249704
100 0.249704
101 0.249704
102 0.249704
103 0.249704
104 0.249704
105 0.249704
106 0.249704
107 0.248225
108 0.248225
109 0.248225
110 0.248225
111 0.248225
112 0.248225
113 0.248225
114 0.248225
115 0.248373
116 0.248373
117 0.248373
118 0.248373
119 0.248373
120 0.248373
121 0.248964
122 0.248225
123 0.248225
124 0.248225
125 0.248225
126 0.246598
127 0.246598
128 0.246598
129 0.246598
130 0.246598
131 0.247189
132 0.247189
133 0.247189
134 0.247781
135 0.247781
136 0.247781
137 0.247781
138 0.247781
139 0.247781
140 0.247781
141 0.247781
142 0.247781
143 0.247781
144 0.247781
145 0.247781
146 0.247781
147 0.247781
148 0.247781
149 0.247781
150 0.247781
151 0.247781
152 0.247781
153 0.247781
154 0.247781
155 0.247781
156 0.247781
