0 0
1 0.104228
2 0.14375
3 0.188787
4 0.14614
5 0.172794
6 0.172794
7 0.215809
8 0.215257
9 0.213971
10 0.229963
11 0.229963
12 0.231618
13 0.231618
14 0.231618
15 0.227574
16 0.230515
17 0.232353
18 0.219669
19 0.219669
20 0.219669
21 0.209191
22 0.235662
23 0.216728
24 0.216728
25 0.216728
26 0.216728
27 0.216728
28 0.235662
29 0.22739
30 0.22739
31 0.222426
32 0.222426
33 0.222426
34 0.221875
35 0.221875
36 0.221875
37 0.221875
38 0.221875
39 0.221875
40 0.225735
41 0.225735
42 0.225735
43 0.225735
44 0.225735
45 0.218199
46 0.218199
47 0.218199
48 0.218199
49 0.218199
50 0.218199
51 0.218199
52 0.218199
53 0.217096
54 0.217096
55 0.217096
56 0.217096
57 0.217096
58 0.217096
59 0.217096
60 0.217096
61 0.217096
62 0.217096
63 0.217096
64 0.217096
65 0.217096
66 0.217096
67 0.217096
68 0.217096
69 0.217096
70 0.218199
71 0.218199
72 0.218199
73 0.218199
74 0.218199
75 0.218199
76 0.218199
77 0.218199
78 0.218199
79 0.217831
80 0.217831
81 0.217831
82 0.217831
83 0.240993
84 0.240993
85 0.240993
86 0.240993
87 0.240993
88 0.240993
89 0.240993
90 0.240993
91 0.240993
92 0.240993
93 0.240993
94 0.240993
95 0.240993
96 0.240993
97 0.235478
98 0.235478
99 0.235478
100 0.235478
101 0.235478
102 0.235478
103 0.235478
104 0.235478
105 0.235478
106 0.235478
107 0.235478
108 0.235478
109 0.235478
110 0.235478
111 0.235478
112 0.235478
113 0.238971
114 0.238971
115 0.238971
116 0.238971
117 0.238971
118 0.238971
119 0.238971
120 0.237868
121 0.237868
122 0.237868
123 0.237868
124 0.237868
125 0.237868
126 0.237868
127 0.2375
128 0.2375
129 0.238603
130 0.238603
131 0.238603
132 0.238603
133 0.238603
134 0.238235
135 0.234191
136 0.237316
137 0.237316
138 0.237316
139 0.237316
140 0.237316
141 0.231801
142 0.231801
143 0.231801
144 0.236397
145 0.236397
146 0.233088
147 0.233088
148 0.233088
149 0.233088
150 0.233088
