0 0
1 0.0622316
2 0.0917367
3 0.166573
4 0.221429
5 0.221429
6 0.221429
7 0.221429
8 0.203408
9 0.203408
10 0.203408
11 0.203408
12 0.203828
13 0.203828
14 0.203828
15 0.241083
16 0.242577
17 0.242577
18 0.242577
19 0.242577
20 0.231933
21 0.231933
22 0.229132
23 0.229132
24 0.229132
25 0.229132
26 0.229132
27 0.229132
28 0.229132
29 0.229132
30 0.229132
31 0.229132
32 0.229132
33 0.229132
34 0.229132
35 0.229132
36 0.229132
37 0.229132
38 0.229132
39 0.229132
40 0.229132
41 0.237675
42 0.237535
43 0.237535
44 0.237675
45 0.237535
46 0.240896
47 0.242484
48 0.242484
49 0.242484
50 0.242484
51 0.242484
52 0.242484
53 0.241923
54 0.241923
55 0.241923
56 0.241923
57 0.241923
58 0.241923
59 0.241923
60 0.241923
61 0.241923
62 0.260084
63 0.260084
64 0.260084
65 0.260084
66 0.260084
67 0.260084
68 0.260084
69 0.256723
70 0.256723
71 0.256723
72 0.256723
73 0.256723
74 0.256723
75 0.256723
76 0.256723
77 0.256723
78 0.256723
79 0.256723
80 0.256723
81 0.256723
82 0.256723
83 0.256723
84 0.256723
85 0.256723
86 0.256723
87 0.256723
88 0.256723
89 0.256723
90 0.256723
91 0.256723
92 0.256723
93 0.256723
94 0.256723
95 0.260644
96 0.260644
97 0.260644
98 0.260644
99 0.260644
100 0.260644
101 0.260644
102 0.260224
103 0.260224
104 0.260224
105 0.260224
106 0.260224
107 0.260224
108 0.260224
109 0.260224
110 0.259944
111 0.259944
112 0.259944
113 0.259944
114 0.259944
115 0.259944
116 0.259944
117 0.254062
118 0.254062
119 0.254062
120 0.254062
121 0.254202
122 0.254202
123 0.254202
124 0.254202
125 0.254202
126 0.254202
127 0.254202
128 0.254202
129 0.254202
130 0.254202
131 0.254202
132 0.255462
133 0.255462
134 0.255462
135 0.255462
136 0.255462
137 0.255462
138 0.253641
139 0.253641
140 0.253641
141 0.253641
142 0.253641
143 0.253641
144 0.253641
145 0.254342
146 0.254342
147 0.254342
148 0.254622
149 0.254622
150 0.254622
151 0.254622
152 0.255742
153 0.255742
154 0.255742
