0 0
1 0.123109
2 0.139356
3 0.159372
4 0.171615
5 0.189916
6 0.190196
7 0.198599
8 0.193931
9 0.197374
10 0.212558
11 0.211064
12 0.222736
13 0.222736
14 0.222736
15 0.222736
16 0.224837
17 0.224837
18 0.241223
19 0.241223
20 0.241223
21 0.249486
22 0.236601
23 0.238235
24 0.238235
25 0.238235
26 0.238235
27 0.238235
28 0.237675
29 0.242764
30 0.242764
31 0.242484
32 0.242484
33 0.242484
34 0.245238
35 0.245238
36 0.245238
37 0.245238
38 0.245238
39 0.245238
40 0.241643
41 0.241643
42 0.241643
43 0.241643
44 0.241643
45 0.246218
46 0.246218
47 0.246218
48 0.246218
49 0.246218
50 0.246218
51 0.246218
52 0.246218
53 0.245798
54 0.245798
55 0.245798
56 0.245798
57 0.245798
58 0.245798
59 0.245798
60 0.245798
61 0.245798
62 0.245798
63 0.245798
64 0.245798
65 0.245798
66 0.245798
67 0.245798
68 0.245798
69 0.245798
70 0.246499
71 0.246499
72 0.246499
73 0.246499
74 0.246499
75 0.246499
76 0.246499
77 0.246499
78 0.246499
79 0.245518
80 0.245518
81 0.245518
82 0.245518
83 0.261204
84 0.260644
85 0.260644
86 0.260644
87 0.260644
88 0.260644
89 0.260644
90 0.260644
91 0.260644
92 0.260644
93 0.260644
94 0.260644
95 0.260644
96 0.260644
97 0.254062
98 0.254062
99 0.254062
100 0.254062
101 0.254062
102 0.254062
103 0.254062
104 0.254062
105 0.254062
106 0.254062
107 0.254062
108 0.254062
109 0.254062
110 0.254062
111 0.254062
112 0.254062
113 0.254062
114 0.254062
115 0.254062
116 0.254062
117 0.254062
118 0.254062
119 0.254062
120 0.252941
121 0.252941
122 0.252941
123 0.252941
124 0.252941
125 0.254342
126 0.254342
127 0.254062
128 0.254062
129 0.253081
130 0.253081
131 0.253081
132 0.253081
133 0.253081
134 0.251541
135 0.253361
136 0.253782
137 0.253782
138 0.253782
139 0.253782
140 0.253782
141 0.254622
142 0.254622
143 0.254622
144 0.253922
145 0.253922
146 0.253221
147 0.253221
148 0.253221
149 0.253221
150 0.253221
