0 0
1 0.0413793
2 0.110345
3 0.169828
4 0.087931
5 0.136207
6 0.136207
7 0.158621
8 0.169828
9 0.168103
10 0.168103
11 0.172414
12 0.172414
13 0.172414
14 0.172414
15 0.168966
16 0.174138
17 0.172414
18 0.143966
19 0.143966
20 0.143966
21 0.141379
22 0.168103
23 0.130172
24 0.130172
25 0.130172
26 0.130172
27 0.130172
28 0.168103
29 0.155172
30 0.155172
31 0.137931
32 0.137931
33 0.137931
34 0.125862
35 0.125862
36 0.125862
37 0.125862
38 0.125862
39 0.125862
40 0.150862
41 0.150862
42 0.150862
43 0.150862
44 0.150862
45 0.161207
46 0.161207
47 0.161207
48 0.161207
49 0.161207
50 0.161207
51 0.161207
52 0.161207
53 0.157759
54 0.157759
55 0.157759
56 0.157759
57 0.157759
58 0.157759
59 0.157759
60 0.157759
61 0.157759
62 0.157759
63 0.157759
64 0.157759
65 0.157759
66 0.157759
67 0.157759
68 0.157759
69 0.157759
70 0.159483
71 0.159483
72 0.159483
73 0.159483
74 0.159483
75 0.159483
76 0.159483
77 0.159483
78 0.159483
79 0.159483
80 0.159483
81 0.159483
82 0.159483
83 0.168103
84 0.168103
85 0.168103
86 0.168103
87 0.168103
88 0.168103
89 0.168103
90 0.168103
91 0.168103
92 0.168103
93 0.168103
94 0.168103
95 0.168103
96 0.168103
97 0.187069
98 0.187069
99 0.187069
100 0.187069
101 0.187069
102 0.187069
103 0.187069
104 0.187069
105 0.187069
106 0.187069
107 0.187069
108 0.187069
109 0.187069
110 0.187069
111 0.187069
112 0.187069
113 0.186207
114 0.186207
115 0.186207
116 0.186207
117 0.186207
118 0.186207
119 0.186207
120 0.182759
121 0.182759
122 0.182759
123 0.182759
124 0.182759
125 0.182759
126 0.182759
127 0.186207
128 0.186207
129 0.182759
130 0.182759
131 0.182759
132 0.182759
133 0.182759
134 0.182759
135 0.182759
136 0.182759
137 0.182759
138 0.182759
139 0.182759
140 0.182759
141 0.182759
142 0.182759
143 0.182759
144 0.182759
145 0.182759
146 0.182759
147 0.182759
148 0.182759
149 0.182759
150 0.182759
