0 0
1 0.133109
2 0.132269
3 0.166555
4 0.168571
5 0.168235
6 0.168571
7 0.193445
8 0.192269
9 0.215294
10 0.190924
11 0.190084
12 0.221513
13 0.219496
14 0.224706
15 0.226723
16 0.226723
17 0.226723
18 0.226723
19 0.226723
20 0.226723
21 0.226723
22 0.226723
23 0.226723
24 0.226723
25 0.226723
26 0.226723
27 0.230588
28 0.230588
29 0.230588
30 0.230588
31 0.230588
32 0.230588
33 0.230588
34 0.230588
35 0.230588
36 0.230588
37 0.223025
38 0.223025
39 0.223025
40 0.223025
41 0.223025
42 0.222017
43 0.219832
44 0.219832
45 0.219832
46 0.219832
47 0.219832
48 0.219832
49 0.223866
50 0.223866
51 0.223866
52 0.223866
53 0.223866
54 0.223866
55 0.223866
56 0.223866
57 0.223866
58 0.223866
59 0.223866
60 0.223866
61 0.223866
62 0.22084
63 0.22084
64 0.22084
65 0.22084
66 0.22084
67 0.22084
68 0.22084
69 0.22084
70 0.22084
71 0.22084
72 0.22084
73 0.22084
74 0.221681
75 0.221681
76 0.221513
77 0.221513
78 0.221513
79 0.221513
80 0.221513
81 0.221513
82 0.221513
83 0.221513
84 0.221513
85 0.221513
86 0.221513
87 0.221513
88 0.221513
89 0.221513
90 0.221513
91 0.221513
92 0.24521
93 0.24521
94 0.24521
95 0.24521
96 0.24521
97 0.221345
98 0.221345
99 0.222353
100 0.222353
101 0.222353
102 0.222353
103 0.222353
104 0.222353
105 0.222353
106 0.222353
107 0.222353
108 0.222353
109 0.222353
110 0.222353
111 0.222353
112 0.222353
113 0.222353
114 0.222353
115 0.222353
116 0.222353
117 0.222353
118 0.222353
119 0.222353
120 0.222353
121 0.222353
122 0.222353
123 0.222353
124 0.222353
125 0.222353
126 0.244034
127 0.244034
128 0.244034
129 0.244034
130 0.244034
131 0.244034
132 0.244034
133 0.244034
134 0.244034
135 0.244034
136 0.244034
137 0.244034
138 0.244034
139 0.244034
140 0.244034
141 0.244034
142 0.244034
143 0.244034
144 0.244034
145 0.244034
146 0.244034
147 0.244034
148 0.244034
149 0.244034
150 0.244034
151 0.244034
152 0.244034
153 0.244034
154 0.244706
155 0.243529
156 0.243529
157 0.243529
158 0.243529
159 0.243529
160 0.243529
161 0.243529
162 0.243529
163 0.243529
164 0.244034
165 0.244034
166 0.244034
167 0.244034
168 0.244034
169 0.244706
170 0.244706
171 0.244706
172 0.243697
173 0.243697
174 0.243697
175 0.244034
176 0.243697
177 0.243697
178 0.243697
179 0.243697
180 0.243697
181 0.243697
182 0.243697
183 0.243697
184 0.243697
185 0.243697
186 0.242857
