0 0
1 0.176798
2 0.179939
3 0.177555
4 0.181453
5 0.179069
6 0.178312
7 0.173543
8 0.187396
9 0.177479
10 0.214497
11 0.210939
12 0.216086
13 0.213096
14 0.213399
15 0.219947
16 0.219947
17 0.219947
18 0.220401
19 0.220401
20 0.237812
21 0.255261
22 0.255261
23 0.255261
24 0.255261
25 0.255261
26 0.255261
27 0.255375
28 0.255375
29 0.255375
30 0.252044
31 0.252044
32 0.253104
33 0.253104
34 0.253407
35 0.253861
36 0.254315
37 0.254315
38 0.254315
39 0.254315
40 0.254315
41 0.254315
42 0.257797
43 0.257797
44 0.257646
45 0.257646
46 0.257646
47 0.257646
48 0.256132
49 0.256132
50 0.256132
51 0.258251
52 0.258251
53 0.258251
54 0.253255
55 0.253255
56 0.253255
57 0.253255
58 0.253255
59 0.253255
60 0.258138
61 0.258138
62 0.258138
63 0.258138
64 0.257532
65 0.257532
66 0.257532
67 0.257532
68 0.257532
69 0.257532
70 0.257532
71 0.257532
72 0.257532
73 0.257532
74 0.257532
75 0.257532
76 0.257532
77 0.257835
78 0.257835
79 0.257835
80 0.257835
81 0.257835
82 0.257835
83 0.257835
84 0.257835
85 0.257835
86 0.252687
87 0.252687
88 0.252687
89 0.252687
90 0.252687
91 0.252687
92 0.252687
93 0.252233
94 0.252233
95 0.252233
96 0.252233
97 0.252233
98 0.252233
99 0.252233
100 0.252233
101 0.252233
102 0.252233
103 0.261923
104 0.261923
105 0.261923
106 0.261923
107 0.261923
108 0.26162
109 0.261923
110 0.261923
111 0.261923
112 0.263437
113 0.263437
114 0.26268
115 0.26268
116 0.26268
117 0.26268
118 0.26268
119 0.26268
120 0.26268
121 0.26268
122 0.26268
123 0.26268
124 0.26268
125 0.26268
126 0.261923
127 0.261923
128 0.261923
129 0.261923
130 0.261923
131 0.261923
132 0.261923
133 0.261923
134 0.261923
135 0.261923
136 0.261923
137 0.261923
138 0.261923
139 0.261923
140 0.261923
141 0.261923
142 0.261923
143 0.26162
144 0.26162
145 0.26162
146 0.26162
147 0.26162
148 0.26162
149 0.26162
150 0.26162
151 0.26162
152 0.261923
153 0.261923
154 0.26162
155 0.26162
156 0.26162
157 0.26162
158 0.26162
159 0.26162
