0 0
1 0.134581
2 0.169012
3 0.170509
4 0.192814
5 0.19476
6 0.200898
7 0.234132
8 0.234132
9 0.237874
10 0.237874
11 0.237874
12 0.237874
13 0.240419
14 0.243862
15 0.243862
16 0.243862
17 0.243862
18 0.244461
19 0.24521
20 0.263922
21 0.263922
22 0.263922
23 0.267665
24 0.269311
25 0.269311
26 0.27006
27 0.271707
28 0.271707
29 0.271856
30 0.271856
31 0.271856
32 0.273353
33 0.273353
34 0.273353
35 0.273353
36 0.274251
37 0.274251
38 0.274251
39 0.274401
40 0.274401
41 0.274551
42 0.275449
43 0.275449
44 0.275449
45 0.275449
46 0.275449
47 0.275449
48 0.275449
49 0.275449
50 0.275449
51 0.275449
52 0.275449
53 0.275449
54 0.275449
55 0.275599
56 0.275599
57 0.275599
58 0.275599
59 0.275599
60 0.275599
61 0.276198
62 0.276198
63 0.276198
64 0.276198
65 0.276198
66 0.276198
67 0.276198
68 0.276198
69 0.276198
70 0.276198
71 0.276198
72 0.276198
73 0.276198
74 0.276198
75 0.276198
76 0.276198
77 0.276198
78 0.276198
79 0.276198
80 0.276198
81 0.276198
82 0.276198
83 0.276198
84 0.276198
85 0.276198
86 0.276198
87 0.276198
88 0.276198
89 0.276198
90 0.276198
91 0.276198
92 0.276198
93 0.276198
94 0.276198
95 0.276198
96 0.276198
97 0.276198
98 0.276198
99 0.276198
100 0.276198
101 0.276198
102 0.278443
103 0.278443
104 0.278443
105 0.278443
106 0.278443
107 0.278443
108 0.278443
109 0.278443
110 0.278593
111 0.279042
112 0.279042
113 0.279641
114 0.279641
115 0.279641
116 0.279641
117 0.279641
118 0.27979
119 0.27979
120 0.27979
121 0.27979
122 0.28024
123 0.28024
124 0.28024
125 0.28024
126 0.280988
127 0.280988
128 0.280988
129 0.280988
130 0.280988
131 0.280988
132 0.280988
133 0.280988
134 0.280988
135 0.280988
136 0.280988
137 0.280988
138 0.280988
139 0.280988
140 0.280988
141 0.280988
142 0.281138
143 0.281138
144 0.281138
145 0.281138
146 0.281138
147 0.281138
148 0.281138
149 0.281287
150 0.281287
151 0.281287
152 0.281287
153 0.281287
154 0.281437
155 0.281437
156 0.281437
157 0.281437
158 0.281587
159 0.281587
160 0.282186
161 0.282186
162 0.282186
163 0.282186
164 0.282186
165 0.282186
166 0.282186
167 0.282186
168 0.282186
169 0.282186
170 0.282186
171 0.282186
172 0.282186
173 0.282485
174 0.282485
175 0.282485
