0 0
1 0.170509
2 0.170509
3 0.186078
4 0.192964
5 0.192964
6 0.192964
7 0.207934
8 0.207934
9 0.216467
10 0.229291
11 0.229291
12 0.239072
13 0.240257
14 0.249251
15 0.253293
16 0.253293
17 0.253293
18 0.253293
19 0.253293
20 0.253293
21 0.253293
22 0.253293
23 0.253293
24 0.253293
25 0.253293
26 0.253293
27 0.253892
28 0.253892
29 0.253892
30 0.253892
31 0.253892
32 0.253892
33 0.253892
34 0.253892
35 0.253892
36 0.253892
37 0.254192
38 0.254192
39 0.254192
40 0.25479
41 0.25479
42 0.255539
43 0.256587
44 0.256587
45 0.256587
46 0.256587
47 0.256587
48 0.256587
49 0.274251
50 0.274251
51 0.274251
52 0.274251
53 0.274251
54 0.274251
55 0.274251
56 0.274251
57 0.274251
58 0.274251
59 0.274251
60 0.274251
61 0.274251
62 0.274701
63 0.274701
64 0.274701
65 0.274701
66 0.274701
67 0.274701
68 0.274701
69 0.274701
70 0.274701
71 0.274701
72 0.274701
73 0.274701
74 0.27515
75 0.27515
76 0.275599
77 0.275599
78 0.275599
79 0.275599
80 0.275599
81 0.275599
82 0.275599
83 0.275599
84 0.275599
85 0.275599
86 0.275599
87 0.275599
88 0.275599
89 0.275599
90 0.275599
91 0.275599
92 0.275599
93 0.275599
94 0.275599
95 0.275599
96 0.275599
97 0.275749
98 0.275749
99 0.276347
100 0.276347
101 0.276347
102 0.276347
103 0.276347
104 0.276347
105 0.276347
106 0.276347
107 0.276347
108 0.276347
109 0.276347
110 0.276347
111 0.276347
112 0.276347
113 0.276347
114 0.276347
115 0.276347
116 0.276347
117 0.276347
118 0.276347
119 0.276347
120 0.276347
121 0.276347
122 0.276347
123 0.276347
124 0.276347
125 0.276347
126 0.279192
127 0.279192
128 0.279192
129 0.279192
130 0.279192
131 0.279192
132 0.279192
133 0.279192
134 0.279192
135 0.279192
136 0.279192
137 0.279192
138 0.279192
139 0.279192
140 0.279192
141 0.279192
142 0.279192
143 0.279192
144 0.279192
145 0.279192
146 0.28024
147 0.28024
148 0.28024
149 0.28024
150 0.28024
151 0.28024
152 0.28024
153 0.28024
154 0.280838
155 0.281138
156 0.281138
157 0.281138
158 0.281138
159 0.281138
160 0.281138
161 0.281138
162 0.281138
163 0.281138
164 0.281287
165 0.281287
166 0.281287
167 0.281287
168 0.281287
169 0.281437
170 0.281437
171 0.281437
172 0.281737
173 0.281737
174 0.281737
175 0.281737
176 0.281737
177 0.281737
178 0.281737
179 0.281737
180 0.281737
181 0.281737
182 0.281737
183 0.281737
184 0.281737
185 0.281737
186 0.281886
