0 0
1 0.164269
2 0.210712
3 0.207532
4 0.22165
5 0.22165
6 0.22165
7 0.224565
8 0.226722
9 0.235731
10 0.242846
11 0.242846
12 0.242846
13 0.241484
14 0.241484
15 0.241484
16 0.241484
17 0.241484
18 0.241484
19 0.241484
20 0.241484
21 0.241484
22 0.241484
23 0.241484
24 0.241484
25 0.241484
26 0.241484
27 0.241787
28 0.241787
29 0.241787
30 0.241787
31 0.241787
32 0.241787
33 0.241787
34 0.241787
35 0.255867
36 0.256624
37 0.256624
38 0.257078
39 0.256321
40 0.256321
41 0.256321
42 0.256321
43 0.259198
44 0.259198
45 0.259198
46 0.259198
47 0.259198
48 0.255261
49 0.260106
50 0.260106
51 0.260106
52 0.260106
53 0.260106
54 0.260106
55 0.260409
56 0.260409
57 0.261317
58 0.261317
59 0.261317
60 0.261317
61 0.261317
62 0.261317
63 0.261317
64 0.261317
65 0.261317
66 0.261317
67 0.26162
68 0.26162
69 0.261469
70 0.261469
71 0.261469
72 0.261469
73 0.262226
74 0.263588
75 0.263588
76 0.263588
77 0.263588
78 0.263588
79 0.263588
80 0.263588
81 0.263588
82 0.263588
83 0.26374
84 0.26374
85 0.263437
86 0.26374
87 0.263588
88 0.263588
89 0.262983
90 0.262983
91 0.262983
92 0.262983
93 0.262074
94 0.262074
95 0.262074
96 0.262074
97 0.262074
98 0.262074
99 0.262074
100 0.262074
101 0.262074
102 0.262074
103 0.262074
104 0.262074
105 0.262074
106 0.262074
107 0.262226
108 0.262226
109 0.262226
110 0.262226
111 0.262226
112 0.262226
113 0.261469
114 0.261469
115 0.261469
116 0.261923
117 0.261923
118 0.261923
119 0.261923
120 0.261923
121 0.262377
122 0.262377
123 0.262377
124 0.262377
125 0.262377
126 0.262377
127 0.262226
128 0.262226
129 0.262226
130 0.262226
131 0.262377
132 0.262377
133 0.262377
134 0.262377
135 0.262226
136 0.262226
137 0.262226
138 0.262226
139 0.261166
140 0.261166
141 0.261166
142 0.26162
143 0.26162
144 0.26162
145 0.26162
146 0.26162
147 0.26162
148 0.26162
149 0.26162
150 0.26162
