0 0
1 0.161538
2 0.155769
3 0.180732
4 0.180732
5 0.18162
6 0.18162
7 0.183247
8 0.185503
9 0.183728
10 0.183728
11 0.185947
12 0.217012
13 0.230178
14 0.230178
15 0.230178
16 0.230178
17 0.234172
18 0.244822
19 0.259763
20 0.259763
21 0.245858
22 0.252219
23 0.252219
24 0.252219
25 0.252219
26 0.252219
27 0.252219
28 0.252219
29 0.254882
30 0.254882
31 0.252959
32 0.252959
33 0.252959
34 0.252959
35 0.252959
36 0.252959
37 0.252959
38 0.251627
39 0.251627
40 0.251627
41 0.251627
42 0.253402
43 0.253402
44 0.253402
45 0.251775
46 0.251775
47 0.251775
48 0.251775
49 0.251775
50 0.251775
51 0.251775
52 0.251775
53 0.251775
54 0.251775
55 0.251775
56 0.251775
57 0.251775
58 0.251775
59 0.256509
60 0.256509
61 0.256509
62 0.256509
63 0.256509
64 0.256509
65 0.256509
66 0.256509
67 0.256509
68 0.256509
69 0.256509
70 0.256509
71 0.256509
72 0.256509
73 0.254142
74 0.254142
75 0.254142
76 0.254142
77 0.254142
78 0.254142
79 0.253698
80 0.255621
81 0.255621
82 0.255621
83 0.255621
84 0.255621
85 0.250444
86 0.250444
87 0.250444
88 0.250444
89 0.250444
90 0.250444
91 0.250444
92 0.250444
93 0.250444
94 0.250444
95 0.250444
96 0.250444
97 0.250444
98 0.250444
99 0.250444
100 0.250444
101 0.250444
102 0.250444
103 0.251183
104 0.251183
105 0.251183
106 0.251183
107 0.251183
108 0.251183
109 0.251183
110 0.249852
111 0.250888
112 0.250888
113 0.250888
114 0.250888
115 0.250888
116 0.250888
117 0.250888
118 0.250888
119 0.250888
120 0.250888
121 0.250888
122 0.250888
123 0.250888
124 0.250888
125 0.254586
126 0.254586
127 0.254586
128 0.254586
129 0.253846
130 0.253846
131 0.253846
132 0.251183
133 0.249408
134 0.249408
135 0.249408
136 0.249408
137 0.249408
138 0.249408
139 0.249408
140 0.249408
141 0.249408
142 0.249408
143 0.249408
144 0.249408
145 0.249408
146 0.249408
147 0.249408
148 0.248669
149 0.248669
150 0.248669
151 0.248669
152 0.248669
153 0.248669
154 0.248669
155 0.248669
156 0.248669
157 0.248669
158 0.248669
159 0.248669
160 0.248669
161 0.248669
162 0.248669
163 0.248669
164 0.248669
165 0.248669
166 0.248669
167 0.248669
168 0.248669
169 0.248669
170 0.248669
171 0.248669
172 0.248669
173 0.248669
174 0.248669
175 0.248817
176 0.248817
177 0.248817
178 0.248817
179 0.248817
180 0.248817
181 0.249408
182 0.249408
183 0.248817
184 0.248817
185 0.248077
186 0.248077
187 0.248077
188 0.248077
189 0.248077
190 0.249408
191 0.249408
