0 0
1 0.120359
2 0.150749
3 0.176796
4 0.177395
5 0.191617
6 0.191617
7 0.213772
8 0.216317
9 0.217615
10 0.225449
11 0.225449
12 0.231886
13 0.231886
14 0.231886
15 0.232635
16 0.233832
17 0.23488
18 0.243413
19 0.243413
20 0.243413
21 0.246557
22 0.250898
23 0.251048
24 0.251048
25 0.251048
26 0.251048
27 0.251048
28 0.251647
29 0.252246
30 0.252246
31 0.255689
32 0.255689
33 0.255689
34 0.256138
35 0.256138
36 0.256138
37 0.256138
38 0.256138
39 0.256138
40 0.256287
41 0.256287
42 0.256287
43 0.256287
44 0.256287
45 0.274251
46 0.274251
47 0.274251
48 0.274251
49 0.274251
50 0.274251
51 0.274251
52 0.274251
53 0.274401
54 0.274401
55 0.274401
56 0.274401
57 0.274401
58 0.274401
59 0.274401
60 0.274401
61 0.274401
62 0.274401
63 0.274401
64 0.274401
65 0.274401
66 0.274401
67 0.274401
68 0.274401
69 0.274401
70 0.275599
71 0.275599
72 0.275599
73 0.275599
74 0.275599
75 0.275599
76 0.275599
77 0.275599
78 0.275599
79 0.275749
80 0.275749
81 0.275749
82 0.275749
83 0.277582
84 0.278181
85 0.278181
86 0.278181
87 0.278181
88 0.278181
89 0.278181
90 0.278181
91 0.278181
92 0.278181
93 0.278181
94 0.278181
95 0.278181
96 0.278181
97 0.279042
98 0.279042
99 0.279042
100 0.279042
101 0.279042
102 0.279042
103 0.279042
104 0.279042
105 0.279042
106 0.279042
107 0.279042
108 0.279042
109 0.279042
110 0.279042
111 0.279042
112 0.279042
113 0.28024
114 0.28024
115 0.28024
116 0.28024
117 0.28024
118 0.28024
119 0.28024
120 0.281437
121 0.281437
122 0.281437
123 0.281437
124 0.281437
125 0.281886
126 0.281886
127 0.281886
128 0.281886
129 0.282186
130 0.282186
131 0.282186
132 0.282186
133 0.282186
134 0.282485
135 0.282784
136 0.282934
137 0.282934
138 0.282934
139 0.282934
140 0.282934
141 0.282934
142 0.282934
143 0.282934
144 0.283234
145 0.283234
146 0.283683
147 0.283683
148 0.283683
149 0.283683
150 0.283683
