0 0
1 0.160084
2 0.154202
3 0.156443
4 0.155882
5 0.154762
6 0.155322
7 0.154342
8 0.157283
9 0.160084
10 0.155322
11 0.159664
12 0.159244
13 0.157563
14 0.157563
15 0.169328
16 0.172969
17 0.165721
18 0.205182
19 0.205182
20 0.205182
21 0.214846
22 0.214846
23 0.247759
24 0.247479
25 0.247479
26 0.229132
27 0.238235
28 0.238235
29 0.238235
30 0.238235
31 0.238235
32 0.238235
33 0.238235
34 0.238235
35 0.238235
36 0.238235
37 0.238235
38 0.238235
39 0.238235
40 0.238235
41 0.238235
42 0.238235
43 0.238235
44 0.238235
45 0.238235
46 0.238235
47 0.238235
48 0.238235
49 0.238235
50 0.238235
51 0.238235
52 0.238235
53 0.238235
54 0.238235
55 0.238235
56 0.238235
57 0.238235
58 0.238235
59 0.238235
60 0.238235
61 0.238235
62 0.238235
63 0.238235
64 0.238235
65 0.238235
66 0.238235
67 0.238235
68 0.238235
69 0.238235
70 0.238235
71 0.238235
72 0.238235
73 0.238235
74 0.255229
75 0.255229
76 0.254809
77 0.254809
78 0.254809
79 0.254809
80 0.254809
81 0.255369
82 0.255369
83 0.255369
84 0.255369
85 0.255369
86 0.255369
87 0.255369
88 0.255649
89 0.259524
90 0.259524
91 0.259524
92 0.259524
93 0.259524
94 0.259524
95 0.259524
96 0.259524
97 0.259524
98 0.259524
99 0.256723
100 0.256723
101 0.256723
102 0.259104
103 0.259104
104 0.259104
105 0.258403
106 0.258403
107 0.258403
108 0.258403
109 0.258824
110 0.258824
111 0.258824
112 0.258824
113 0.258824
114 0.258824
115 0.258824
116 0.258824
117 0.258824
118 0.258824
119 0.258824
120 0.258824
121 0.258824
122 0.258824
123 0.258824
124 0.258824
125 0.258824
126 0.258824
127 0.258824
128 0.258824
129 0.258824
130 0.254062
131 0.254062
132 0.254062
133 0.254062
134 0.254062
135 0.254062
136 0.254062
137 0.254062
138 0.253361
139 0.254062
140 0.254062
141 0.254062
142 0.254062
143 0.253922
144 0.253922
145 0.253922
146 0.253922
147 0.253922
148 0.253922
149 0.253922
150 0.253922
151 0.253922
152 0.253922
153 0.253922
154 0.253922
155 0.253922
156 0.253922
157 0.253922
158 0.253922
159 0.253922
160 0.253922
161 0.253922
162 0.253922
163 0.254342
164 0.254342
165 0.254062
166 0.254062
167 0.254062
168 0.254062
169 0.254062
170 0.254062
171 0.252661
172 0.254062
173 0.254062
174 0.254062
175 0.254062
176 0.252941
177 0.252941
178 0.252941
179 0.253501
180 0.253501
181 0.253501
182 0.253501
183 0.253501
184 0.253922
185 0.253501
186 0.253501
187 0.253641
188 0.253641
189 0.253922
190 0.253922
191 0.254062
192 0.254062
193 0.254062
194 0.254062
195 0.254062
196 0.254062
197 0.254062
198 0.254062
199 0.254062
200 0.254062
201 0.254062
202 0.254062
203 0.254062
204 0.254062
205 0.254062
206 0.254062
207 0.254062
208 0.254062
209 0.254062
210 0.254062
211 0.254062
212 0.254062
213 0.254062
214 0.254062
215 0.254062
216 0.254062
