0 0
1 0.135852
2 0.122889
3 0.133148
4 0.130667
5 0.145074
6 0.146778
7 0.148519
8 0.147111
9 0.142222
10 0.152519
11 0.145407
12 0.14763
13 0.148296
14 0.152148
15 0.16763
16 0.16763
17 0.16763
18 0.166296
19 0.166296
20 0.181407
21 0.176
22 0.176
23 0.176
24 0.176
25 0.176
26 0.176
27 0.158593
28 0.158593
29 0.158593
30 0.165852
31 0.165852
32 0.166593
33 0.166593
34 0.165852
35 0.167481
36 0.16437
37 0.16437
38 0.16437
39 0.16437
40 0.16437
41 0.16437
42 0.163481
43 0.163481
44 0.165259
45 0.165259
46 0.165259
47 0.165259
48 0.164667
49 0.164667
50 0.164667
51 0.175185
52 0.175185
53 0.175185
54 0.173704
55 0.173704
56 0.173704
57 0.173704
58 0.173704
59 0.173704
60 0.177778
61 0.177778
62 0.177778
63 0.177778
64 0.18
65 0.18
66 0.18
67 0.18
68 0.18
69 0.18
70 0.18
71 0.18
72 0.18
73 0.18
74 0.18
75 0.18
76 0.18
77 0.18
78 0.18
79 0.18
80 0.18
81 0.18
82 0.18
83 0.18
84 0.18
85 0.18
86 0.180889
87 0.180889
88 0.180889
89 0.180889
90 0.180889
91 0.180889
92 0.180889
93 0.178667
94 0.178667
95 0.178667
96 0.178667
97 0.179111
98 0.179111
99 0.179111
100 0.179111
101 0.179111
102 0.179111
103 0.179556
104 0.179556
105 0.179556
106 0.179556
107 0.179556
108 0.180444
109 0.179556
110 0.179556
111 0.179556
112 0.179556
113 0.179556
114 0.175556
115 0.175556
116 0.175556
117 0.175556
118 0.175556
119 0.175556
120 0.175556
121 0.175556
122 0.175556
123 0.175556
124 0.175556
125 0.175556
126 0.175556
127 0.175556
128 0.175556
129 0.175556
130 0.175556
131 0.175556
132 0.175556
133 0.175556
134 0.175556
135 0.175556
136 0.175556
137 0.175556
138 0.175556
139 0.175556
140 0.175556
141 0.175556
142 0.175556
143 0.173778
144 0.173778
145 0.173778
146 0.173778
147 0.173778
148 0.173778
149 0.173778
150 0.173778
151 0.173778
152 0.174667
153 0.174667
154 0.173778
155 0.173778
156 0.173778
157 0.173778
158 0.173778
159 0.173778
