0 0
1 0.171108
2 0.171856
3 0.191617
4 0.191617
5 0.191617
6 0.236377
7 0.237126
8 0.244162
9 0.244162
10 0.244162
11 0.244162
12 0.247605
13 0.247605
14 0.247605
15 0.247605
16 0.248952
17 0.248952
18 0.253293
19 0.253293
20 0.253892
21 0.253892
22 0.253892
23 0.253892
24 0.253892
25 0.253892
26 0.253892
27 0.253892
28 0.253892
29 0.253892
30 0.253892
31 0.253892
32 0.253892
33 0.253892
34 0.253892
35 0.253892
36 0.253892
37 0.253892
38 0.253892
39 0.253892
40 0.253892
41 0.253892
42 0.253892
43 0.253892
44 0.253892
45 0.253892
46 0.253892
47 0.253892
48 0.253892
49 0.253892
50 0.253892
51 0.253892
52 0.253892
53 0.256587
54 0.256587
55 0.256587
56 0.256587
57 0.256587
58 0.256587
59 0.256587
60 0.256587
61 0.256587
62 0.274251
63 0.274251
64 0.274251
65 0.274251
66 0.274251
67 0.274251
68 0.274251
69 0.274251
70 0.274251
71 0.274251
72 0.274251
73 0.274251
74 0.274251
75 0.27485
76 0.27485
77 0.27485
78 0.27485
79 0.27485
80 0.27485
81 0.27485
82 0.27485
83 0.27485
84 0.27485
85 0.27485
86 0.27515
87 0.27515
88 0.27515
89 0.275299
90 0.275299
91 0.275299
92 0.275299
93 0.275299
94 0.275299
95 0.275299
96 0.275299
97 0.275449
98 0.275449
99 0.275449
100 0.275449
101 0.275449
102 0.275449
103 0.276347
104 0.276347
105 0.276347
106 0.276347
107 0.276347
108 0.276347
109 0.278743
110 0.278743
111 0.279042
112 0.279042
113 0.279042
114 0.279042
115 0.279042
116 0.279042
117 0.279042
118 0.279042
119 0.279192
120 0.279192
121 0.279192
122 0.279192
123 0.279192
124 0.279192
125 0.279192
126 0.279192
127 0.279192
128 0.279192
129 0.279192
130 0.279192
131 0.28024
132 0.28024
133 0.28024
134 0.28024
135 0.28024
136 0.28024
137 0.28024
138 0.28024
139 0.280689
140 0.280689
141 0.280689
142 0.280689
143 0.280689
144 0.280689
145 0.280689
146 0.280689
147 0.280689
148 0.280689
149 0.280689
150 0.280689
151 0.280838
152 0.280838
153 0.280838
154 0.280838
155 0.280838
156 0.280838
157 0.280838
158 0.280838
159 0.280838
160 0.280838
161 0.280838
162 0.280838
163 0.280838
164 0.280838
165 0.280838
166 0.280838
167 0.280838
168 0.280838
169 0.280838
170 0.280838
171 0.280838
172 0.280988
173 0.282186
174 0.282186
175 0.283683
