0 0
1 0.0724138
2 0.0896552
3 0.0801724
4 0.156897
5 0.130172
6 0.130172
7 0.177586
8 0.177586
9 0.155172
10 0.155172
11 0.155172
12 0.155172
13 0.181034
14 0.181034
15 0.181034
16 0.181034
17 0.181034
18 0.187069
19 0.206897
20 0.160345
21 0.160345
22 0.160345
23 0.166379
24 0.162931
25 0.162931
26 0.162931
27 0.167241
28 0.167241
29 0.171552
30 0.171552
31 0.171552
32 0.172414
33 0.172414
34 0.172414
35 0.172414
36 0.168966
37 0.168966
38 0.168966
39 0.167241
40 0.167241
41 0.168966
42 0.167241
43 0.167241
44 0.167241
45 0.167241
46 0.167241
47 0.167241
48 0.167241
49 0.167241
50 0.167241
51 0.167241
52 0.167241
53 0.167241
54 0.167241
55 0.169828
56 0.169828
57 0.169828
58 0.169828
59 0.169828
60 0.169828
61 0.167241
62 0.167241
63 0.167241
64 0.167241
65 0.167241
66 0.167241
67 0.167241
68 0.167241
69 0.167241
70 0.167241
71 0.167241
72 0.167241
73 0.167241
74 0.167241
75 0.167241
76 0.167241
77 0.167241
78 0.167241
79 0.167241
80 0.167241
81 0.167241
82 0.167241
83 0.167241
84 0.167241
85 0.167241
86 0.167241
87 0.167241
88 0.167241
89 0.167241
90 0.167241
91 0.167241
92 0.167241
93 0.167241
94 0.167241
95 0.167241
96 0.167241
97 0.167241
98 0.167241
99 0.167241
100 0.167241
101 0.167241
102 0.186207
103 0.186207
104 0.186207
105 0.186207
106 0.186207
107 0.186207
108 0.186207
109 0.181897
110 0.186207
111 0.186207
112 0.186207
113 0.186207
114 0.186207
115 0.186207
116 0.186207
117 0.186207
118 0.186207
119 0.186207
120 0.186207
121 0.186207
122 0.186207
123 0.186207
124 0.186207
125 0.186207
126 0.186207
127 0.186207
128 0.186207
129 0.186207
130 0.186207
131 0.186207
132 0.186207
133 0.186207
134 0.186207
135 0.186207
136 0.186207
137 0.186207
138 0.186207
139 0.186207
140 0.186207
141 0.186207
142 0.186207
143 0.186207
144 0.186207
145 0.186207
146 0.186207
147 0.186207
148 0.186207
149 0.186207
150 0.186207
151 0.186207
152 0.186207
153 0.186207
154 0.186207
155 0.186207
156 0.186207
157 0.186207
158 0.186207
159 0.186207
160 0.182759
161 0.182759
162 0.182759
163 0.182759
164 0.182759
165 0.182759
166 0.182759
167 0.182759
168 0.182759
169 0.182759
170 0.182759
171 0.182759
172 0.182759
173 0.187069
174 0.187069
175 0.187069
