0 0
1 0.158543
2 0.165826
3 0.16704
4 0.16334
5 0.219468
6 0.219468
7 0.219468
8 0.219468
9 0.218627
10 0.218627
11 0.247759
12 0.238282
13 0.238282
14 0.236601
15 0.236601
16 0.237021
17 0.237021
18 0.238235
19 0.238235
20 0.238235
21 0.238235
22 0.238235
23 0.236041
24 0.236041
25 0.248039
26 0.248039
27 0.246779
28 0.246779
29 0.246779
30 0.247899
31 0.247899
32 0.245658
33 0.247199
34 0.24972
35 0.246919
36 0.246919
37 0.246919
38 0.246919
39 0.246919
40 0.246919
41 0.246919
42 0.246218
43 0.246218
44 0.246218
45 0.246218
46 0.246218
47 0.246218
48 0.246218
49 0.246218
50 0.246218
51 0.246218
52 0.246218
53 0.246218
54 0.246218
55 0.246218
56 0.251961
57 0.251961
58 0.251961
59 0.253221
60 0.253221
61 0.253221
62 0.253221
63 0.253221
64 0.253221
65 0.253221
66 0.253221
67 0.254762
68 0.254062
69 0.254062
70 0.253081
71 0.252521
72 0.252521
73 0.253221
74 0.253221
75 0.253221
76 0.253221
77 0.253221
78 0.253221
79 0.253221
80 0.253221
81 0.253221
82 0.253221
83 0.253221
84 0.253221
85 0.253221
86 0.253221
87 0.252241
88 0.254062
89 0.254062
90 0.254062
91 0.254062
92 0.254062
93 0.254062
94 0.254062
95 0.254062
96 0.254062
97 0.254062
98 0.254062
99 0.254902
100 0.254902
101 0.254902
102 0.254902
103 0.254902
104 0.254902
105 0.254902
106 0.254902
107 0.254062
108 0.254062
109 0.254062
110 0.254062
111 0.254062
112 0.254062
113 0.254062
114 0.254062
115 0.254202
116 0.254202
117 0.254202
118 0.254202
119 0.254202
120 0.254202
121 0.252241
122 0.254202
123 0.254202
124 0.254202
125 0.254202
126 0.253922
127 0.253922
128 0.253922
129 0.253922
130 0.253922
131 0.252801
132 0.252801
133 0.252801
134 0.253361
135 0.253361
136 0.253361
137 0.253361
138 0.253361
139 0.253361
140 0.253361
141 0.253361
142 0.253361
143 0.253361
144 0.253361
145 0.253361
146 0.253361
147 0.253361
148 0.253361
149 0.253361
150 0.253361
151 0.253361
152 0.253361
153 0.253361
154 0.253361
155 0.253361
156 0.253361
