0 0
1 0.174194
2 0.232258
3 0.148387
4 0.174194
5 0.174194
6 0.174194
7 0.232258
8 0.232258
9 0.245161
10 0.23871
11 0.225806
12 0.283871
13 0.283871
14 0.309677
15 0.258065
16 0.258065
17 0.258065
18 0.258065
19 0.258065
20 0.258065
21 0.258065
22 0.258065
23 0.258065
24 0.258065
25 0.258065
26 0.258065
27 0.277419
28 0.277419
29 0.277419
30 0.277419
31 0.277419
32 0.277419
33 0.277419
34 0.277419
35 0.277419
36 0.277419
37 0.290323
38 0.290323
39 0.290323
40 0.290323
41 0.290323
42 0.290323
43 0.290323
44 0.290323
45 0.290323
46 0.290323
47 0.290323
48 0.290323
49 0.290323
50 0.290323
51 0.290323
52 0.290323
53 0.290323
54 0.290323
55 0.290323
56 0.290323
57 0.290323
58 0.290323
59 0.290323
60 0.290323
61 0.290323
62 0.258065
63 0.258065
64 0.258065
65 0.258065
66 0.258065
67 0.258065
68 0.258065
69 0.258065
70 0.258065
71 0.258065
72 0.258065
73 0.258065
74 0.258065
75 0.258065
76 0.258065
77 0.258065
78 0.258065
79 0.258065
80 0.258065
81 0.258065
82 0.258065
83 0.258065
84 0.258065
85 0.258065
86 0.258065
87 0.258065
88 0.258065
89 0.258065
90 0.258065
91 0.258065
92 0.277419
93 0.277419
94 0.277419
95 0.277419
96 0.277419
97 0.258065
98 0.258065
99 0.258065
100 0.258065
101 0.258065
102 0.258065
103 0.258065
104 0.258065
105 0.258065
106 0.258065
107 0.258065
108 0.258065
109 0.258065
110 0.258065
111 0.258065
112 0.258065
113 0.258065
114 0.258065
115 0.258065
116 0.258065
117 0.258065
118 0.258065
119 0.258065
120 0.258065
121 0.258065
122 0.258065
123 0.258065
124 0.258065
125 0.258065
126 0.277419
127 0.277419
128 0.277419
129 0.277419
130 0.277419
131 0.277419
132 0.277419
133 0.277419
134 0.277419
135 0.277419
136 0.277419
137 0.277419
138 0.277419
139 0.277419
140 0.277419
141 0.277419
142 0.277419
143 0.277419
144 0.277419
145 0.277419
146 0.277419
147 0.277419
148 0.277419
149 0.277419
150 0.277419
151 0.277419
152 0.277419
153 0.277419
154 0.277419
155 0.277419
156 0.277419
157 0.277419
158 0.277419
159 0.277419
160 0.277419
161 0.277419
162 0.277419
163 0.277419
164 0.277419
165 0.277419
166 0.277419
167 0.277419
168 0.277419
169 0.277419
170 0.277419
171 0.277419
172 0.277419
173 0.277419
174 0.277419
175 0.277419
176 0.277419
177 0.277419
178 0.277419
179 0.277419
180 0.277419
181 0.277419
182 0.277419
183 0.277419
184 0.277419
185 0.277419
