0 0
1 0.166916
2 0.170659
3 0.186228
4 0.186228
5 0.187425
6 0.187725
7 0.188623
8 0.189521
9 0.191467
10 0.191467
11 0.191916
12 0.216317
13 0.226198
14 0.226198
15 0.226198
16 0.226198
17 0.228443
18 0.236527
19 0.24521
20 0.24521
21 0.246108
22 0.251048
23 0.251048
24 0.251048
25 0.251048
26 0.251048
27 0.251048
28 0.251048
29 0.254641
30 0.254641
31 0.256138
32 0.256138
33 0.256138
34 0.256138
35 0.256138
36 0.256138
37 0.256138
38 0.256437
39 0.256437
40 0.256437
41 0.256437
42 0.257186
43 0.257186
44 0.257186
45 0.257485
46 0.257485
47 0.257485
48 0.257485
49 0.257485
50 0.257485
51 0.257485
52 0.257485
53 0.257485
54 0.257485
55 0.257485
56 0.257485
57 0.257485
58 0.257485
59 0.274701
60 0.274701
61 0.274701
62 0.274701
63 0.274701
64 0.274701
65 0.274701
66 0.274701
67 0.274701
68 0.274701
69 0.274701
70 0.274701
71 0.274701
72 0.274701
73 0.27485
74 0.27485
75 0.27485
76 0.27485
77 0.27485
78 0.27485
79 0.275299
80 0.275299
81 0.275299
82 0.275299
83 0.275299
84 0.275299
85 0.277695
86 0.277695
87 0.277695
88 0.277695
89 0.277695
90 0.277695
91 0.277695
92 0.277695
93 0.277695
94 0.277695
95 0.277695
96 0.277695
97 0.277695
98 0.277695
99 0.277695
100 0.277695
101 0.277695
102 0.277695
103 0.278443
104 0.278443
105 0.278443
106 0.278443
107 0.278443
108 0.278443
109 0.278443
110 0.278443
111 0.278743
112 0.278743
113 0.278743
114 0.278743
115 0.278743
116 0.278743
117 0.278743
118 0.278743
119 0.278743
120 0.278743
121 0.278743
122 0.278743
123 0.278743
124 0.278743
125 0.278892
126 0.278892
127 0.278892
128 0.278892
129 0.278892
130 0.278892
131 0.278892
132 0.279042
133 0.279192
134 0.279192
135 0.279192
136 0.279192
137 0.279192
138 0.279192
139 0.279192
140 0.279192
141 0.279192
142 0.279192
143 0.279192
144 0.279192
145 0.279192
146 0.279192
147 0.279192
148 0.279341
149 0.279341
150 0.279341
151 0.279341
152 0.279341
153 0.279341
154 0.279341
155 0.279641
156 0.279641
157 0.279641
158 0.279641
159 0.279641
160 0.279641
161 0.279641
162 0.279641
163 0.279641
164 0.279641
165 0.279641
166 0.279641
167 0.279641
168 0.279641
169 0.279641
170 0.279641
171 0.279641
172 0.279641
173 0.279641
174 0.279641
175 0.281437
176 0.281437
177 0.281437
178 0.281437
179 0.281437
180 0.281437
181 0.281437
182 0.281437
183 0.281437
184 0.281437
185 0.281737
186 0.281737
187 0.281737
188 0.281737
189 0.281737
190 0.281886
191 0.281886
