0 0
1 0.168563
2 0.191916
3 0.191916
4 0.193862
5 0.213323
6 0.231138
7 0.231138
8 0.231138
9 0.231138
10 0.231138
11 0.231138
12 0.231138
13 0.231138
14 0.23488
15 0.23488
16 0.236078
17 0.236377
18 0.236826
19 0.237425
20 0.238174
21 0.243862
22 0.243862
23 0.244611
24 0.244611
25 0.245808
26 0.249102
27 0.249701
28 0.250449
29 0.250449
30 0.250449
31 0.250449
32 0.250449
33 0.250449
34 0.253892
35 0.253892
36 0.253892
37 0.253892
38 0.253892
39 0.253892
40 0.253892
41 0.253892
42 0.253892
43 0.253892
44 0.253892
45 0.253892
46 0.253892
47 0.253892
48 0.253892
49 0.253892
50 0.253892
51 0.253892
52 0.253892
53 0.253892
54 0.253892
55 0.253892
56 0.253892
57 0.253892
58 0.253892
59 0.253892
60 0.253892
61 0.253892
62 0.253892
63 0.253892
64 0.253892
65 0.253892
66 0.253892
67 0.253892
68 0.253892
69 0.253892
70 0.253892
71 0.253892
72 0.253892
73 0.253892
74 0.253892
75 0.253892
76 0.253892
77 0.253892
78 0.253892
79 0.253892
80 0.273204
81 0.273204
82 0.273204
83 0.273204
84 0.273204
85 0.273204
86 0.273204
87 0.273204
88 0.273204
89 0.273503
90 0.273503
91 0.273503
92 0.273653
93 0.276647
94 0.276647
95 0.276647
96 0.276647
97 0.276647
98 0.277545
99 0.277545
100 0.277545
101 0.277545
102 0.277695
103 0.277695
104 0.277695
105 0.277695
106 0.277695
107 0.277695
108 0.277695
109 0.277695
110 0.277695
111 0.277695
112 0.277695
113 0.277695
114 0.277695
115 0.277695
116 0.278144
117 0.278293
118 0.278293
119 0.278293
120 0.278293
121 0.278293
122 0.278293
123 0.278293
124 0.278443
125 0.278443
126 0.278443
127 0.278593
128 0.278593
129 0.278593
130 0.278593
131 0.278593
132 0.278593
133 0.278593
134 0.278593
135 0.278593
136 0.278593
137 0.278593
138 0.278593
139 0.278593
140 0.278593
141 0.278743
142 0.278743
143 0.278743
144 0.278743
145 0.278743
146 0.278892
147 0.278892
148 0.278892
149 0.278892
150 0.278892
151 0.278892
152 0.279192
153 0.279192
154 0.279192
155 0.279192
156 0.279192
157 0.279192
158 0.279192
159 0.279192
160 0.279192
161 0.279192
162 0.279192
163 0.279192
164 0.279491
165 0.279491
166 0.279491
167 0.279491
168 0.279491
169 0.279491
170 0.279491
171 0.279491
172 0.27979
173 0.27979
174 0.27979
175 0.27979
176 0.27979
177 0.27979
178 0.27979
179 0.27979
180 0.28009
181 0.28009
182 0.28009
183 0.28009
184 0.28009
185 0.28009
186 0.28009
187 0.28009
188 0.28009
189 0.28009
190 0.280389
191 0.280389
192 0.280389
