0 0
1 0.135662
2 0.209926
3 0.208824
4 0.217279
5 0.217279
6 0.217279
7 0.236397
8 0.239706
9 0.241176
10 0.228125
11 0.228125
12 0.228125
13 0.232904
14 0.232904
15 0.232904
16 0.232904
17 0.232904
18 0.232904
19 0.232904
20 0.23364
21 0.23364
22 0.23364
23 0.23364
24 0.23364
25 0.23364
26 0.23364
27 0.232721
28 0.232721
29 0.232721
30 0.232721
31 0.232721
32 0.232721
33 0.232721
34 0.232721
35 0.221324
36 0.221324
37 0.221324
38 0.221324
39 0.218566
40 0.218566
41 0.218566
42 0.218566
43 0.221324
44 0.221324
45 0.221324
46 0.221324
47 0.221324
48 0.216728
49 0.240993
50 0.240993
51 0.240993
52 0.240993
53 0.240993
54 0.240993
55 0.23989
56 0.23989
57 0.241912
58 0.241912
59 0.241912
60 0.241912
61 0.241912
62 0.241912
63 0.241912
64 0.241912
65 0.241912
66 0.241912
67 0.24136
68 0.24136
69 0.241176
70 0.241176
71 0.241176
72 0.241176
73 0.240257
74 0.236029
75 0.236029
76 0.236029
77 0.236029
78 0.236029
79 0.236029
80 0.236029
81 0.236029
82 0.236029
83 0.240993
84 0.240993
85 0.240993
86 0.240993
87 0.240993
88 0.240993
89 0.240993
90 0.240993
91 0.240993
92 0.240993
93 0.23511
94 0.23511
95 0.23511
96 0.23511
97 0.23511
98 0.235478
99 0.235478
100 0.235478
101 0.235478
102 0.235478
103 0.235478
104 0.235478
105 0.235478
106 0.235478
107 0.23511
108 0.23511
109 0.23511
110 0.23511
111 0.23511
112 0.23511
113 0.23511
114 0.23511
115 0.23511
116 0.23511
117 0.23511
118 0.23511
119 0.23511
120 0.23511
121 0.236397
122 0.236397
123 0.236397
124 0.236397
125 0.236397
126 0.236397
127 0.236397
128 0.236397
129 0.238971
130 0.238971
131 0.236397
132 0.236397
133 0.236397
134 0.236397
135 0.236397
136 0.236397
137 0.236397
138 0.236397
139 0.238971
140 0.238971
141 0.238971
142 0.238603
143 0.238603
144 0.238603
145 0.238603
146 0.238603
147 0.238603
148 0.238603
149 0.238603
150 0.238051
