0 0
1 0.0850492
2 0.0925435
3 0.188759
4 0.205148
5 0.205148
6 0.205148
7 0.205148
8 0.221007
9 0.221007
10 0.221007
11 0.221007
12 0.221764
13 0.22131
14 0.22131
15 0.238115
16 0.237396
17 0.237396
18 0.237396
19 0.237396
20 0.238759
21 0.238759
22 0.239364
23 0.239364
24 0.239364
25 0.239364
26 0.239364
27 0.239364
28 0.239364
29 0.239364
30 0.239364
31 0.239364
32 0.239364
33 0.239364
34 0.239364
35 0.239364
36 0.239364
37 0.239364
38 0.239364
39 0.239364
40 0.239364
41 0.239667
42 0.240424
43 0.240424
44 0.239061
45 0.240424
46 0.239818
47 0.242808
48 0.242808
49 0.242808
50 0.242808
51 0.242808
52 0.242808
53 0.242354
54 0.242354
55 0.242354
56 0.242354
57 0.242354
58 0.242354
59 0.242354
60 0.242354
61 0.242354
62 0.260409
63 0.260409
64 0.260409
65 0.260409
66 0.260409
67 0.260409
68 0.260409
69 0.262074
70 0.262074
71 0.262074
72 0.262074
73 0.262074
74 0.262074
75 0.262074
76 0.262074
77 0.262074
78 0.262074
79 0.262074
80 0.262074
81 0.262074
82 0.262074
83 0.262074
84 0.262074
85 0.262074
86 0.262074
87 0.262074
88 0.262074
89 0.261771
90 0.261771
91 0.261771
92 0.261771
93 0.261771
94 0.261771
95 0.261923
96 0.261923
97 0.261923
98 0.261923
99 0.261923
100 0.261923
101 0.261923
102 0.263437
103 0.263437
104 0.263437
105 0.263437
106 0.263437
107 0.263437
108 0.263437
109 0.263437
110 0.261923
111 0.261923
112 0.261923
113 0.261923
114 0.261923
115 0.261923
116 0.261923
117 0.262226
118 0.262226
119 0.262226
120 0.262226
121 0.262377
122 0.262377
123 0.262377
124 0.262377
125 0.262377
126 0.262377
127 0.262377
128 0.262377
129 0.262377
130 0.26162
131 0.26162
132 0.260712
133 0.260712
134 0.260712
135 0.260712
136 0.260712
137 0.260712
138 0.261166
139 0.261166
140 0.261166
141 0.261166
142 0.261166
143 0.261166
144 0.261166
145 0.261923
146 0.261923
147 0.261771
148 0.261923
149 0.261923
150 0.261923
151 0.261923
152 0.259652
153 0.259652
154 0.259652
