0 0
1 0.135846
2 0.138419
3 0.19375
4 0.19375
5 0.19375
6 0.183272
7 0.184191
8 0.229963
9 0.229963
10 0.229963
11 0.229963
12 0.229412
13 0.229412
14 0.229412
15 0.229412
16 0.200919
17 0.200919
18 0.22886
19 0.22886
20 0.238051
21 0.238051
22 0.238051
23 0.238051
24 0.238051
25 0.238051
26 0.238051
27 0.238051
28 0.238051
29 0.238051
30 0.238051
31 0.238051
32 0.238051
33 0.238051
34 0.238051
35 0.238051
36 0.238051
37 0.238051
38 0.238051
39 0.238051
40 0.238051
41 0.238051
42 0.238051
43 0.238051
44 0.238051
45 0.238051
46 0.238051
47 0.238051
48 0.238051
49 0.238051
50 0.238051
51 0.238051
52 0.238051
53 0.231985
54 0.231985
55 0.231985
56 0.231985
57 0.231985
58 0.231985
59 0.231985
60 0.231985
61 0.231985
62 0.218199
63 0.218199
64 0.218199
65 0.218199
66 0.218199
67 0.218199
68 0.218199
69 0.218199
70 0.218199
71 0.218199
72 0.218199
73 0.218199
74 0.218199
75 0.23989
76 0.23989
77 0.23989
78 0.23989
79 0.23989
80 0.23989
81 0.23989
82 0.23989
83 0.23989
84 0.23989
85 0.238235
86 0.241176
87 0.241176
88 0.241176
89 0.240441
90 0.240441
91 0.240441
92 0.240441
93 0.240441
94 0.240441
95 0.240441
96 0.240441
97 0.241728
98 0.241728
99 0.240257
100 0.240257
101 0.240257
102 0.240257
103 0.218199
104 0.218199
105 0.218199
106 0.218199
107 0.218199
108 0.218199
109 0.236949
110 0.236949
111 0.236949
112 0.236949
113 0.236949
114 0.236949
115 0.236949
116 0.236949
117 0.236949
118 0.236949
119 0.236949
120 0.236949
121 0.236949
122 0.236949
123 0.236949
124 0.236949
125 0.236949
126 0.236949
127 0.236949
128 0.236949
129 0.236949
130 0.236949
131 0.238971
132 0.238971
133 0.238971
134 0.238971
135 0.238971
136 0.238971
137 0.238971
138 0.238971
139 0.236397
140 0.236397
141 0.236397
142 0.236397
143 0.236397
144 0.236397
145 0.236397
146 0.236397
147 0.236397
148 0.236397
149 0.236397
150 0.236397
151 0.238971
152 0.238971
153 0.238971
154 0.238971
155 0.238971
156 0.236397
157 0.236397
158 0.236397
159 0.236397
160 0.236397
161 0.236397
162 0.236397
163 0.236397
164 0.236397
165 0.236397
166 0.236397
167 0.236397
168 0.236397
169 0.236397
170 0.236397
171 0.236397
172 0.236397
173 0.238603
174 0.238603
175 0.233088
