0 0
1 0.157154
2 0.189705
3 0.172104
4 0.1757
5 0.2324
6 0.2324
7 0.2324
8 0.2324
9 0.228766
10 0.228766
11 0.25299
12 0.242051
13 0.242051
14 0.240083
15 0.240083
16 0.240386
17 0.240386
18 0.242089
19 0.242089
20 0.242089
21 0.242089
22 0.242089
23 0.240386
24 0.240992
25 0.256624
26 0.256624
27 0.256775
28 0.256775
29 0.256775
30 0.255867
31 0.255867
32 0.256624
33 0.258289
34 0.258743
35 0.253899
36 0.253899
37 0.253899
38 0.253899
39 0.253899
40 0.253899
41 0.253899
42 0.254807
43 0.254807
44 0.254807
45 0.254807
46 0.254807
47 0.254807
48 0.254807
49 0.254807
50 0.254807
51 0.254807
52 0.254807
53 0.254807
54 0.254807
55 0.254807
56 0.258895
57 0.258895
58 0.258895
59 0.262074
60 0.262226
61 0.262226
62 0.262226
63 0.262226
64 0.262226
65 0.262226
66 0.262226
67 0.264345
68 0.264345
69 0.264345
70 0.259046
71 0.2595
72 0.2595
73 0.260409
74 0.259803
75 0.259803
76 0.259803
77 0.259803
78 0.259803
79 0.259803
80 0.259803
81 0.259803
82 0.259803
83 0.259803
84 0.259803
85 0.259803
86 0.259803
87 0.259349
88 0.26268
89 0.26268
90 0.262528
91 0.262528
92 0.262528
93 0.262528
94 0.262528
95 0.26268
96 0.26268
97 0.26268
98 0.26268
99 0.263134
100 0.263134
101 0.263134
102 0.263134
103 0.263134
104 0.263134
105 0.263134
106 0.263134
107 0.261317
108 0.261317
109 0.261317
110 0.261317
111 0.261317
112 0.261317
113 0.261317
114 0.261317
115 0.261317
116 0.261317
117 0.261317
118 0.261317
119 0.261317
120 0.261317
121 0.260863
122 0.261923
123 0.261923
124 0.261923
125 0.261923
126 0.260409
127 0.260409
128 0.260409
129 0.260409
130 0.260409
131 0.263285
132 0.263285
133 0.263285
134 0.262226
135 0.262226
136 0.262074
137 0.262074
138 0.262074
139 0.262074
140 0.262074
141 0.262074
142 0.262074
143 0.262074
144 0.262074
145 0.262074
146 0.262074
147 0.262074
148 0.262074
149 0.262226
150 0.262226
151 0.262074
152 0.262074
153 0.262074
154 0.262074
155 0.262074
156 0.262074
