0 0
1 0.148387
2 0.148387
3 0.206452
4 0.174194
5 0.232258
6 0.232258
7 0.251613
8 0.277419
9 0.245161
10 0.245161
11 0.212903
12 0.277419
13 0.277419
14 0.277419
15 0.277419
16 0.264516
17 0.264516
18 0.270968
19 0.270968
20 0.270968
21 0.277419
22 0.225806
23 0.322581
24 0.322581
25 0.322581
26 0.322581
27 0.322581
28 0.225806
29 0.245161
30 0.245161
31 0.277419
32 0.277419
33 0.277419
34 0.258065
35 0.258065
36 0.258065
37 0.258065
38 0.258065
39 0.258065
40 0.277419
41 0.277419
42 0.277419
43 0.277419
44 0.277419
45 0.290323
46 0.290323
47 0.290323
48 0.290323
49 0.290323
50 0.290323
51 0.290323
52 0.290323
53 0.258065
54 0.258065
55 0.258065
56 0.258065
57 0.258065
58 0.258065
59 0.258065
60 0.258065
61 0.258065
62 0.258065
63 0.258065
64 0.258065
65 0.258065
66 0.258065
67 0.258065
68 0.258065
69 0.258065
70 0.258065
71 0.258065
72 0.258065
73 0.258065
74 0.258065
75 0.258065
76 0.258065
77 0.258065
78 0.258065
79 0.258065
80 0.258065
81 0.258065
82 0.258065
83 0.277419
84 0.277419
85 0.277419
86 0.277419
87 0.277419
88 0.277419
89 0.277419
90 0.277419
91 0.277419
92 0.277419
93 0.277419
94 0.277419
95 0.277419
96 0.277419
97 0.277419
98 0.277419
99 0.277419
100 0.277419
101 0.277419
102 0.277419
103 0.277419
104 0.277419
105 0.277419
106 0.277419
107 0.277419
108 0.277419
109 0.277419
110 0.277419
111 0.277419
112 0.277419
113 0.277419
114 0.277419
115 0.277419
116 0.277419
117 0.277419
118 0.277419
119 0.277419
120 0.277419
121 0.277419
122 0.277419
123 0.277419
124 0.277419
125 0.277419
126 0.277419
127 0.277419
128 0.277419
129 0.277419
130 0.277419
131 0.277419
132 0.277419
133 0.277419
134 0.277419
135 0.277419
136 0.277419
137 0.277419
138 0.277419
139 0.277419
140 0.277419
141 0.277419
142 0.277419
143 0.277419
144 0.277419
145 0.277419
146 0.277419
147 0.277419
148 0.277419
149 0.277419
150 0.277419
