0 0
1 0.087931
2 0.0887931
3 0.0965517
4 0.0965517
5 0.0965517
6 0.139655
7 0.139655
8 0.178448
9 0.178448
10 0.178448
11 0.178448
12 0.156897
13 0.156897
14 0.156897
15 0.156897
16 0.161207
17 0.161207
18 0.164655
19 0.164655
20 0.160345
21 0.160345
22 0.160345
23 0.160345
24 0.160345
25 0.160345
26 0.160345
27 0.160345
28 0.160345
29 0.160345
30 0.160345
31 0.160345
32 0.160345
33 0.160345
34 0.160345
35 0.160345
36 0.160345
37 0.160345
38 0.160345
39 0.160345
40 0.160345
41 0.160345
42 0.160345
43 0.160345
44 0.160345
45 0.160345
46 0.160345
47 0.160345
48 0.160345
49 0.160345
50 0.160345
51 0.160345
52 0.160345
53 0.144828
54 0.144828
55 0.144828
56 0.144828
57 0.144828
58 0.144828
59 0.144828
60 0.144828
61 0.144828
62 0.161207
63 0.161207
64 0.161207
65 0.161207
66 0.161207
67 0.161207
68 0.161207
69 0.161207
70 0.161207
71 0.161207
72 0.161207
73 0.161207
74 0.161207
75 0.172414
76 0.172414
77 0.172414
78 0.172414
79 0.172414
80 0.172414
81 0.172414
82 0.172414
83 0.172414
84 0.172414
85 0.168966
86 0.172414
87 0.172414
88 0.172414
89 0.172414
90 0.172414
91 0.172414
92 0.172414
93 0.172414
94 0.172414
95 0.172414
96 0.172414
97 0.172414
98 0.172414
99 0.172414
100 0.172414
101 0.172414
102 0.172414
103 0.159483
104 0.159483
105 0.159483
106 0.159483
107 0.159483
108 0.159483
109 0.187069
110 0.187069
111 0.187069
112 0.187069
113 0.187069
114 0.187069
115 0.187069
116 0.187069
117 0.187069
118 0.187069
119 0.187069
120 0.187069
121 0.187069
122 0.187069
123 0.187069
124 0.187069
125 0.187069
126 0.187069
127 0.187069
128 0.187069
129 0.187069
130 0.187069
131 0.186207
132 0.186207
133 0.186207
134 0.186207
135 0.186207
136 0.186207
137 0.186207
138 0.186207
139 0.185345
140 0.185345
141 0.185345
142 0.185345
143 0.185345
144 0.185345
145 0.185345
146 0.185345
147 0.185345
148 0.185345
149 0.185345
150 0.185345
151 0.188793
152 0.188793
153 0.188793
154 0.188793
155 0.188793
156 0.185345
157 0.185345
158 0.185345
159 0.185345
160 0.185345
161 0.185345
162 0.185345
163 0.185345
164 0.185345
165 0.185345
166 0.185345
167 0.185345
168 0.185345
169 0.185345
170 0.185345
171 0.185345
172 0.185345
173 0.182759
174 0.182759
175 0.182759
