0 0
1 0.156548
2 0.159273
3 0.159122
4 0.158668
5 0.157305
6 0.160939
7 0.158062
8 0.158516
9 0.158668
10 0.158062
11 0.160636
12 0.156699
13 0.160484
14 0.160182
15 0.176382
16 0.180772
17 0.174981
18 0.22165
19 0.22165
20 0.22165
21 0.224375
22 0.224375
23 0.231794
24 0.231794
25 0.231794
26 0.239364
27 0.242089
28 0.242089
29 0.242089
30 0.242089
31 0.242089
32 0.242089
33 0.242089
34 0.242089
35 0.242089
36 0.242089
37 0.242089
38 0.242089
39 0.242089
40 0.242089
41 0.242089
42 0.242089
43 0.242089
44 0.242089
45 0.242089
46 0.242089
47 0.242089
48 0.242089
49 0.242089
50 0.242089
51 0.242089
52 0.242089
53 0.242089
54 0.242089
55 0.242089
56 0.242089
57 0.242089
58 0.242089
59 0.242089
60 0.242089
61 0.242089
62 0.242089
63 0.242089
64 0.242089
65 0.242089
66 0.242089
67 0.242089
68 0.242089
69 0.242089
70 0.242089
71 0.242089
72 0.242089
73 0.242089
74 0.257646
75 0.257646
76 0.257797
77 0.257797
78 0.257797
79 0.257797
80 0.257797
81 0.257797
82 0.257797
83 0.257797
84 0.257797
85 0.257797
86 0.257797
87 0.257797
88 0.2581
89 0.260712
90 0.260712
91 0.260712
92 0.260712
93 0.260712
94 0.260712
95 0.260712
96 0.260712
97 0.260712
98 0.260712
99 0.258592
100 0.258592
101 0.258592
102 0.259349
103 0.259349
104 0.259349
105 0.261166
106 0.261166
107 0.261166
108 0.261166
109 0.262074
110 0.262074
111 0.262074
112 0.262074
113 0.262074
114 0.262074
115 0.262074
116 0.262074
117 0.263134
118 0.263134
119 0.263134
120 0.263134
121 0.263134
122 0.263134
123 0.263134
124 0.263134
125 0.263134
126 0.263134
127 0.263134
128 0.263134
129 0.263134
130 0.262528
131 0.262528
132 0.262528
133 0.262528
134 0.262528
135 0.262528
136 0.262528
137 0.262528
138 0.262528
139 0.262528
140 0.262074
141 0.262074
142 0.262074
143 0.261469
144 0.261469
145 0.261923
146 0.261923
147 0.261923
148 0.261923
149 0.261923
150 0.261923
151 0.261923
152 0.261923
153 0.261923
154 0.261923
155 0.261923
156 0.261923
157 0.261923
158 0.261923
159 0.261923
160 0.261923
161 0.261923
162 0.261923
163 0.262226
164 0.262226
165 0.261771
166 0.261771
167 0.261771
168 0.261771
169 0.261771
170 0.261771
171 0.260106
172 0.261771
173 0.261771
174 0.261771
175 0.261771
176 0.261469
177 0.261469
178 0.261469
179 0.262074
180 0.262074
181 0.262074
182 0.262074
183 0.262074
184 0.262074
185 0.261923
186 0.261923
187 0.262528
188 0.262528
189 0.262074
190 0.262074
191 0.261771
192 0.261771
193 0.261771
194 0.261771
195 0.261771
196 0.261771
197 0.261771
198 0.261771
199 0.261771
200 0.261771
201 0.261771
202 0.261771
203 0.261771
204 0.261771
205 0.261771
206 0.261771
207 0.261771
208 0.261771
209 0.261014
210 0.261771
211 0.261771
212 0.261771
213 0.261771
214 0.262226
215 0.262226
216 0.262226
