0 0
1 0.155182
2 0.154902
3 0.165219
4 0.175117
5 0.175257
6 0.175397
7 0.180672
8 0.186788
9 0.20503
10 0.232633
11 0.235387
12 0.229785
13 0.230847
14 0.241643
15 0.241036
16 0.241036
17 0.241036
18 0.241036
19 0.241036
20 0.241036
21 0.241036
22 0.241036
23 0.241036
24 0.241036
25 0.241036
26 0.241036
27 0.238235
28 0.238235
29 0.238235
30 0.238235
31 0.238235
32 0.238235
33 0.238235
34 0.238235
35 0.238235
36 0.238235
37 0.242577
38 0.242577
39 0.242577
40 0.241457
41 0.241457
42 0.244538
43 0.245938
44 0.245938
45 0.245938
46 0.245938
47 0.245938
48 0.245938
49 0.246218
50 0.246218
51 0.246218
52 0.246218
53 0.246218
54 0.246218
55 0.246218
56 0.246218
57 0.246218
58 0.246218
59 0.246218
60 0.246218
61 0.246218
62 0.247339
63 0.247339
64 0.247339
65 0.247339
66 0.247339
67 0.247339
68 0.247339
69 0.247339
70 0.247339
71 0.247339
72 0.247339
73 0.247339
74 0.244398
75 0.244398
76 0.246499
77 0.246499
78 0.246499
79 0.246499
80 0.246499
81 0.246499
82 0.246499
83 0.246499
84 0.246499
85 0.246499
86 0.246499
87 0.246499
88 0.246499
89 0.246499
90 0.246499
91 0.246499
92 0.256723
93 0.256723
94 0.256723
95 0.256723
96 0.256723
97 0.246078
98 0.246078
99 0.246499
100 0.246499
101 0.246499
102 0.246499
103 0.246499
104 0.246499
105 0.246499
106 0.246499
107 0.246499
108 0.246499
109 0.246499
110 0.246499
111 0.246499
112 0.246499
113 0.246499
114 0.246499
115 0.246499
116 0.246499
117 0.246499
118 0.246499
119 0.246499
120 0.246499
121 0.246499
122 0.246499
123 0.246499
124 0.246499
125 0.246499
126 0.253922
127 0.253922
128 0.253922
129 0.253922
130 0.253922
131 0.253922
132 0.253922
133 0.253922
134 0.253922
135 0.253922
136 0.253922
137 0.253922
138 0.253922
139 0.253922
140 0.253922
141 0.253922
142 0.253922
143 0.253922
144 0.253922
145 0.253922
146 0.254062
147 0.254062
148 0.254062
149 0.254062
150 0.254062
151 0.254062
152 0.254062
153 0.254062
154 0.254062
155 0.253361
156 0.253361
157 0.253361
158 0.253361
159 0.253361
160 0.253361
161 0.253361
162 0.253361
163 0.253361
164 0.255462
165 0.255462
166 0.255462
167 0.255462
168 0.255462
169 0.253361
170 0.253361
171 0.253361
172 0.254062
173 0.254062
174 0.254062
175 0.253221
176 0.254062
177 0.254062
178 0.254062
179 0.254062
180 0.254062
181 0.254062
182 0.254062
183 0.254062
184 0.254062
185 0.254062
186 0.254622
