0 0
1 0.139122
2 0.156723
3 0.156303
4 0.156443
5 0.171475
6 0.204108
7 0.205182
8 0.205182
9 0.205182
10 0.205182
11 0.205182
12 0.212512
13 0.22577
14 0.22493
15 0.244258
16 0.244258
17 0.245518
18 0.240756
19 0.240756
20 0.240756
21 0.240756
22 0.240756
23 0.240756
24 0.240756
25 0.240756
26 0.242297
27 0.242297
28 0.242297
29 0.242577
30 0.242577
31 0.242577
32 0.242577
33 0.242577
34 0.242437
35 0.242437
36 0.241597
37 0.243697
38 0.242157
39 0.242437
40 0.242437
41 0.243697
42 0.243697
43 0.242577
44 0.242577
45 0.242577
46 0.242577
47 0.247339
48 0.247339
49 0.247339
50 0.247339
51 0.247339
52 0.247339
53 0.247339
54 0.248039
55 0.248039
56 0.248039
57 0.24986
58 0.24986
59 0.260084
60 0.260084
61 0.260084
62 0.260084
63 0.260084
64 0.260084
65 0.259244
66 0.259244
67 0.259944
68 0.259384
69 0.258683
70 0.258683
71 0.260224
72 0.254062
73 0.254062
74 0.254062
75 0.254062
76 0.254202
77 0.254202
78 0.254202
79 0.254202
80 0.254202
81 0.254202
82 0.254202
83 0.254202
84 0.254202
85 0.254202
86 0.254202
87 0.254202
88 0.254202
89 0.254202
90 0.254202
91 0.254202
92 0.254622
93 0.254622
94 0.254622
95 0.254622
96 0.254622
97 0.25084
98 0.255322
99 0.25084
100 0.25084
101 0.25084
102 0.25084
103 0.25084
104 0.25084
105 0.25084
106 0.25084
107 0.25084
108 0.25084
109 0.25084
110 0.25084
111 0.25084
112 0.25084
113 0.25084
114 0.25084
115 0.25084
116 0.25084
117 0.25084
118 0.25084
119 0.25084
120 0.25084
121 0.25084
122 0.25084
123 0.25084
124 0.25084
125 0.25084
126 0.25084
127 0.25084
128 0.25084
129 0.25084
130 0.25084
131 0.25084
132 0.25084
133 0.25084
134 0.25084
135 0.25084
136 0.25084
137 0.251541
138 0.251541
139 0.251541
140 0.251541
141 0.251541
142 0.251541
143 0.251541
144 0.251541
145 0.251541
146 0.251541
147 0.254202
148 0.254202
149 0.254202
150 0.254202
151 0.254202
152 0.254202
153 0.254202
154 0.254202
155 0.254202
156 0.254202
157 0.254202
158 0.254202
159 0.254202
160 0.254062
161 0.254062
162 0.254062
163 0.254202
164 0.254202
165 0.254202
166 0.254202
167 0.254062
168 0.254062
169 0.254062
170 0.254062
171 0.254062
172 0.254062
173 0.254062
174 0.254062
175 0.254062
176 0.254062
177 0.254062
178 0.254062
179 0.254062
