0 0
1 0.0660504
2 0.0467227
3 0.168739
4 0.155798
5 0.155798
6 0.155798
7 0.155798
8 0.208739
9 0.208739
10 0.208739
11 0.208739
12 0.211597
13 0.211597
14 0.211597
15 0.226555
16 0.222521
17 0.222521
18 0.222521
19 0.222521
20 0.226555
21 0.226555
22 0.227227
23 0.227227
24 0.227227
25 0.227227
26 0.227227
27 0.227227
28 0.227227
29 0.227227
30 0.227227
31 0.227227
32 0.227227
33 0.227227
34 0.227227
35 0.227227
36 0.227227
37 0.227227
38 0.227227
39 0.227227
40 0.227227
41 0.227227
42 0.228067
43 0.228067
44 0.227227
45 0.228067
46 0.225882
47 0.22
48 0.22
49 0.22
50 0.22
51 0.22
52 0.22
53 0.221345
54 0.221345
55 0.221345
56 0.221345
57 0.221345
58 0.221345
59 0.221345
60 0.221345
61 0.221345
62 0.246387
63 0.246387
64 0.246387
65 0.246387
66 0.246387
67 0.246387
68 0.246387
69 0.24521
70 0.24521
71 0.24521
72 0.24521
73 0.24521
74 0.24521
75 0.24521
76 0.24521
77 0.24605
78 0.24521
79 0.24521
80 0.24521
81 0.24521
82 0.24521
83 0.24521
84 0.24521
85 0.24521
86 0.24521
87 0.24521
88 0.24521
89 0.244706
90 0.244706
91 0.244706
92 0.244706
93 0.244706
94 0.244706
95 0.247059
96 0.247059
97 0.247059
98 0.247059
99 0.247059
100 0.247059
101 0.247059
102 0.247899
103 0.247899
104 0.247899
105 0.247899
106 0.247899
107 0.247899
108 0.247899
109 0.247899
110 0.247059
111 0.247059
112 0.247059
113 0.247059
114 0.247059
115 0.247059
116 0.247059
117 0.243025
118 0.243025
119 0.243025
120 0.243025
121 0.243361
122 0.243361
123 0.243361
124 0.243361
125 0.243361
126 0.243361
127 0.243361
128 0.243361
129 0.243361
130 0.243361
131 0.243361
132 0.244034
133 0.244034
134 0.244034
135 0.244034
136 0.244034
137 0.244034
138 0.244034
139 0.244034
140 0.244034
141 0.244034
142 0.244034
143 0.244034
144 0.244034
145 0.244034
146 0.244034
147 0.244034
148 0.244034
149 0.244034
150 0.244034
151 0.244034
152 0.244538
153 0.244538
154 0.244538
