0 0
1 0.187097
2 0.174194
3 0.232258
4 0.232258
5 0.232258
6 0.232258
7 0.264516
8 0.232258
9 0.206452
10 0.206452
11 0.264516
12 0.245161
13 0.277419
14 0.277419
15 0.277419
16 0.245161
17 0.245161
18 0.277419
19 0.341935
20 0.341935
21 0.245161
22 0.322581
23 0.322581
24 0.322581
25 0.322581
26 0.322581
27 0.322581
28 0.322581
29 0.258065
30 0.258065
31 0.258065
32 0.258065
33 0.258065
34 0.258065
35 0.258065
36 0.258065
37 0.258065
38 0.258065
39 0.258065
40 0.258065
41 0.258065
42 0.258065
43 0.258065
44 0.258065
45 0.258065
46 0.258065
47 0.258065
48 0.258065
49 0.258065
50 0.258065
51 0.258065
52 0.258065
53 0.258065
54 0.258065
55 0.258065
56 0.258065
57 0.258065
58 0.258065
59 0.258065
60 0.258065
61 0.258065
62 0.258065
63 0.258065
64 0.258065
65 0.258065
66 0.258065
67 0.258065
68 0.258065
69 0.258065
70 0.258065
71 0.258065
72 0.258065
73 0.277419
74 0.277419
75 0.277419
76 0.277419
77 0.277419
78 0.277419
79 0.264516
80 0.258065
81 0.258065
82 0.258065
83 0.258065
84 0.258065
85 0.277419
86 0.277419
87 0.277419
88 0.277419
89 0.277419
90 0.277419
91 0.277419
92 0.277419
93 0.277419
94 0.277419
95 0.277419
96 0.277419
97 0.277419
98 0.277419
99 0.277419
100 0.277419
101 0.277419
102 0.277419
103 0.277419
104 0.277419
105 0.277419
106 0.277419
107 0.277419
108 0.277419
109 0.277419
110 0.277419
111 0.277419
112 0.277419
113 0.277419
114 0.277419
115 0.277419
116 0.277419
117 0.277419
118 0.277419
119 0.277419
120 0.277419
121 0.277419
122 0.277419
123 0.277419
124 0.277419
125 0.277419
126 0.277419
127 0.277419
128 0.277419
129 0.277419
130 0.277419
131 0.277419
132 0.277419
133 0.277419
134 0.277419
135 0.277419
136 0.277419
137 0.277419
138 0.277419
139 0.277419
140 0.277419
141 0.277419
142 0.277419
143 0.277419
144 0.277419
145 0.277419
146 0.277419
147 0.277419
148 0.277419
149 0.277419
150 0.277419
151 0.277419
152 0.277419
153 0.277419
154 0.277419
155 0.277419
156 0.277419
157 0.277419
158 0.277419
159 0.277419
160 0.277419
161 0.277419
162 0.277419
163 0.277419
164 0.277419
165 0.277419
166 0.277419
167 0.277419
168 0.277419
169 0.277419
170 0.277419
171 0.277419
172 0.277419
173 0.277419
174 0.277419
175 0.277419
176 0.277419
177 0.277419
178 0.277419
179 0.277419
180 0.277419
181 0.277419
182 0.277419
183 0.277419
184 0.277419
185 0.277419
186 0.277419
187 0.277419
188 0.277419
189 0.277419
190 0.277419
191 0.277419
