0 0
1 0.173613
2 0.174622
3 0.172269
4 0.172269
5 0.172605
6 0.172773
7 0.172101
8 0.194118
9 0.171261
10 0.205714
11 0.204538
12 0.202689
13 0.206891
14 0.20437
15 0.207899
16 0.207899
17 0.207899
18 0.208403
19 0.208403
20 0.204874
21 0.232101
22 0.232101
23 0.232101
24 0.232101
25 0.232101
26 0.232101
27 0.226387
28 0.226387
29 0.226387
30 0.229748
31 0.229748
32 0.237479
33 0.237479
34 0.229748
35 0.237143
36 0.237143
37 0.237143
38 0.237143
39 0.237143
40 0.237143
41 0.237143
42 0.241513
43 0.241513
44 0.240672
45 0.240672
46 0.240672
47 0.240672
48 0.242353
49 0.242353
50 0.242353
51 0.240672
52 0.240672
53 0.240672
54 0.241681
55 0.241681
56 0.241681
57 0.241681
58 0.241681
59 0.241681
60 0.221176
61 0.221176
62 0.221176
63 0.221176
64 0.221345
65 0.221345
66 0.221345
67 0.221345
68 0.221345
69 0.221345
70 0.221345
71 0.221345
72 0.221345
73 0.221345
74 0.221345
75 0.221345
76 0.221345
77 0.221345
78 0.221345
79 0.221345
80 0.221345
81 0.221345
82 0.221345
83 0.221345
84 0.221345
85 0.221345
86 0.223025
87 0.223025
88 0.223025
89 0.223025
90 0.223025
91 0.223025
92 0.223025
93 0.222689
94 0.222689
95 0.222689
96 0.222689
97 0.222689
98 0.222689
99 0.222689
100 0.222689
101 0.222689
102 0.222689
103 0.247059
104 0.247059
105 0.247059
106 0.247059
107 0.247059
108 0.247059
109 0.247059
110 0.247059
111 0.247059
112 0.247899
113 0.247899
114 0.243193
115 0.243193
116 0.243193
117 0.243193
118 0.243193
119 0.243193
120 0.243193
121 0.243193
122 0.243193
123 0.243193
124 0.243193
125 0.243193
126 0.244706
127 0.244706
128 0.244706
129 0.244706
130 0.244706
131 0.244706
132 0.244706
133 0.244706
134 0.243697
135 0.243697
136 0.243697
137 0.243697
138 0.243697
139 0.243697
140 0.243697
141 0.243697
142 0.243697
143 0.24437
144 0.24437
145 0.24437
146 0.24437
147 0.24437
148 0.24437
149 0.24437
150 0.24437
151 0.24437
152 0.243866
153 0.243866
154 0.24437
155 0.24437
156 0.24437
157 0.24437
158 0.24437
159 0.24437
