0 0
1 0.143944
2 0.157456
3 0.158819
4 0.158062
5 0.178312
6 0.20458
7 0.22165
8 0.22165
9 0.22165
10 0.22165
11 0.22165
12 0.222369
13 0.235731
14 0.236185
15 0.246177
16 0.246177
17 0.240273
18 0.240878
19 0.240878
20 0.240878
21 0.240878
22 0.240878
23 0.240878
24 0.240878
25 0.240878
26 0.241635
27 0.241635
28 0.241635
29 0.240727
30 0.240727
31 0.240727
32 0.240727
33 0.240727
34 0.242241
35 0.242241
36 0.241332
37 0.243149
38 0.242241
39 0.241938
40 0.241938
41 0.242392
42 0.242392
43 0.242392
44 0.242392
45 0.242392
46 0.242392
47 0.259198
48 0.259198
49 0.259198
50 0.259198
51 0.259198
52 0.259198
53 0.259198
54 0.259046
55 0.259046
56 0.259046
57 0.254353
58 0.254353
59 0.260409
60 0.260409
61 0.260409
62 0.260409
63 0.260409
64 0.260409
65 0.262831
66 0.26268
67 0.262528
68 0.263134
69 0.261923
70 0.261923
71 0.263588
72 0.264345
73 0.264345
74 0.263588
75 0.263588
76 0.263588
77 0.263588
78 0.263588
79 0.263588
80 0.263588
81 0.263588
82 0.263588
83 0.263588
84 0.263588
85 0.263588
86 0.263588
87 0.263588
88 0.263588
89 0.263588
90 0.263588
91 0.263588
92 0.263588
93 0.263588
94 0.263588
95 0.263588
96 0.263588
97 0.263588
98 0.265254
99 0.263588
100 0.263588
101 0.263588
102 0.263588
103 0.263588
104 0.263588
105 0.263588
106 0.263588
107 0.263437
108 0.263588
109 0.263437
110 0.263588
111 0.263588
112 0.263588
113 0.263588
114 0.263588
115 0.263588
116 0.263588
117 0.263588
118 0.263588
119 0.263588
120 0.263588
121 0.263588
122 0.263588
123 0.263588
124 0.263588
125 0.263588
126 0.263588
127 0.263437
128 0.263437
129 0.263437
130 0.263437
131 0.263437
132 0.263437
133 0.263437
134 0.263437
135 0.263437
136 0.263437
137 0.263437
138 0.263437
139 0.263437
140 0.263437
141 0.263437
142 0.263437
143 0.263437
144 0.263437
145 0.263437
146 0.263437
147 0.261317
148 0.261317
149 0.261317
150 0.261317
151 0.261317
152 0.261317
153 0.261317
154 0.261923
155 0.261923
156 0.261923
157 0.261923
158 0.261923
159 0.261923
160 0.261923
161 0.261923
162 0.261469
163 0.261317
164 0.261317
165 0.261317
166 0.261317
167 0.262074
168 0.262074
169 0.262074
170 0.262074
171 0.262074
172 0.262074
173 0.262074
174 0.262074
175 0.261771
176 0.261771
177 0.261771
178 0.261771
179 0.261771
