0 0
1 0.087931
2 0.0810345
3 0.100862
4 0.100862
5 0.100862
6 0.100862
7 0.10431
8 0.10431
9 0.146552
10 0.146552
11 0.107759
12 0.156034
13 0.159483
14 0.159483
15 0.159483
16 0.161207
17 0.159483
18 0.17931
19 0.142241
20 0.142241
21 0.126724
22 0.130172
23 0.130172
24 0.130172
25 0.130172
26 0.130172
27 0.130172
28 0.130172
29 0.130172
30 0.130172
31 0.125862
32 0.125862
33 0.125862
34 0.125862
35 0.125862
36 0.125862
37 0.125862
38 0.125
39 0.125
40 0.125
41 0.125
42 0.12069
43 0.12069
44 0.12069
45 0.12069
46 0.12069
47 0.12069
48 0.12069
49 0.12069
50 0.12069
51 0.12069
52 0.12069
53 0.12069
54 0.12069
55 0.12069
56 0.12069
57 0.12069
58 0.12069
59 0.160345
60 0.160345
61 0.160345
62 0.160345
63 0.160345
64 0.160345
65 0.160345
66 0.160345
67 0.160345
68 0.160345
69 0.160345
70 0.160345
71 0.160345
72 0.160345
73 0.172414
74 0.172414
75 0.172414
76 0.172414
77 0.172414
78 0.172414
79 0.172414
80 0.160345
81 0.160345
82 0.160345
83 0.160345
84 0.160345
85 0.186207
86 0.186207
87 0.186207
88 0.186207
89 0.186207
90 0.186207
91 0.186207
92 0.186207
93 0.186207
94 0.186207
95 0.186207
96 0.186207
97 0.186207
98 0.186207
99 0.186207
100 0.186207
101 0.186207
102 0.186207
103 0.186207
104 0.186207
105 0.186207
106 0.186207
107 0.186207
108 0.186207
109 0.186207
110 0.186207
111 0.186207
112 0.186207
113 0.186207
114 0.186207
115 0.186207
116 0.186207
117 0.186207
118 0.186207
119 0.186207
120 0.186207
121 0.186207
122 0.186207
123 0.186207
124 0.186207
125 0.185345
126 0.185345
127 0.185345
128 0.185345
129 0.185345
130 0.185345
131 0.185345
132 0.186207
133 0.187069
134 0.187069
135 0.187069
136 0.187069
137 0.187069
138 0.187069
139 0.187069
140 0.187069
141 0.187069
142 0.187069
143 0.187069
144 0.187069
145 0.187069
146 0.187069
147 0.187069
148 0.187069
149 0.187069
150 0.187069
151 0.187069
152 0.187069
153 0.187069
154 0.187069
155 0.187069
156 0.187069
157 0.187069
158 0.187069
159 0.187069
160 0.187069
161 0.187069
162 0.187069
163 0.187069
164 0.187069
165 0.187069
166 0.187069
167 0.187069
168 0.187069
169 0.187069
170 0.187069
171 0.187069
172 0.187069
173 0.187069
174 0.187069
175 0.186207
176 0.186207
177 0.186207
178 0.186207
179 0.186207
180 0.186207
181 0.186207
182 0.186207
183 0.186207
184 0.186207
185 0.186207
186 0.186207
187 0.186207
188 0.186207
189 0.186207
190 0.186207
191 0.186207
