0 0
1 0.143556
2 0.141852
3 0.141852
4 0.141852
5 0.164963
6 0.169852
7 0.169852
8 0.169852
9 0.169852
10 0.169852
11 0.169852
12 0.169852
13 0.169852
14 0.17363
15 0.17363
16 0.175185
17 0.176074
18 0.175185
19 0.172519
20 0.173852
21 0.170741
22 0.170741
23 0.170741
24 0.170741
25 0.171185
26 0.172519
27 0.175185
28 0.175185
29 0.175185
30 0.175185
31 0.175185
32 0.175185
33 0.175185
34 0.180444
35 0.180444
36 0.180444
37 0.180444
38 0.180444
39 0.180444
40 0.180444
41 0.180444
42 0.180444
43 0.180444
44 0.180444
45 0.180444
46 0.180444
47 0.182222
48 0.182222
49 0.182222
50 0.182222
51 0.182222
52 0.182222
53 0.182222
54 0.182222
55 0.182222
56 0.182222
57 0.182222
58 0.182222
59 0.182222
60 0.182222
61 0.182222
62 0.182222
63 0.182222
64 0.182222
65 0.182222
66 0.182222
67 0.182222
68 0.182222
69 0.182222
70 0.182222
71 0.182222
72 0.182222
73 0.182222
74 0.182222
75 0.182222
76 0.182222
77 0.182222
78 0.182222
79 0.182222
80 0.17163
81 0.17163
82 0.17163
83 0.17163
84 0.17163
85 0.17163
86 0.17163
87 0.17163
88 0.17163
89 0.173852
90 0.173852
91 0.173852
92 0.175185
93 0.174667
94 0.174667
95 0.174667
96 0.174667
97 0.174667
98 0.174667
99 0.174667
100 0.174667
101 0.174667
102 0.174667
103 0.175556
104 0.174667
105 0.174667
106 0.174667
107 0.174667
108 0.174667
109 0.174667
110 0.174667
111 0.174667
112 0.174667
113 0.174667
114 0.174667
115 0.174667
116 0.174667
117 0.174667
118 0.174667
119 0.174667
120 0.174667
121 0.174667
122 0.174667
123 0.174667
124 0.175111
125 0.175111
126 0.175111
127 0.174222
128 0.174222
129 0.174222
130 0.174222
131 0.174222
132 0.174222
133 0.174222
134 0.174222
135 0.174222
136 0.174222
137 0.174222
138 0.175111
139 0.175111
140 0.175111
141 0.174667
142 0.174667
143 0.174667
144 0.174667
145 0.174667
146 0.174667
147 0.174667
148 0.174667
149 0.174667
150 0.174667
151 0.174667
152 0.178667
153 0.178667
154 0.175556
155 0.175556
156 0.176
157 0.176
158 0.176
159 0.176
160 0.176
161 0.18
162 0.176
163 0.176
164 0.18
165 0.18
166 0.18
167 0.18
168 0.18
169 0.176
170 0.176
171 0.176
172 0.18
173 0.18
174 0.18
175 0.18
176 0.176
177 0.176
178 0.176
179 0.176
180 0.179111
181 0.179111
182 0.179111
183 0.179111
184 0.179111
185 0.179111
186 0.179111
187 0.178667
188 0.178667
189 0.179111
190 0.175556
191 0.178667
192 0.178222
