0 0
1 0.0922414
2 0.151724
3 0.155172
4 0.158621
5 0.158621
6 0.158621
7 0.181034
8 0.181034
9 0.181034
10 0.128448
11 0.128448
12 0.128448
13 0.166379
14 0.166379
15 0.166379
16 0.166379
17 0.166379
18 0.166379
19 0.166379
20 0.166379
21 0.166379
22 0.166379
23 0.166379
24 0.166379
25 0.166379
26 0.166379
27 0.166379
28 0.166379
29 0.166379
30 0.166379
31 0.166379
32 0.166379
33 0.166379
34 0.166379
35 0.160345
36 0.160345
37 0.160345
38 0.160345
39 0.160345
40 0.160345
41 0.160345
42 0.160345
43 0.162931
44 0.162931
45 0.162931
46 0.162931
47 0.162931
48 0.161207
49 0.168966
50 0.168966
51 0.168966
52 0.168966
53 0.168966
54 0.168966
55 0.172414
56 0.172414
57 0.168103
58 0.168103
59 0.168103
60 0.168103
61 0.168103
62 0.168103
63 0.168103
64 0.168103
65 0.168103
66 0.168103
67 0.168103
68 0.168103
69 0.168103
70 0.168103
71 0.168103
72 0.168103
73 0.168103
74 0.180172
75 0.180172
76 0.180172
77 0.180172
78 0.180172
79 0.180172
80 0.180172
81 0.180172
82 0.180172
83 0.168103
84 0.168103
85 0.168103
86 0.168103
87 0.168103
88 0.168103
89 0.168103
90 0.168103
91 0.168103
92 0.168103
93 0.187069
94 0.187069
95 0.187069
96 0.187069
97 0.187069
98 0.187069
99 0.187069
100 0.187069
101 0.187069
102 0.187069
103 0.187069
104 0.187069
105 0.187069
106 0.187069
107 0.187069
108 0.187069
109 0.187069
110 0.187069
111 0.187069
112 0.187069
113 0.187069
114 0.187069
115 0.187069
116 0.187069
117 0.187069
118 0.187069
119 0.187069
120 0.187069
121 0.185345
122 0.185345
123 0.185345
124 0.185345
125 0.185345
126 0.185345
127 0.185345
128 0.185345
129 0.188793
130 0.188793
131 0.185345
132 0.185345
133 0.185345
134 0.185345
135 0.185345
136 0.185345
137 0.185345
138 0.185345
139 0.186207
140 0.186207
141 0.186207
142 0.182759
143 0.182759
144 0.182759
145 0.182759
146 0.182759
147 0.182759
148 0.182759
149 0.182759
150 0.184483
