0 0
1 0.184007
2 0.183088
3 0.182353
4 0.180699
5 0.179044
6 0.175
7 0.179228
8 0.198346
9 0.175184
10 0.214338
11 0.214522
12 0.213235
13 0.213419
14 0.214338
15 0.217096
16 0.217096
17 0.217096
18 0.217831
19 0.217831
20 0.21489
21 0.227206
22 0.227206
23 0.227206
24 0.227206
25 0.227206
26 0.227206
27 0.226103
28 0.226103
29 0.226103
30 0.224449
31 0.224449
32 0.228493
33 0.228493
34 0.225368
35 0.22886
36 0.228493
37 0.228493
38 0.228493
39 0.228493
40 0.228493
41 0.228493
42 0.23125
43 0.23125
44 0.231985
45 0.231985
46 0.231985
47 0.231985
48 0.234007
49 0.234007
50 0.234007
51 0.231985
52 0.231985
53 0.231985
54 0.238419
55 0.238419
56 0.238419
57 0.238419
58 0.238419
59 0.238419
60 0.217096
61 0.217096
62 0.217096
63 0.217096
64 0.217096
65 0.217096
66 0.217096
67 0.217096
68 0.217096
69 0.217096
70 0.217096
71 0.217096
72 0.217096
73 0.217096
74 0.217096
75 0.217096
76 0.217096
77 0.217096
78 0.217096
79 0.217096
80 0.217096
81 0.217096
82 0.217096
83 0.217096
84 0.217096
85 0.217096
86 0.217831
87 0.217831
88 0.217831
89 0.217831
90 0.217831
91 0.217831
92 0.217831
93 0.218566
94 0.218566
95 0.218566
96 0.218566
97 0.218566
98 0.218566
99 0.218566
100 0.218566
101 0.218566
102 0.218566
103 0.240993
104 0.240993
105 0.240993
106 0.240993
107 0.240993
108 0.240993
109 0.240993
110 0.240993
111 0.240993
112 0.242647
113 0.242647
114 0.236949
115 0.236949
116 0.236949
117 0.236949
118 0.236949
119 0.236949
120 0.236949
121 0.236949
122 0.236949
123 0.236949
124 0.236949
125 0.236949
126 0.239706
127 0.239706
128 0.239706
129 0.239706
130 0.239706
131 0.239706
132 0.239706
133 0.239706
134 0.234559
135 0.234559
136 0.234559
137 0.234559
138 0.234559
139 0.234559
140 0.234559
141 0.234559
142 0.234559
143 0.238603
144 0.238603
145 0.238603
146 0.238603
147 0.238603
148 0.238603
149 0.238603
150 0.238603
151 0.238603
152 0.238051
153 0.238051
154 0.238603
155 0.238603
156 0.238603
157 0.238603
158 0.238603
159 0.238603
