0 0
1 0.134622
2 0.168067
3 0.156975
4 0.155126
5 0.22605
6 0.22605
7 0.22605
8 0.22605
9 0.222017
10 0.222017
11 0.227227
12 0.226723
13 0.226723
14 0.230756
15 0.230756
16 0.231261
17 0.231261
18 0.230588
19 0.230588
20 0.230588
21 0.230588
22 0.230588
23 0.231261
24 0.231092
25 0.227227
26 0.227227
27 0.228235
28 0.228235
29 0.228235
30 0.228067
31 0.228067
32 0.228067
33 0.226555
34 0.244706
35 0.222857
36 0.222857
37 0.222857
38 0.222857
39 0.222857
40 0.222857
41 0.222857
42 0.223866
43 0.223866
44 0.223866
45 0.223866
46 0.223866
47 0.223866
48 0.223866
49 0.223866
50 0.223866
51 0.223866
52 0.223866
53 0.223866
54 0.223866
55 0.223866
56 0.241849
57 0.241849
58 0.241849
59 0.244706
60 0.24521
61 0.24521
62 0.24521
63 0.24521
64 0.24521
65 0.24521
66 0.24521
67 0.243697
68 0.243697
69 0.243697
70 0.242857
71 0.242017
72 0.242017
73 0.243697
74 0.242857
75 0.242857
76 0.242857
77 0.242857
78 0.242857
79 0.242857
80 0.242857
81 0.242857
82 0.242857
83 0.242857
84 0.242857
85 0.242857
86 0.242857
87 0.242857
88 0.244034
89 0.244034
90 0.244034
91 0.244034
92 0.244034
93 0.244034
94 0.244034
95 0.243193
96 0.243193
97 0.243193
98 0.243361
99 0.244034
100 0.244034
101 0.244034
102 0.244034
103 0.244034
104 0.244034
105 0.244034
106 0.244034
107 0.244034
108 0.244034
109 0.244034
110 0.244034
111 0.244034
112 0.244034
113 0.244034
114 0.244034
115 0.244034
116 0.244034
117 0.244034
118 0.244034
119 0.244034
120 0.244034
121 0.243193
122 0.244706
123 0.244706
124 0.244706
125 0.244706
126 0.243697
127 0.243697
128 0.243697
129 0.243697
130 0.243697
131 0.244034
132 0.244034
133 0.244034
134 0.244874
135 0.244874
136 0.244874
137 0.244874
138 0.244874
139 0.244874
140 0.244874
141 0.244874
142 0.244874
143 0.244874
144 0.244874
145 0.244874
146 0.244874
147 0.244874
148 0.244874
149 0.245714
150 0.245714
151 0.245714
152 0.245714
153 0.245714
154 0.245714
155 0.245714
156 0.245714
