0 0
1 0.13944
2 0.157721
3 0.15897
4 0.188304
5 0.211658
6 0.213929
7 0.233573
8 0.233573
9 0.21374
10 0.21374
11 0.21374
12 0.21374
13 0.234936
14 0.238721
15 0.238721
16 0.238721
17 0.238721
18 0.241749
19 0.242846
20 0.256624
21 0.256624
22 0.256624
23 0.255261
24 0.25916
25 0.25916
26 0.256737
27 0.259614
28 0.259614
29 0.257229
30 0.257229
31 0.257229
32 0.257229
33 0.257229
34 0.257229
35 0.257229
36 0.258592
37 0.258592
38 0.258592
39 0.267638
40 0.267638
41 0.260106
42 0.266276
43 0.266276
44 0.266276
45 0.266276
46 0.266276
47 0.266276
48 0.266276
49 0.266276
50 0.266276
51 0.266276
52 0.266276
53 0.266276
54 0.266276
55 0.262074
56 0.262074
57 0.262074
58 0.262074
59 0.262074
60 0.262074
61 0.26567
62 0.26567
63 0.26567
64 0.26567
65 0.26567
66 0.26567
67 0.26567
68 0.26567
69 0.26567
70 0.26567
71 0.26567
72 0.26567
73 0.26567
74 0.26567
75 0.26567
76 0.26567
77 0.26567
78 0.26567
79 0.26567
80 0.26567
81 0.26567
82 0.26567
83 0.26567
84 0.26567
85 0.26567
86 0.26567
87 0.26567
88 0.26567
89 0.26567
90 0.26567
91 0.26567
92 0.266276
93 0.266276
94 0.266276
95 0.266276
96 0.266276
97 0.266276
98 0.266276
99 0.266276
100 0.266276
101 0.26567
102 0.265254
103 0.265254
104 0.265254
105 0.265254
106 0.265254
107 0.265254
108 0.265254
109 0.264648
110 0.264951
111 0.263134
112 0.263134
113 0.265708
114 0.265708
115 0.264497
116 0.264497
117 0.264497
118 0.26374
119 0.26374
120 0.26374
121 0.26374
122 0.265708
123 0.265708
124 0.265708
125 0.265859
126 0.264799
127 0.264799
128 0.264799
129 0.264799
130 0.264799
131 0.264799
132 0.264799
133 0.264799
134 0.264799
135 0.264799
136 0.264799
137 0.264799
138 0.264799
139 0.264799
140 0.264799
141 0.264799
142 0.265405
143 0.265405
144 0.265405
145 0.265405
146 0.265405
147 0.265405
148 0.265405
149 0.263588
150 0.263588
151 0.263588
152 0.263588
153 0.263588
154 0.26374
155 0.26374
156 0.26374
157 0.26374
158 0.264194
159 0.264194
160 0.26162
161 0.26162
162 0.26162
163 0.26162
164 0.26162
165 0.26162
166 0.26162
167 0.26162
168 0.26162
169 0.26162
170 0.26162
171 0.26162
172 0.26162
173 0.262074
174 0.262074
175 0.262074
