0 0
1 0.193548
2 0.187097
3 0.251613
4 0.23871
5 0.193548
6 0.2
7 0.180645
8 0.193548
9 0.2
10 0.225806
11 0.187097
12 0.187097
13 0.193548
14 0.206452
15 0.232258
16 0.232258
17 0.174194
18 0.277419
19 0.277419
20 0.277419
21 0.245161
22 0.245161
23 0.258065
24 0.258065
25 0.258065
26 0.277419
27 0.277419
28 0.277419
29 0.277419
30 0.277419
31 0.277419
32 0.277419
33 0.277419
34 0.277419
35 0.277419
36 0.277419
37 0.277419
38 0.277419
39 0.277419
40 0.277419
41 0.277419
42 0.277419
43 0.277419
44 0.277419
45 0.277419
46 0.277419
47 0.277419
48 0.277419
49 0.277419
50 0.277419
51 0.277419
52 0.277419
53 0.277419
54 0.277419
55 0.277419
56 0.277419
57 0.277419
58 0.277419
59 0.277419
60 0.277419
61 0.277419
62 0.277419
63 0.277419
64 0.277419
65 0.277419
66 0.277419
67 0.277419
68 0.277419
69 0.277419
70 0.277419
71 0.277419
72 0.277419
73 0.277419
74 0.245161
75 0.245161
76 0.245161
77 0.245161
78 0.245161
79 0.245161
80 0.245161
81 0.245161
82 0.245161
83 0.245161
84 0.245161
85 0.245161
86 0.245161
87 0.245161
88 0.245161
89 0.245161
90 0.245161
91 0.245161
92 0.245161
93 0.245161
94 0.245161
95 0.245161
96 0.245161
97 0.245161
98 0.245161
99 0.245161
100 0.245161
101 0.245161
102 0.245161
103 0.245161
104 0.245161
105 0.245161
106 0.245161
107 0.245161
108 0.245161
109 0.245161
110 0.245161
111 0.245161
112 0.245161
113 0.245161
114 0.245161
115 0.245161
116 0.245161
117 0.245161
118 0.245161
119 0.245161
120 0.245161
121 0.245161
122 0.245161
123 0.245161
124 0.245161
125 0.245161
126 0.245161
127 0.245161
128 0.245161
129 0.245161
130 0.277419
131 0.277419
132 0.277419
133 0.277419
134 0.277419
135 0.277419
136 0.277419
137 0.277419
138 0.277419
139 0.277419
140 0.277419
141 0.277419
142 0.277419
143 0.277419
144 0.277419
145 0.277419
146 0.277419
147 0.277419
148 0.277419
149 0.277419
150 0.277419
151 0.277419
152 0.277419
153 0.277419
154 0.277419
155 0.277419
156 0.277419
157 0.277419
158 0.277419
159 0.277419
160 0.277419
161 0.277419
162 0.277419
163 0.277419
164 0.277419
165 0.277419
166 0.277419
167 0.277419
168 0.277419
169 0.277419
170 0.277419
171 0.277419
172 0.277419
173 0.277419
174 0.277419
175 0.277419
176 0.277419
177 0.277419
178 0.277419
179 0.277419
180 0.277419
181 0.277419
182 0.277419
183 0.277419
184 0.277419
185 0.277419
186 0.277419
187 0.277419
188 0.277419
189 0.277419
190 0.277419
191 0.277419
192 0.277419
193 0.277419
194 0.277419
195 0.277419
196 0.277419
197 0.277419
198 0.277419
199 0.277419
200 0.277419
201 0.277419
202 0.277419
203 0.277419
204 0.277419
205 0.277419
206 0.277419
207 0.277419
208 0.277419
209 0.277419
210 0.277419
211 0.277419
212 0.277419
213 0.277419
214 0.277419
215 0.277419
216 0.277419
