0 0
1 0.0931034
2 0.148276
3 0.148276
4 0.162069
5 0.113793
6 0.172414
7 0.172414
8 0.172414
9 0.172414
10 0.172414
11 0.172414
12 0.172414
13 0.172414
14 0.178448
15 0.178448
16 0.178448
17 0.178448
18 0.178448
19 0.168966
20 0.175862
21 0.175
22 0.175
23 0.175
24 0.175
25 0.175
26 0.172414
27 0.168103
28 0.168103
29 0.168103
30 0.168103
31 0.168103
32 0.168103
33 0.168103
34 0.160345
35 0.160345
36 0.160345
37 0.160345
38 0.160345
39 0.160345
40 0.160345
41 0.160345
42 0.160345
43 0.160345
44 0.160345
45 0.160345
46 0.160345
47 0.156034
48 0.156034
49 0.156034
50 0.156034
51 0.156034
52 0.156034
53 0.156034
54 0.156034
55 0.156034
56 0.156034
57 0.156034
58 0.156034
59 0.156034
60 0.156034
61 0.156034
62 0.156034
63 0.156034
64 0.156034
65 0.156034
66 0.156034
67 0.156034
68 0.156034
69 0.156034
70 0.156034
71 0.156034
72 0.156034
73 0.156034
74 0.156034
75 0.156034
76 0.156034
77 0.156034
78 0.156034
79 0.156034
80 0.167241
81 0.167241
82 0.167241
83 0.167241
84 0.167241
85 0.167241
86 0.167241
87 0.167241
88 0.167241
89 0.167241
90 0.167241
91 0.167241
92 0.167241
93 0.180172
94 0.180172
95 0.180172
96 0.180172
97 0.180172
98 0.186207
99 0.186207
100 0.186207
101 0.186207
102 0.186207
103 0.187069
104 0.186207
105 0.186207
106 0.186207
107 0.186207
108 0.186207
109 0.186207
110 0.186207
111 0.186207
112 0.186207
113 0.186207
114 0.186207
115 0.186207
116 0.186207
117 0.186207
118 0.186207
119 0.186207
120 0.186207
121 0.186207
122 0.186207
123 0.186207
124 0.186207
125 0.186207
126 0.186207
127 0.186207
128 0.186207
129 0.186207
130 0.186207
131 0.186207
132 0.186207
133 0.186207
134 0.186207
135 0.186207
136 0.186207
137 0.186207
138 0.186207
139 0.186207
140 0.186207
141 0.186207
142 0.186207
143 0.186207
144 0.186207
145 0.186207
146 0.186207
147 0.186207
148 0.186207
149 0.186207
150 0.186207
151 0.186207
152 0.187069
153 0.187069
154 0.187069
155 0.187069
156 0.187069
157 0.187069
158 0.187069
159 0.187069
160 0.187069
161 0.187069
162 0.187069
163 0.187069
164 0.187069
165 0.187069
166 0.187069
167 0.187069
168 0.187069
169 0.187069
170 0.187069
171 0.187069
172 0.187069
173 0.187069
174 0.187069
175 0.187069
176 0.187069
177 0.187069
178 0.187069
179 0.187069
180 0.187069
181 0.187069
182 0.187069
183 0.187069
184 0.187069
185 0.187069
186 0.187069
187 0.187069
188 0.187069
189 0.187069
190 0.187069
191 0.187069
192 0.187069
