0 0
1 0.137647
2 0.176471
3 0.176471
4 0.178824
5 0.189244
6 0.22605
7 0.22605
8 0.22605
9 0.22605
10 0.22605
11 0.22605
12 0.22605
13 0.22605
14 0.227899
15 0.227899
16 0.227899
17 0.227731
18 0.227899
19 0.225882
20 0.228235
21 0.228739
22 0.228739
23 0.228739
24 0.228739
25 0.229748
26 0.228067
27 0.230756
28 0.230756
29 0.230756
30 0.230756
31 0.230756
32 0.230756
33 0.230756
34 0.230588
35 0.230588
36 0.230588
37 0.230588
38 0.230588
39 0.230588
40 0.230588
41 0.230588
42 0.230588
43 0.230588
44 0.230588
45 0.230588
46 0.230588
47 0.230588
48 0.230588
49 0.230588
50 0.230588
51 0.230588
52 0.230588
53 0.230588
54 0.230588
55 0.230588
56 0.230588
57 0.230588
58 0.230588
59 0.230588
60 0.230588
61 0.230588
62 0.230588
63 0.230588
64 0.230588
65 0.230588
66 0.230588
67 0.230588
68 0.230588
69 0.230588
70 0.230588
71 0.230588
72 0.230588
73 0.230588
74 0.230588
75 0.230588
76 0.230588
77 0.230588
78 0.230588
79 0.230588
80 0.241176
81 0.241176
82 0.241176
83 0.241176
84 0.241176
85 0.241176
86 0.241176
87 0.241176
88 0.241176
89 0.239496
90 0.239496
91 0.239496
92 0.240168
93 0.243697
94 0.243697
95 0.243697
96 0.243697
97 0.243697
98 0.244538
99 0.244538
100 0.244538
101 0.244538
102 0.244706
103 0.244874
104 0.244706
105 0.244706
106 0.244706
107 0.244706
108 0.244706
109 0.244706
110 0.244706
111 0.244706
112 0.244706
113 0.244706
114 0.244706
115 0.244706
116 0.243529
117 0.245042
118 0.245042
119 0.245042
120 0.245042
121 0.245042
122 0.245042
123 0.245042
124 0.245042
125 0.245042
126 0.245042
127 0.245042
128 0.245042
129 0.245042
130 0.245042
131 0.245042
132 0.245042
133 0.245042
134 0.245042
135 0.245042
136 0.245042
137 0.245042
138 0.245042
139 0.245042
140 0.245042
141 0.243866
142 0.243866
143 0.243866
144 0.243866
145 0.243866
146 0.245042
147 0.245042
148 0.245042
149 0.245042
150 0.245042
151 0.245042
152 0.243025
153 0.243025
154 0.244034
155 0.244034
156 0.244034
157 0.244034
158 0.244034
159 0.244034
160 0.244034
161 0.244034
162 0.244034
163 0.244034
164 0.244034
165 0.244034
166 0.244034
167 0.244034
168 0.244034
169 0.244034
170 0.244034
171 0.244034
172 0.244034
173 0.244034
174 0.244034
175 0.244034
176 0.244034
177 0.244034
178 0.244034
179 0.244034
180 0.244034
181 0.244034
182 0.244034
183 0.244034
184 0.244034
185 0.244034
186 0.244034
187 0.244034
188 0.244034
189 0.244034
190 0.243025
191 0.243025
192 0.244034
