0 0
1 0.131597
2 0.134958
3 0.179496
4 0.179496
5 0.179496
6 0.176303
7 0.176303
8 0.227227
9 0.227227
10 0.227227
11 0.227227
12 0.228571
13 0.228571
14 0.228571
15 0.228571
16 0.208403
17 0.208403
18 0.228739
19 0.228739
20 0.230588
21 0.230588
22 0.230588
23 0.230588
24 0.230588
25 0.230588
26 0.230588
27 0.230588
28 0.230588
29 0.230588
30 0.230588
31 0.230588
32 0.230588
33 0.230588
34 0.230588
35 0.230588
36 0.230588
37 0.230588
38 0.230588
39 0.230588
40 0.230588
41 0.230588
42 0.230588
43 0.230588
44 0.230588
45 0.230588
46 0.230588
47 0.230588
48 0.230588
49 0.230588
50 0.230588
51 0.230588
52 0.230588
53 0.222353
54 0.222353
55 0.222353
56 0.222353
57 0.222353
58 0.222353
59 0.222353
60 0.222353
61 0.222353
62 0.223866
63 0.223866
64 0.223866
65 0.223866
66 0.223866
67 0.223866
68 0.223866
69 0.223866
70 0.223866
71 0.223866
72 0.223866
73 0.223866
74 0.223866
75 0.246387
76 0.246387
77 0.246387
78 0.246387
79 0.246387
80 0.246387
81 0.246387
82 0.246387
83 0.246387
84 0.246387
85 0.246387
86 0.245042
87 0.245042
88 0.245042
89 0.245714
90 0.245714
91 0.245714
92 0.245714
93 0.245714
94 0.245714
95 0.245714
96 0.245714
97 0.244874
98 0.244874
99 0.245714
100 0.245714
101 0.245714
102 0.245714
103 0.222353
104 0.222353
105 0.222353
106 0.222353
107 0.222353
108 0.222353
109 0.243193
110 0.243193
111 0.243193
112 0.243193
113 0.243193
114 0.243193
115 0.243193
116 0.243193
117 0.243193
118 0.243193
119 0.243193
120 0.243193
121 0.243193
122 0.243193
123 0.243193
124 0.243193
125 0.243193
126 0.243193
127 0.243193
128 0.243193
129 0.243193
130 0.243193
131 0.244034
132 0.244034
133 0.244034
134 0.244034
135 0.244034
136 0.244034
137 0.244034
138 0.244034
139 0.243361
140 0.243361
141 0.243361
142 0.243361
143 0.243361
144 0.243361
145 0.243361
146 0.243361
147 0.243361
148 0.243361
149 0.243361
150 0.243361
151 0.243361
152 0.243361
153 0.243361
154 0.243361
155 0.243361
156 0.243361
157 0.243361
158 0.243361
159 0.243361
160 0.243361
161 0.244034
162 0.244034
163 0.244034
164 0.244034
165 0.244034
166 0.244034
167 0.244034
168 0.244034
169 0.244034
170 0.244034
171 0.244034
172 0.242689
173 0.24437
174 0.24437
175 0.242017
