0 0
1 0.0853448
2 0.0844828
3 0.123276
4 0.123276
5 0.123276
6 0.123276
7 0.150862
8 0.147414
9 0.175862
10 0.134483
11 0.134483
12 0.156897
13 0.147414
14 0.160345
15 0.166379
16 0.166379
17 0.166379
18 0.166379
19 0.166379
20 0.166379
21 0.166379
22 0.166379
23 0.166379
24 0.166379
25 0.166379
26 0.166379
27 0.160345
28 0.160345
29 0.160345
30 0.160345
31 0.160345
32 0.160345
33 0.160345
34 0.160345
35 0.160345
36 0.160345
37 0.151724
38 0.151724
39 0.151724
40 0.151724
41 0.151724
42 0.143103
43 0.147414
44 0.147414
45 0.147414
46 0.147414
47 0.147414
48 0.147414
49 0.161207
50 0.161207
51 0.161207
52 0.161207
53 0.161207
54 0.161207
55 0.161207
56 0.161207
57 0.161207
58 0.161207
59 0.161207
60 0.161207
61 0.161207
62 0.160345
63 0.160345
64 0.160345
65 0.160345
66 0.160345
67 0.160345
68 0.160345
69 0.160345
70 0.160345
71 0.160345
72 0.160345
73 0.160345
74 0.160345
75 0.160345
76 0.159483
77 0.159483
78 0.159483
79 0.159483
80 0.159483
81 0.159483
82 0.159483
83 0.159483
84 0.159483
85 0.159483
86 0.159483
87 0.159483
88 0.159483
89 0.159483
90 0.159483
91 0.159483
92 0.169828
93 0.169828
94 0.169828
95 0.169828
96 0.169828
97 0.157759
98 0.157759
99 0.159483
100 0.159483
101 0.159483
102 0.159483
103 0.159483
104 0.159483
105 0.159483
106 0.159483
107 0.159483
108 0.159483
109 0.159483
110 0.159483
111 0.159483
112 0.159483
113 0.159483
114 0.159483
115 0.159483
116 0.159483
117 0.159483
118 0.159483
119 0.159483
120 0.159483
121 0.159483
122 0.159483
123 0.159483
124 0.159483
125 0.159483
126 0.187069
127 0.187069
128 0.187069
129 0.187069
130 0.187069
131 0.187069
132 0.187069
133 0.187069
134 0.187069
135 0.187069
136 0.187069
137 0.187069
138 0.187069
139 0.187069
140 0.187069
141 0.187069
142 0.187069
143 0.187069
144 0.187069
145 0.187069
146 0.186207
147 0.186207
148 0.186207
149 0.186207
150 0.186207
151 0.186207
152 0.186207
153 0.186207
154 0.186207
155 0.186207
156 0.186207
157 0.186207
158 0.186207
159 0.186207
160 0.186207
161 0.186207
162 0.186207
163 0.186207
164 0.186207
165 0.186207
166 0.186207
167 0.186207
168 0.186207
169 0.186207
170 0.186207
171 0.186207
172 0.186207
173 0.186207
174 0.186207
175 0.186207
176 0.186207
177 0.186207
178 0.186207
179 0.186207
180 0.186207
181 0.186207
182 0.186207
183 0.186207
184 0.186207
185 0.186207
186 0.186207
