0 0
1 0.120168
2 0.132269
3 0.131092
4 0.181008
5 0.201176
6 0.200672
7 0.226555
8 0.226555
9 0.18084
10 0.18084
11 0.18084
12 0.18084
13 0.230084
14 0.224034
15 0.224034
16 0.224034
17 0.224034
18 0.221849
19 0.22521
20 0.227227
21 0.227227
22 0.227227
23 0.232101
24 0.238319
25 0.238319
26 0.237479
27 0.236639
28 0.236639
29 0.235294
30 0.235294
31 0.235294
32 0.236639
33 0.236639
34 0.236639
35 0.236639
36 0.244706
37 0.244706
38 0.244706
39 0.246891
40 0.246891
41 0.247227
42 0.247395
43 0.247395
44 0.247395
45 0.247395
46 0.247395
47 0.247395
48 0.247395
49 0.247395
50 0.247395
51 0.247395
52 0.247395
53 0.247395
54 0.247395
55 0.24521
56 0.24521
57 0.24521
58 0.24521
59 0.24521
60 0.24521
61 0.245546
62 0.245546
63 0.245546
64 0.245546
65 0.245546
66 0.245546
67 0.245546
68 0.245546
69 0.245546
70 0.245546
71 0.245546
72 0.245546
73 0.245546
74 0.246387
75 0.246387
76 0.246387
77 0.246387
78 0.246387
79 0.246387
80 0.246387
81 0.246387
82 0.246387
83 0.246387
84 0.246387
85 0.246387
86 0.246387
87 0.246387
88 0.246387
89 0.246387
90 0.246387
91 0.246387
92 0.246387
93 0.246387
94 0.246387
95 0.246387
96 0.246387
97 0.246387
98 0.246387
99 0.246387
100 0.246387
101 0.245546
102 0.245042
103 0.245042
104 0.245042
105 0.245042
106 0.245042
107 0.245042
108 0.244034
109 0.244874
110 0.245042
111 0.245882
112 0.245882
113 0.246723
114 0.246723
115 0.245042
116 0.245042
117 0.245042
118 0.245882
119 0.245882
120 0.245882
121 0.245882
122 0.246891
123 0.246891
124 0.246891
125 0.246723
126 0.247563
127 0.247563
128 0.247563
129 0.247563
130 0.247563
131 0.247563
132 0.247563
133 0.247563
134 0.247563
135 0.247563
136 0.247563
137 0.247563
138 0.247563
139 0.247563
140 0.247563
141 0.247563
142 0.246891
143 0.246891
144 0.246891
145 0.246891
146 0.246891
147 0.246891
148 0.246891
149 0.247563
150 0.247563
151 0.247563
152 0.247563
153 0.247563
154 0.247899
155 0.247899
156 0.247899
157 0.246555
158 0.246555
159 0.247395
160 0.24437
161 0.24437
162 0.24437
163 0.24437
164 0.24437
165 0.24437
166 0.24437
167 0.24437
168 0.24437
169 0.24437
170 0.24437
171 0.24437
172 0.24437
173 0.245714
174 0.245714
175 0.245714
