0 0
1 0.141333
2 0.139556
3 0.140889
4 0.142667
5 0.138222
6 0.137333
7 0.140889
8 0.143556
9 0.137333
10 0.142222
11 0.141778
12 0.142222
13 0.139111
14 0.143556
15 0.151111
16 0.156444
17 0.12363
18 0.173333
19 0.173333
20 0.173333
21 0.176
22 0.176
23 0.186667
24 0.186667
25 0.186667
26 0.18
27 0.180444
28 0.180444
29 0.180444
30 0.180444
31 0.180444
32 0.180444
33 0.180444
34 0.180444
35 0.180444
36 0.180444
37 0.180444
38 0.180444
39 0.180444
40 0.180444
41 0.180444
42 0.180444
43 0.180444
44 0.180444
45 0.180444
46 0.180444
47 0.180444
48 0.180444
49 0.180444
50 0.180444
51 0.180444
52 0.180444
53 0.180444
54 0.180444
55 0.180444
56 0.180444
57 0.180444
58 0.180444
59 0.180444
60 0.180444
61 0.180444
62 0.180444
63 0.180444
64 0.180444
65 0.180444
66 0.180444
67 0.180444
68 0.180444
69 0.180444
70 0.180444
71 0.180444
72 0.180444
73 0.180444
74 0.165259
75 0.165259
76 0.166148
77 0.166148
78 0.166148
79 0.166148
80 0.166148
81 0.17163
82 0.17163
83 0.17163
84 0.17163
85 0.17163
86 0.17163
87 0.17163
88 0.17163
89 0.18
90 0.18
91 0.18
92 0.18
93 0.18
94 0.18
95 0.18
96 0.18
97 0.18
98 0.18
99 0.177778
100 0.177778
101 0.177778
102 0.178667
103 0.178667
104 0.178667
105 0.179556
106 0.179556
107 0.179556
108 0.179556
109 0.180889
110 0.180889
111 0.180889
112 0.180889
113 0.180889
114 0.180889
115 0.180889
116 0.180889
117 0.180889
118 0.180889
119 0.180889
120 0.180889
121 0.180889
122 0.180889
123 0.180889
124 0.180889
125 0.180889
126 0.180889
127 0.180889
128 0.180889
129 0.180889
130 0.175556
131 0.175556
132 0.175556
133 0.175556
134 0.175556
135 0.175556
136 0.175556
137 0.175556
138 0.175556
139 0.175556
140 0.175556
141 0.175556
142 0.175556
143 0.175556
144 0.175556
145 0.175556
146 0.175556
147 0.175556
148 0.175556
149 0.175556
150 0.175556
151 0.175556
152 0.175556
153 0.175556
154 0.175556
155 0.175556
156 0.175556
157 0.175556
158 0.175556
159 0.175556
160 0.175556
161 0.175556
162 0.175556
163 0.175556
164 0.175556
165 0.175556
166 0.175556
167 0.175556
168 0.175556
169 0.175556
170 0.175556
171 0.175556
172 0.175556
173 0.175556
174 0.175556
175 0.175556
176 0.175556
177 0.175556
178 0.175556
179 0.175556
180 0.175556
181 0.175556
182 0.175556
183 0.175556
184 0.175556
185 0.175556
186 0.175556
187 0.173333
188 0.173333
189 0.175556
190 0.175556
191 0.174667
192 0.174667
193 0.174667
194 0.174667
195 0.174667
196 0.174667
197 0.174667
198 0.174667
199 0.174667
200 0.174667
201 0.174667
202 0.174667
203 0.174667
204 0.174667
205 0.174667
206 0.174667
207 0.174667
208 0.174667
209 0.174667
210 0.174667
211 0.174667
212 0.174667
213 0.174667
214 0.174667
215 0.174667
216 0.174667
