0 0
1 0.138824
2 0.133613
3 0.157143
4 0.157143
5 0.158151
6 0.158151
7 0.158319
8 0.158319
9 0.177143
10 0.177143
11 0.158487
12 0.211092
13 0.212773
14 0.212773
15 0.212773
16 0.214622
17 0.219664
18 0.230084
19 0.221849
20 0.221849
21 0.209412
22 0.208067
23 0.208067
24 0.208067
25 0.208067
26 0.208067
27 0.208067
28 0.208067
29 0.217983
30 0.217983
31 0.217311
32 0.217311
33 0.217311
34 0.217311
35 0.217311
36 0.217311
37 0.217311
38 0.209916
39 0.209916
40 0.209916
41 0.209916
42 0.209748
43 0.209748
44 0.209748
45 0.207899
46 0.207899
47 0.207899
48 0.207899
49 0.207563
50 0.207563
51 0.207563
52 0.207563
53 0.207563
54 0.207563
55 0.207563
56 0.207563
57 0.207563
58 0.207563
59 0.22084
60 0.22084
61 0.22084
62 0.22084
63 0.22084
64 0.22084
65 0.22084
66 0.22084
67 0.22084
68 0.22084
69 0.22084
70 0.22084
71 0.22084
72 0.22084
73 0.246387
74 0.246387
75 0.246387
76 0.246387
77 0.246387
78 0.246387
79 0.245714
80 0.221681
81 0.221681
82 0.221681
83 0.221681
84 0.221681
85 0.244706
86 0.244706
87 0.244706
88 0.244706
89 0.244706
90 0.244706
91 0.244706
92 0.244706
93 0.244706
94 0.244706
95 0.244706
96 0.244706
97 0.244706
98 0.244706
99 0.244706
100 0.244706
101 0.244706
102 0.244706
103 0.244706
104 0.244706
105 0.244706
106 0.244706
107 0.244706
108 0.244706
109 0.244706
110 0.244706
111 0.243866
112 0.243866
113 0.243866
114 0.243866
115 0.243866
116 0.243866
117 0.243866
118 0.243866
119 0.243866
120 0.243866
121 0.243866
122 0.243866
123 0.243866
124 0.243866
125 0.245882
126 0.245882
127 0.245882
128 0.245882
129 0.245882
130 0.245882
131 0.245882
132 0.244706
133 0.24521
134 0.24521
135 0.24521
136 0.24521
137 0.24521
138 0.24521
139 0.24521
140 0.24521
141 0.24521
142 0.24521
143 0.24521
144 0.24521
145 0.24521
146 0.24521
147 0.24521
148 0.243529
149 0.243529
150 0.243529
151 0.243529
152 0.243529
153 0.243529
154 0.243529
155 0.243529
156 0.243529
157 0.243529
158 0.243529
159 0.243529
160 0.243529
161 0.243529
162 0.243529
163 0.243529
164 0.243529
165 0.243529
166 0.243529
167 0.243529
168 0.243529
169 0.243529
170 0.243529
171 0.243529
172 0.243529
173 0.243529
174 0.243529
175 0.244034
176 0.244034
177 0.244034
178 0.244034
179 0.244034
180 0.244034
181 0.244034
182 0.244034
183 0.244034
184 0.244034
185 0.243697
186 0.243697
187 0.243697
188 0.243697
189 0.243697
190 0.244034
191 0.244034
