0 0
1 0.0996296
2 0.0905556
3 0.125519
4 0.158778
5 0.158778
6 0.158778
7 0.158778
8 0.168074
9 0.168074
10 0.168074
11 0.168074
12 0.170741
13 0.170741
14 0.170741
15 0.176519
16 0.178222
17 0.178222
18 0.178222
19 0.178222
20 0.182222
21 0.182222
22 0.18
23 0.18
24 0.18
25 0.18
26 0.18
27 0.18
28 0.18
29 0.18
30 0.18
31 0.18
32 0.18
33 0.18
34 0.18
35 0.18
36 0.18
37 0.18
38 0.18
39 0.18
40 0.18
41 0.177333
42 0.177333
43 0.177333
44 0.177333
45 0.177333
46 0.176444
47 0.173852
48 0.173852
49 0.173852
50 0.173852
51 0.173852
52 0.173852
53 0.173852
54 0.173852
55 0.173852
56 0.173852
57 0.173852
58 0.173852
59 0.173852
60 0.173852
61 0.173852
62 0.177333
63 0.177333
64 0.177333
65 0.177333
66 0.177333
67 0.177333
68 0.177333
69 0.176
70 0.176
71 0.176
72 0.176
73 0.176
74 0.176
75 0.176
76 0.176
77 0.176
78 0.176
79 0.176
80 0.176
81 0.176
82 0.176
83 0.176
84 0.176
85 0.176
86 0.176
87 0.176
88 0.176
89 0.176
90 0.176
91 0.176
92 0.176
93 0.176
94 0.176
95 0.180444
96 0.180444
97 0.180444
98 0.180444
99 0.179556
100 0.179556
101 0.179556
102 0.180444
103 0.180444
104 0.180444
105 0.180444
106 0.180444
107 0.180444
108 0.180444
109 0.180444
110 0.180444
111 0.180444
112 0.180444
113 0.180444
114 0.180444
115 0.180444
116 0.180444
117 0.178667
118 0.178667
119 0.178667
120 0.178667
121 0.175111
122 0.175111
123 0.175111
124 0.175111
125 0.175111
126 0.175111
127 0.175111
128 0.175111
129 0.175111
130 0.175111
131 0.175111
132 0.175556
133 0.175556
134 0.175556
135 0.175556
136 0.175556
137 0.175556
138 0.175556
139 0.175556
140 0.175556
141 0.175556
142 0.175556
143 0.175556
144 0.175556
145 0.175556
146 0.175556
147 0.18
148 0.175556
149 0.175556
150 0.175556
151 0.175556
152 0.175556
153 0.175556
154 0.175556
