0 0
1 0.171746
2 0.176923
3 0.177244
4 0.1741
5 0.171117
6 0.175666
7 0.170858
8 0.191383
9 0.17145
10 0.214978
11 0.21838
12 0.216087
13 0.21822
14 0.216605
15 0.225703
16 0.225703
17 0.225703
18 0.226146
19 0.226146
20 0.250111
21 0.257692
22 0.257692
23 0.257692
24 0.257692
25 0.257692
26 0.257692
27 0.254142
28 0.254142
29 0.254142
30 0.254549
31 0.254549
32 0.255658
33 0.255658
34 0.253809
35 0.256694
36 0.255806
37 0.255806
38 0.255806
39 0.255806
40 0.255806
41 0.255806
42 0.257396
43 0.256953
44 0.257692
45 0.257692
46 0.257692
47 0.257692
48 0.254956
49 0.254956
50 0.254956
51 0.257507
52 0.257507
53 0.257507
54 0.25392
55 0.25392
56 0.25392
57 0.25392
58 0.25392
59 0.25392
60 0.25503
61 0.25503
62 0.25503
63 0.25503
64 0.25503
65 0.25503
66 0.25503
67 0.25503
68 0.25503
69 0.25503
70 0.25503
71 0.25503
72 0.25503
73 0.25503
74 0.25503
75 0.25503
76 0.25503
77 0.25503
78 0.25503
79 0.25503
80 0.25503
81 0.25503
82 0.25503
83 0.25503
84 0.25503
85 0.25503
86 0.255473
87 0.255473
88 0.255473
89 0.255473
90 0.255473
91 0.255473
92 0.255473
93 0.256065
94 0.256065
95 0.256065
96 0.256065
97 0.256065
98 0.256065
99 0.256065
100 0.256065
101 0.256065
102 0.256065
103 0.252367
104 0.252367
105 0.252367
106 0.252367
107 0.252367
108 0.252219
109 0.252367
110 0.252367
111 0.252367
112 0.252959
113 0.252959
114 0.24926
115 0.24926
116 0.24926
117 0.24926
118 0.24926
119 0.24926
120 0.24926
121 0.24926
122 0.24926
123 0.24926
124 0.24926
125 0.24926
126 0.248225
127 0.248225
128 0.248225
129 0.248225
130 0.248225
131 0.248225
132 0.248225
133 0.248225
134 0.24926
135 0.24926
136 0.24926
137 0.24926
138 0.24926
139 0.24926
140 0.24926
141 0.24926
142 0.24926
143 0.247485
144 0.247485
145 0.247485
146 0.247485
147 0.247485
148 0.247485
149 0.247485
150 0.247485
151 0.247485
152 0.248225
153 0.248225
154 0.247485
155 0.247485
156 0.247485
157 0.247485
158 0.247485
159 0.247485
