0 0
1 0.156509
2 0.158136
3 0.17182
4 0.180584
5 0.180141
6 0.180584
7 0.195118
8 0.196117
9 0.224445
10 0.226726
11 0.225764
12 0.24645
13 0.247004
14 0.257803
15 0.257544
16 0.257544
17 0.257544
18 0.257544
19 0.257544
20 0.257544
21 0.257544
22 0.257544
23 0.257544
24 0.257544
25 0.257544
26 0.257544
27 0.25784
28 0.25784
29 0.25784
30 0.25784
31 0.25784
32 0.25784
33 0.25784
34 0.25784
35 0.25784
36 0.25784
37 0.257101
38 0.257101
39 0.257101
40 0.258136
41 0.258136
42 0.258284
43 0.257101
44 0.257101
45 0.257101
46 0.257101
47 0.257101
48 0.257101
49 0.255178
50 0.255178
51 0.255178
52 0.255178
53 0.255178
54 0.255178
55 0.255178
56 0.255178
57 0.255178
58 0.255178
59 0.255178
60 0.255178
61 0.255178
62 0.256509
63 0.256509
64 0.256509
65 0.256509
66 0.256509
67 0.256509
68 0.256509
69 0.256509
70 0.256509
71 0.256509
72 0.256509
73 0.256509
74 0.255473
75 0.255473
76 0.255325
77 0.255325
78 0.255325
79 0.255325
80 0.255325
81 0.255325
82 0.255325
83 0.255325
84 0.255325
85 0.255325
86 0.255325
87 0.255325
88 0.255325
89 0.254586
90 0.254586
91 0.254586
92 0.255769
93 0.255769
94 0.255769
95 0.255769
96 0.255769
97 0.25503
98 0.25503
99 0.255325
100 0.255325
101 0.255325
102 0.255325
103 0.255325
104 0.255325
105 0.255325
106 0.255325
107 0.255325
108 0.255325
109 0.255325
110 0.255325
111 0.255325
112 0.255325
113 0.255325
114 0.255325
115 0.255325
116 0.255325
117 0.255325
118 0.255325
119 0.255325
120 0.255325
121 0.255325
122 0.255325
123 0.255325
124 0.255325
125 0.255325
126 0.24926
127 0.24926
128 0.24926
129 0.24926
130 0.24926
131 0.24926
132 0.24926
133 0.24926
134 0.24926
135 0.24926
136 0.24926
137 0.24926
138 0.24926
139 0.24926
140 0.24926
141 0.24926
142 0.24926
143 0.24926
144 0.24926
145 0.24926
146 0.248225
147 0.248225
148 0.248225
149 0.248225
150 0.248225
151 0.248225
152 0.248225
153 0.248225
154 0.248225
155 0.248817
156 0.248817
157 0.248817
158 0.248817
159 0.248817
160 0.248817
161 0.248817
162 0.248817
163 0.248817
164 0.248817
165 0.248817
166 0.248817
167 0.248817
168 0.248817
169 0.248817
170 0.248817
171 0.248817
172 0.248077
173 0.248077
174 0.248077
175 0.249112
176 0.248077
177 0.248077
178 0.248077
179 0.248077
180 0.248077
181 0.248077
182 0.248077
183 0.248077
184 0.248077
185 0.248077
186 0.249408
