0 0
1 0.183234
2 0.183234
3 0.184581
4 0.18518
5 0.192515
6 0.192814
7 0.195459
8 0.197455
9 0.199401
10 0.213573
11 0.220359
12 0.220359
13 0.220359
14 0.220359
15 0.223653
16 0.223653
17 0.223653
18 0.224251
19 0.224251
20 0.247006
21 0.267665
22 0.267665
23 0.267665
24 0.267665
25 0.267665
26 0.267665
27 0.26774
28 0.26774
29 0.26774
30 0.2686
31 0.2686
32 0.268713
33 0.268713
34 0.269199
35 0.269461
36 0.272006
37 0.272006
38 0.272006
39 0.272006
40 0.272006
41 0.272006
42 0.272305
43 0.272305
44 0.272605
45 0.272605
46 0.272605
47 0.272605
48 0.273204
49 0.273204
50 0.273204
51 0.273503
52 0.273503
53 0.273503
54 0.273653
55 0.273653
56 0.273653
57 0.273653
58 0.273653
59 0.273653
60 0.274401
61 0.274401
62 0.274401
63 0.274401
64 0.275749
65 0.275749
66 0.275749
67 0.275749
68 0.275749
69 0.275749
70 0.275749
71 0.275749
72 0.275749
73 0.275749
74 0.275749
75 0.275749
76 0.275749
77 0.275749
78 0.275749
79 0.275749
80 0.275749
81 0.275749
82 0.275749
83 0.275749
84 0.275749
85 0.275749
86 0.275749
87 0.275749
88 0.275749
89 0.275749
90 0.275749
91 0.275749
92 0.275749
93 0.276048
94 0.276048
95 0.276048
96 0.276048
97 0.276347
98 0.276347
99 0.276347
100 0.276347
101 0.276347
102 0.276347
103 0.278181
104 0.278181
105 0.278181
106 0.278181
107 0.278181
108 0.278181
109 0.278181
110 0.278181
111 0.278181
112 0.27878
113 0.27878
114 0.279192
115 0.279192
116 0.279192
117 0.279192
118 0.279192
119 0.279192
120 0.279192
121 0.279192
122 0.279192
123 0.279192
124 0.279192
125 0.279192
126 0.280838
127 0.280838
128 0.280838
129 0.280838
130 0.280838
131 0.280838
132 0.280838
133 0.280838
134 0.280988
135 0.280988
136 0.280988
137 0.280988
138 0.280988
139 0.280988
140 0.280988
141 0.280988
142 0.280988
143 0.282186
144 0.282186
145 0.282186
146 0.282186
147 0.282186
148 0.282186
149 0.282186
150 0.282186
151 0.282335
152 0.282485
153 0.282485
154 0.282784
155 0.282784
156 0.282784
157 0.282784
158 0.282784
159 0.282784
