0 0
1 0.136949
2 0.142831
3 0.169301
4 0.172243
5 0.172243
6 0.172426
7 0.197978
8 0.200919
9 0.224449
10 0.203309
11 0.201103
12 0.223346
13 0.222059
14 0.224816
15 0.232904
16 0.232904
17 0.23364
18 0.232904
19 0.232904
20 0.232904
21 0.232904
22 0.232904
23 0.232904
24 0.232904
25 0.232904
26 0.232904
27 0.238051
28 0.238051
29 0.238051
30 0.238051
31 0.238051
32 0.238051
33 0.238051
34 0.238051
35 0.238051
36 0.238051
37 0.232353
38 0.232353
39 0.232353
40 0.231618
41 0.231618
42 0.226471
43 0.224632
44 0.224632
45 0.224632
46 0.224632
47 0.224632
48 0.224632
49 0.218199
50 0.218199
51 0.218199
52 0.218199
53 0.218199
54 0.218199
55 0.218199
56 0.218199
57 0.218199
58 0.218199
59 0.218199
60 0.218199
61 0.218199
62 0.218566
63 0.218566
64 0.218566
65 0.218566
66 0.218566
67 0.218566
68 0.218566
69 0.218566
70 0.218566
71 0.218566
72 0.218566
73 0.218566
74 0.219485
75 0.219485
76 0.218199
77 0.218199
78 0.218199
79 0.218199
80 0.218199
81 0.218199
82 0.218199
83 0.218199
84 0.218199
85 0.218199
86 0.218199
87 0.218199
88 0.218199
89 0.218199
90 0.218199
91 0.218199
92 0.240809
93 0.240809
94 0.240809
95 0.240809
96 0.240809
97 0.217096
98 0.217096
99 0.218199
100 0.218199
101 0.218199
102 0.218199
103 0.218199
104 0.218199
105 0.218199
106 0.218199
107 0.218199
108 0.218199
109 0.218199
110 0.218199
111 0.218199
112 0.218199
113 0.218199
114 0.218199
115 0.218199
116 0.218199
117 0.218199
118 0.218199
119 0.218199
120 0.218199
121 0.218199
122 0.218199
123 0.218199
124 0.218199
125 0.218199
126 0.235478
127 0.235478
128 0.235478
129 0.235478
130 0.235478
131 0.235478
132 0.235478
133 0.235478
134 0.235478
135 0.235478
136 0.235478
137 0.235478
138 0.235478
139 0.235478
140 0.235478
141 0.235478
142 0.235478
143 0.235478
144 0.235478
145 0.235478
146 0.238971
147 0.238971
148 0.238971
149 0.238971
150 0.238971
151 0.238971
152 0.238971
153 0.238971
154 0.239706
155 0.238051
156 0.238051
157 0.238051
158 0.238051
159 0.238051
160 0.238051
161 0.238051
162 0.238051
163 0.238051
164 0.238051
165 0.238051
166 0.238051
167 0.238051
168 0.238051
169 0.238787
170 0.238787
171 0.238787
172 0.239154
173 0.239154
174 0.239154
175 0.238419
176 0.239154
177 0.239154
178 0.239154
179 0.239154
180 0.239154
181 0.239154
182 0.239154
183 0.239154
184 0.239154
185 0.239154
