0 0
1 0.206452
2 0.148387
3 0.206452
4 0.206452
5 0.23871
6 0.23871
7 0.187097
8 0.251613
9 0.187097
10 0.251613
11 0.251613
12 0.277419
13 0.251613
14 0.277419
15 0.277419
16 0.277419
17 0.277419
18 0.277419
19 0.277419
20 0.290323
21 0.258065
22 0.258065
23 0.258065
24 0.258065
25 0.258065
26 0.258065
27 0.290323
28 0.290323
29 0.290323
30 0.258065
31 0.258065
32 0.245161
33 0.245161
34 0.258065
35 0.245161
36 0.245161
37 0.245161
38 0.245161
39 0.245161
40 0.245161
41 0.245161
42 0.245161
43 0.245161
44 0.245161
45 0.245161
46 0.245161
47 0.245161
48 0.277419
49 0.277419
50 0.277419
51 0.245161
52 0.245161
53 0.245161
54 0.245161
55 0.245161
56 0.245161
57 0.245161
58 0.245161
59 0.245161
60 0.258065
61 0.258065
62 0.258065
63 0.258065
64 0.258065
65 0.258065
66 0.258065
67 0.258065
68 0.258065
69 0.258065
70 0.258065
71 0.258065
72 0.258065
73 0.258065
74 0.258065
75 0.258065
76 0.258065
77 0.258065
78 0.258065
79 0.258065
80 0.258065
81 0.258065
82 0.258065
83 0.258065
84 0.258065
85 0.258065
86 0.258065
87 0.258065
88 0.258065
89 0.258065
90 0.258065
91 0.258065
92 0.258065
93 0.258065
94 0.258065
95 0.258065
96 0.258065
97 0.258065
98 0.258065
99 0.258065
100 0.258065
101 0.258065
102 0.258065
103 0.277419
104 0.277419
105 0.277419
106 0.277419
107 0.277419
108 0.277419
109 0.277419
110 0.277419
111 0.277419
112 0.277419
113 0.277419
114 0.277419
115 0.277419
116 0.277419
117 0.277419
118 0.277419
119 0.277419
120 0.277419
121 0.277419
122 0.277419
123 0.277419
124 0.277419
125 0.277419
126 0.277419
127 0.277419
128 0.277419
129 0.277419
130 0.277419
131 0.277419
132 0.277419
133 0.277419
134 0.277419
135 0.277419
136 0.277419
137 0.277419
138 0.277419
139 0.277419
140 0.277419
141 0.277419
142 0.277419
143 0.277419
144 0.277419
145 0.277419
146 0.277419
147 0.277419
148 0.277419
149 0.277419
150 0.277419
151 0.277419
152 0.277419
153 0.277419
154 0.277419
155 0.277419
156 0.277419
157 0.277419
158 0.277419
159 0.277419
