0 0
1 0.0517241
2 0.0172414
3 0.103448
4 0.117241
5 0.117241
6 0.117241
7 0.117241
8 0.158621
9 0.158621
10 0.158621
11 0.158621
12 0.167241
13 0.167241
14 0.167241
15 0.156034
16 0.156034
17 0.156034
18 0.156034
19 0.156034
20 0.175862
21 0.175862
22 0.171552
23 0.171552
24 0.171552
25 0.171552
26 0.171552
27 0.171552
28 0.171552
29 0.171552
30 0.171552
31 0.171552
32 0.171552
33 0.171552
34 0.171552
35 0.171552
36 0.171552
37 0.171552
38 0.171552
39 0.171552
40 0.171552
41 0.168103
42 0.168103
43 0.168103
44 0.168103
45 0.168103
46 0.164655
47 0.137931
48 0.137931
49 0.137931
50 0.137931
51 0.137931
52 0.137931
53 0.150862
54 0.150862
55 0.150862
56 0.150862
57 0.150862
58 0.150862
59 0.150862
60 0.150862
61 0.150862
62 0.172414
63 0.172414
64 0.172414
65 0.172414
66 0.172414
67 0.172414
68 0.172414
69 0.169828
70 0.169828
71 0.169828
72 0.169828
73 0.169828
74 0.169828
75 0.169828
76 0.169828
77 0.169828
78 0.169828
79 0.169828
80 0.169828
81 0.169828
82 0.169828
83 0.169828
84 0.169828
85 0.169828
86 0.169828
87 0.169828
88 0.169828
89 0.169828
90 0.169828
91 0.169828
92 0.169828
93 0.169828
94 0.169828
95 0.168103
96 0.168103
97 0.168103
98 0.168103
99 0.168103
100 0.168103
101 0.168103
102 0.172414
103 0.172414
104 0.172414
105 0.172414
106 0.172414
107 0.172414
108 0.172414
109 0.172414
110 0.172414
111 0.172414
112 0.172414
113 0.172414
114 0.172414
115 0.172414
116 0.172414
117 0.187069
118 0.187069
119 0.187069
120 0.187069
121 0.185345
122 0.185345
123 0.185345
124 0.185345
125 0.185345
126 0.185345
127 0.185345
128 0.185345
129 0.185345
130 0.185345
131 0.185345
132 0.186207
133 0.186207
134 0.186207
135 0.186207
136 0.186207
137 0.186207
138 0.186207
139 0.186207
140 0.186207
141 0.186207
142 0.186207
143 0.186207
144 0.186207
145 0.186207
146 0.186207
147 0.186207
148 0.182759
149 0.182759
150 0.182759
151 0.182759
152 0.186207
153 0.186207
154 0.186207
