0 0
1 0.168713
2 0.169162
3 0.169162
4 0.169162
5 0.170659
6 0.170659
7 0.172006
8 0.172904
9 0.173353
10 0.173353
11 0.174251
12 0.174251
13 0.174251
14 0.174251
15 0.179341
16 0.183982
17 0.184319
18 0.222605
19 0.222605
20 0.222605
21 0.23009
22 0.23009
23 0.23982
24 0.23997
25 0.23997
26 0.242216
27 0.253892
28 0.253892
29 0.253892
30 0.253892
31 0.253892
32 0.253892
33 0.253892
34 0.253892
35 0.253892
36 0.253892
37 0.253892
38 0.253892
39 0.253892
40 0.253892
41 0.253892
42 0.253892
43 0.253892
44 0.253892
45 0.253892
46 0.253892
47 0.253892
48 0.253892
49 0.253892
50 0.253892
51 0.253892
52 0.253892
53 0.253892
54 0.253892
55 0.253892
56 0.253892
57 0.253892
58 0.253892
59 0.253892
60 0.253892
61 0.253892
62 0.253892
63 0.253892
64 0.253892
65 0.253892
66 0.253892
67 0.253892
68 0.253892
69 0.253892
70 0.253892
71 0.253892
72 0.253892
73 0.253892
74 0.272605
75 0.272605
76 0.273054
77 0.273054
78 0.273054
79 0.273054
80 0.273054
81 0.273204
82 0.273204
83 0.273204
84 0.273204
85 0.273204
86 0.273204
87 0.273204
88 0.273204
89 0.273952
90 0.273952
91 0.273952
92 0.273952
93 0.273952
94 0.273952
95 0.273952
96 0.273952
97 0.273952
98 0.273952
99 0.273952
100 0.273952
101 0.273952
102 0.274251
103 0.274251
104 0.274251
105 0.274251
106 0.274251
107 0.274251
108 0.274251
109 0.27485
110 0.27485
111 0.27485
112 0.27485
113 0.27485
114 0.27485
115 0.27485
116 0.27485
117 0.275
118 0.275
119 0.275
120 0.275
121 0.275
122 0.275
123 0.275
124 0.275
125 0.275
126 0.275
127 0.275
128 0.275
129 0.275
130 0.278293
131 0.278293
132 0.278293
133 0.278293
134 0.278293
135 0.278293
136 0.278293
137 0.278293
138 0.278293
139 0.278743
140 0.278743
141 0.278743
142 0.278743
143 0.278892
144 0.278892
145 0.279192
146 0.279192
147 0.279192
148 0.279192
149 0.279192
150 0.279192
151 0.279192
152 0.279192
153 0.279192
154 0.279192
155 0.279192
156 0.279192
157 0.279192
158 0.279192
159 0.279192
160 0.279192
161 0.279192
162 0.279192
163 0.280389
164 0.280389
165 0.280539
166 0.280539
167 0.280539
168 0.280539
169 0.280539
170 0.280539
171 0.280539
172 0.280539
173 0.280539
174 0.280539
175 0.280539
176 0.280838
177 0.280838
178 0.280838
179 0.280838
180 0.280838
181 0.280838
182 0.280838
183 0.280838
184 0.280838
185 0.280988
186 0.280988
187 0.281287
188 0.281287
189 0.281437
190 0.281437
191 0.281737
192 0.281737
193 0.281737
194 0.282335
195 0.282335
196 0.282335
197 0.282335
198 0.282335
199 0.282335
200 0.282784
201 0.282784
202 0.282784
203 0.282784
204 0.282784
205 0.282784
206 0.282784
207 0.282784
208 0.282784
209 0.282784
210 0.282784
211 0.282784
212 0.282784
213 0.282784
214 0.282934
215 0.282934
216 0.282934
