0 0
1 0.137684
2 0.161213
3 0.153493
4 0.151471
5 0.229963
6 0.229963
7 0.229963
8 0.229963
9 0.227941
10 0.227941
11 0.229963
12 0.230331
13 0.230331
14 0.236029
15 0.236029
16 0.236765
17 0.236765
18 0.238051
19 0.238051
20 0.238051
21 0.238051
22 0.238051
23 0.237316
24 0.237316
25 0.223529
26 0.223529
27 0.226838
28 0.226838
29 0.226838
30 0.221324
31 0.221324
32 0.219853
33 0.22261
34 0.235846
35 0.217279
36 0.217279
37 0.217279
38 0.217279
39 0.217279
40 0.217279
41 0.217279
42 0.218199
43 0.218199
44 0.218199
45 0.218199
46 0.218199
47 0.218199
48 0.218199
49 0.218199
50 0.218199
51 0.218199
52 0.218199
53 0.218199
54 0.218199
55 0.218199
56 0.232721
57 0.232721
58 0.232721
59 0.23511
60 0.234191
61 0.234191
62 0.234191
63 0.234191
64 0.234191
65 0.234191
66 0.234191
67 0.23511
68 0.236029
69 0.236029
70 0.234191
71 0.237868
72 0.237868
73 0.236029
74 0.236029
75 0.236029
76 0.236029
77 0.236029
78 0.236029
79 0.236029
80 0.236029
81 0.236029
82 0.236029
83 0.236029
84 0.236029
85 0.236029
86 0.236029
87 0.23511
88 0.235478
89 0.235478
90 0.235478
91 0.235478
92 0.235478
93 0.235478
94 0.235478
95 0.236949
96 0.236949
97 0.236949
98 0.236397
99 0.236949
100 0.236949
101 0.236949
102 0.236949
103 0.236949
104 0.236949
105 0.236949
106 0.236949
107 0.238971
108 0.238971
109 0.238971
110 0.238971
111 0.238971
112 0.238971
113 0.238971
114 0.238971
115 0.238971
116 0.238971
117 0.238971
118 0.238971
119 0.238971
120 0.238971
121 0.238419
122 0.239706
123 0.239706
124 0.239706
125 0.239706
126 0.238235
127 0.238235
128 0.238235
129 0.238235
130 0.238235
131 0.238419
132 0.238419
133 0.238419
134 0.239154
135 0.239154
136 0.239154
137 0.239154
138 0.239154
139 0.239154
140 0.239154
141 0.239154
142 0.239154
143 0.239154
144 0.239154
145 0.239154
146 0.239154
147 0.239154
148 0.239154
149 0.239154
150 0.239154
151 0.239154
152 0.239154
153 0.239154
154 0.239154
155 0.239154
156 0.239154
