0 0
1 0.131597
2 0.205378
3 0.203025
4 0.208235
5 0.208235
6 0.208235
7 0.231933
8 0.228403
9 0.232941
10 0.225378
11 0.225378
12 0.225378
13 0.226723
14 0.226723
15 0.226723
16 0.226723
17 0.226723
18 0.226723
19 0.226723
20 0.226723
21 0.226723
22 0.226723
23 0.226723
24 0.226723
25 0.226723
26 0.226723
27 0.226723
28 0.226723
29 0.226723
30 0.226723
31 0.226723
32 0.226723
33 0.226723
34 0.226723
35 0.228067
36 0.228067
37 0.228067
38 0.227395
39 0.22605
40 0.22605
41 0.22605
42 0.22605
43 0.224202
44 0.224202
45 0.224202
46 0.224202
47 0.224202
48 0.22605
49 0.247227
50 0.247227
51 0.247227
52 0.247227
53 0.247227
54 0.247227
55 0.246387
56 0.246387
57 0.249076
58 0.249076
59 0.249076
60 0.249076
61 0.249076
62 0.249076
63 0.249076
64 0.248739
65 0.248739
66 0.248739
67 0.247899
68 0.247899
69 0.247563
70 0.247563
71 0.247563
72 0.247563
73 0.247059
74 0.244538
75 0.244538
76 0.244538
77 0.244538
78 0.244538
79 0.244538
80 0.244538
81 0.244538
82 0.244538
83 0.247059
84 0.247059
85 0.247059
86 0.247059
87 0.247059
88 0.247059
89 0.247059
90 0.247059
91 0.247059
92 0.247059
93 0.243361
94 0.243361
95 0.243361
96 0.243361
97 0.243361
98 0.244202
99 0.244202
100 0.244202
101 0.244202
102 0.244202
103 0.244202
104 0.244202
105 0.244202
106 0.244202
107 0.243025
108 0.243025
109 0.243025
110 0.243025
111 0.243025
112 0.244034
113 0.244034
114 0.244034
115 0.244034
116 0.244706
117 0.244706
118 0.244706
119 0.244706
120 0.244706
121 0.243361
122 0.243361
123 0.243361
124 0.243361
125 0.243361
126 0.243361
127 0.243361
128 0.243361
129 0.243361
130 0.243361
131 0.243361
132 0.244034
133 0.244034
134 0.244034
135 0.244034
136 0.244034
137 0.244034
138 0.244034
139 0.244034
140 0.244034
141 0.244034
142 0.24437
143 0.24437
144 0.24437
145 0.24437
146 0.24437
147 0.24437
148 0.24437
149 0.24437
150 0.243529
