0 0
1 0.170509
2 0.172605
3 0.183121
4 0.183832
5 0.230689
6 0.230689
7 0.230689
8 0.230689
9 0.231437
10 0.231437
11 0.244162
12 0.249401
13 0.249401
14 0.250749
15 0.250749
16 0.252096
17 0.252096
18 0.253892
19 0.253892
20 0.253892
21 0.253892
22 0.253892
23 0.254491
24 0.25479
25 0.263922
26 0.263922
27 0.264671
28 0.264671
29 0.264671
30 0.265419
31 0.265419
32 0.265719
33 0.267814
34 0.268413
35 0.271856
36 0.271856
37 0.271856
38 0.271856
39 0.271856
40 0.271856
41 0.271856
42 0.274251
43 0.274251
44 0.274251
45 0.274251
46 0.274251
47 0.274251
48 0.274251
49 0.274251
50 0.274251
51 0.274251
52 0.274251
53 0.274251
54 0.274251
55 0.274251
56 0.274401
57 0.274401
58 0.274401
59 0.27515
60 0.275449
61 0.275449
62 0.275449
63 0.275449
64 0.275449
65 0.275449
66 0.275449
67 0.275749
68 0.276647
69 0.276647
70 0.276796
71 0.277246
72 0.277246
73 0.277545
74 0.277545
75 0.277545
76 0.277545
77 0.277545
78 0.277545
79 0.277545
80 0.277545
81 0.277545
82 0.277545
83 0.277545
84 0.277545
85 0.277545
86 0.277545
87 0.277994
88 0.278293
89 0.278293
90 0.278293
91 0.278293
92 0.278293
93 0.278293
94 0.278293
95 0.278443
96 0.278743
97 0.278743
98 0.278892
99 0.279341
100 0.279341
101 0.279341
102 0.279341
103 0.279341
104 0.279341
105 0.279341
106 0.279341
107 0.28024
108 0.28024
109 0.28024
110 0.28024
111 0.28024
112 0.28024
113 0.28024
114 0.28024
115 0.280389
116 0.280389
117 0.280389
118 0.280389
119 0.280389
120 0.280389
121 0.280689
122 0.280838
123 0.280838
124 0.280838
125 0.280838
126 0.280988
127 0.280988
128 0.280988
129 0.280988
130 0.280988
131 0.281437
132 0.281437
133 0.281437
134 0.282335
135 0.282335
136 0.282335
137 0.282335
138 0.282335
139 0.282335
140 0.282335
141 0.282335
142 0.282335
143 0.282335
144 0.282335
145 0.282335
146 0.282335
147 0.282335
148 0.282335
149 0.282335
150 0.282335
151 0.282485
152 0.282485
153 0.282485
154 0.282485
155 0.282485
156 0.282485
