0 0
1 0.0755556
2 0.107111
3 0.147259
4 0.11563
5 0.155556
6 0.155556
7 0.140852
8 0.160556
9 0.146519
10 0.15
11 0.159741
12 0.173407
13 0.173407
14 0.173407
15 0.173407
16 0.173407
17 0.173407
18 0.172074
19 0.172074
20 0.172074
21 0.182296
22 0.170296
23 0.178667
24 0.178667
25 0.178667
26 0.178667
27 0.178667
28 0.177333
29 0.170296
30 0.170296
31 0.173852
32 0.173852
33 0.173852
34 0.176444
35 0.176444
36 0.176444
37 0.176444
38 0.176444
39 0.176444
40 0.173852
41 0.173852
42 0.173852
43 0.173852
44 0.173852
45 0.179556
46 0.179556
47 0.179556
48 0.179556
49 0.179556
50 0.179556
51 0.179556
52 0.179556
53 0.177778
54 0.177778
55 0.177778
56 0.177778
57 0.177778
58 0.177778
59 0.177778
60 0.177778
61 0.177778
62 0.177778
63 0.177778
64 0.177778
65 0.177778
66 0.177778
67 0.177778
68 0.177778
69 0.177778
70 0.178667
71 0.178667
72 0.178667
73 0.178667
74 0.178667
75 0.178667
76 0.178667
77 0.178667
78 0.178667
79 0.180889
80 0.180889
81 0.180889
82 0.180889
83 0.178222
84 0.180444
85 0.180444
86 0.180444
87 0.179556
88 0.179556
89 0.179556
90 0.180444
91 0.179556
92 0.179556
93 0.179556
94 0.179556
95 0.179556
96 0.179556
97 0.175556
98 0.175556
99 0.175556
100 0.175556
101 0.175556
102 0.175556
103 0.175556
104 0.175556
105 0.175556
106 0.175556
107 0.175556
108 0.175556
109 0.175556
110 0.175556
111 0.175556
112 0.175556
113 0.175556
114 0.175556
115 0.175556
116 0.175556
117 0.175556
118 0.175556
119 0.175556
120 0.173778
121 0.173778
122 0.173778
123 0.171556
124 0.171556
125 0.175556
126 0.175556
127 0.175556
128 0.175556
129 0.173778
130 0.173778
131 0.173778
132 0.173778
133 0.173778
134 0.172
135 0.174667
136 0.172889
137 0.172889
138 0.172889
139 0.172889
140 0.172889
141 0.174667
142 0.174667
143 0.174667
144 0.171556
145 0.171556
146 0.174667
147 0.174667
148 0.174667
149 0.174667
150 0.174667
