0 0
1 0.107395
2 0.13916
3 0.191597
4 0.144034
5 0.169244
6 0.169244
7 0.203866
8 0.209412
9 0.212605
10 0.217983
11 0.220672
12 0.227395
13 0.227395
14 0.227395
15 0.229412
16 0.230756
17 0.231597
18 0.220168
19 0.220168
20 0.220168
21 0.204202
22 0.227227
23 0.208067
24 0.208067
25 0.208067
26 0.208067
27 0.208067
28 0.227227
29 0.224202
30 0.224202
31 0.22
32 0.22
33 0.22
34 0.217311
35 0.217311
36 0.217311
37 0.217311
38 0.217311
39 0.217311
40 0.221681
41 0.221681
42 0.221681
43 0.221681
44 0.221681
45 0.223866
46 0.223866
47 0.223866
48 0.223866
49 0.223866
50 0.223866
51 0.223866
52 0.223866
53 0.221176
54 0.221176
55 0.221176
56 0.221176
57 0.221176
58 0.221176
59 0.221176
60 0.221176
61 0.221176
62 0.221176
63 0.221176
64 0.221176
65 0.221176
66 0.221176
67 0.221176
68 0.221176
69 0.221176
70 0.221513
71 0.221513
72 0.221513
73 0.221513
74 0.221513
75 0.221513
76 0.221513
77 0.221513
78 0.221513
79 0.223025
80 0.223025
81 0.223025
82 0.223025
83 0.247059
84 0.247059
85 0.247059
86 0.247059
87 0.247059
88 0.247059
89 0.247059
90 0.247059
91 0.247059
92 0.247059
93 0.247059
94 0.247059
95 0.247059
96 0.247059
97 0.244202
98 0.244202
99 0.244202
100 0.244202
101 0.244202
102 0.244202
103 0.244202
104 0.244202
105 0.244202
106 0.244202
107 0.244202
108 0.244202
109 0.244202
110 0.244202
111 0.244202
112 0.244202
113 0.244034
114 0.244034
115 0.244034
116 0.244034
117 0.244034
118 0.244034
119 0.244034
120 0.243697
121 0.243697
122 0.243697
123 0.243697
124 0.243697
125 0.243697
126 0.243697
127 0.243193
128 0.243193
129 0.24437
130 0.24437
131 0.24437
132 0.24437
133 0.24437
134 0.245546
135 0.244034
136 0.243866
137 0.243866
138 0.243866
139 0.243866
140 0.243866
141 0.243361
142 0.243361
143 0.243361
144 0.243025
145 0.243025
146 0.242017
147 0.242017
148 0.242017
149 0.242017
150 0.242017
