0 0
1 0.137333
2 0.139556
3 0.149407
4 0.149407
5 0.152519
6 0.152519
7 0.152074
8 0.159556
9 0.146222
10 0.146222
11 0.160889
12 0.145074
13 0.173333
14 0.173333
15 0.173333
16 0.173333
17 0.173778
18 0.174667
19 0.176889
20 0.176889
21 0.18
22 0.178667
23 0.178667
24 0.178667
25 0.178667
26 0.178667
27 0.178667
28 0.178667
29 0.176444
30 0.176444
31 0.176444
32 0.176444
33 0.176444
34 0.176444
35 0.176444
36 0.176444
37 0.176444
38 0.177778
39 0.177778
40 0.177778
41 0.177778
42 0.177778
43 0.177778
44 0.177778
45 0.18
46 0.18
47 0.18
48 0.18
49 0.18
50 0.18
51 0.18
52 0.18
53 0.18
54 0.18
55 0.18
56 0.18
57 0.18
58 0.18
59 0.179111
60 0.179111
61 0.179111
62 0.179111
63 0.179111
64 0.179111
65 0.179111
66 0.179111
67 0.179111
68 0.179111
69 0.179111
70 0.179111
71 0.179111
72 0.179111
73 0.177333
74 0.177333
75 0.177333
76 0.177333
77 0.177333
78 0.177333
79 0.176
80 0.183111
81 0.183111
82 0.183111
83 0.183111
84 0.183111
85 0.174667
86 0.174667
87 0.174667
88 0.174667
89 0.174667
90 0.174667
91 0.174667
92 0.174667
93 0.174667
94 0.174667
95 0.174667
96 0.174667
97 0.174667
98 0.174667
99 0.174667
100 0.174667
101 0.174667
102 0.174667
103 0.174667
104 0.174667
105 0.174667
106 0.174667
107 0.174667
108 0.174667
109 0.174667
110 0.174667
111 0.174667
112 0.174667
113 0.174667
114 0.174667
115 0.174667
116 0.174667
117 0.174667
118 0.174667
119 0.174667
120 0.174667
121 0.174667
122 0.174667
123 0.174667
124 0.174667
125 0.174667
126 0.174667
127 0.174667
128 0.174667
129 0.174667
130 0.174667
131 0.174667
132 0.174667
133 0.174667
134 0.174667
135 0.174667
136 0.174667
137 0.174667
138 0.174667
139 0.174667
140 0.174667
141 0.174667
142 0.174667
143 0.174667
144 0.174667
145 0.174667
146 0.174667
147 0.174667
148 0.18
149 0.18
150 0.18
151 0.18
152 0.18
153 0.18
154 0.18
155 0.18
156 0.18
157 0.18
158 0.18
159 0.18
160 0.18
161 0.18
162 0.18
163 0.18
164 0.18
165 0.18
166 0.175556
167 0.175556
168 0.175556
169 0.175556
170 0.175556
171 0.175556
172 0.175556
173 0.175556
174 0.175556
175 0.175556
176 0.175556
177 0.175556
178 0.175556
179 0.175556
180 0.175556
181 0.175556
182 0.175556
183 0.175556
184 0.175556
185 0.175556
186 0.175556
187 0.175556
188 0.175556
189 0.175556
190 0.175556
191 0.175556
