0 0
1 0.225806
2 0.187097
3 0.187097
4 0.212903
5 0.245161
6 0.277419
7 0.277419
8 0.277419
9 0.277419
10 0.277419
11 0.277419
12 0.245161
13 0.277419
14 0.277419
15 0.258065
16 0.258065
17 0.245161
18 0.290323
19 0.290323
20 0.290323
21 0.290323
22 0.290323
23 0.290323
24 0.290323
25 0.290323
26 0.290323
27 0.290323
28 0.290323
29 0.290323
30 0.290323
31 0.290323
32 0.290323
33 0.290323
34 0.290323
35 0.290323
36 0.290323
37 0.277419
38 0.290323
39 0.290323
40 0.290323
41 0.290323
42 0.290323
43 0.290323
44 0.290323
45 0.290323
46 0.290323
47 0.258065
48 0.258065
49 0.258065
50 0.258065
51 0.258065
52 0.258065
53 0.258065
54 0.258065
55 0.258065
56 0.258065
57 0.258065
58 0.258065
59 0.277419
60 0.277419
61 0.277419
62 0.277419
63 0.277419
64 0.277419
65 0.264516
66 0.264516
67 0.264516
68 0.264516
69 0.264516
70 0.264516
71 0.264516
72 0.277419
73 0.277419
74 0.277419
75 0.277419
76 0.277419
77 0.277419
78 0.277419
79 0.277419
80 0.277419
81 0.277419
82 0.277419
83 0.277419
84 0.277419
85 0.277419
86 0.277419
87 0.277419
88 0.277419
89 0.277419
90 0.277419
91 0.277419
92 0.277419
93 0.277419
94 0.277419
95 0.277419
96 0.277419
97 0.277419
98 0.277419
99 0.277419
100 0.277419
101 0.277419
102 0.277419
103 0.277419
104 0.277419
105 0.277419
106 0.277419
107 0.277419
108 0.277419
109 0.277419
110 0.277419
111 0.277419
112 0.277419
113 0.277419
114 0.277419
115 0.277419
116 0.277419
117 0.277419
118 0.277419
119 0.277419
120 0.277419
121 0.277419
122 0.277419
123 0.277419
124 0.277419
125 0.277419
126 0.277419
127 0.277419
128 0.277419
129 0.277419
130 0.277419
131 0.277419
132 0.277419
133 0.277419
134 0.277419
135 0.277419
136 0.277419
137 0.277419
138 0.277419
139 0.277419
140 0.277419
141 0.277419
142 0.277419
143 0.277419
144 0.277419
145 0.277419
146 0.277419
147 0.277419
148 0.277419
149 0.277419
150 0.277419
151 0.277419
152 0.277419
153 0.277419
154 0.277419
155 0.277419
156 0.277419
157 0.277419
158 0.277419
159 0.277419
160 0.277419
161 0.277419
162 0.277419
163 0.277419
164 0.277419
165 0.277419
166 0.277419
167 0.277419
168 0.277419
169 0.277419
170 0.277419
171 0.277419
172 0.277419
173 0.277419
174 0.277419
175 0.277419
176 0.277419
177 0.277419
178 0.277419
179 0.277419
