0 0
1 0.157988
2 0.183395
3 0.183395
4 0.184726
5 0.222448
6 0.23872
7 0.23872
8 0.23872
9 0.23872
10 0.23872
11 0.23872
12 0.23872
13 0.23872
14 0.240126
15 0.240126
16 0.240643
17 0.242641
18 0.240643
19 0.23787
20 0.240939
21 0.246561
22 0.246561
23 0.246561
24 0.246561
25 0.249667
26 0.250555
27 0.25122
28 0.25159
29 0.25159
30 0.25159
31 0.25159
32 0.25159
33 0.25159
34 0.25784
35 0.25784
36 0.25784
37 0.25784
38 0.25784
39 0.25784
40 0.25784
41 0.25784
42 0.25784
43 0.25784
44 0.25784
45 0.25784
46 0.25784
47 0.25784
48 0.25784
49 0.25784
50 0.25784
51 0.25784
52 0.25784
53 0.25784
54 0.25784
55 0.25784
56 0.25784
57 0.25784
58 0.25784
59 0.25784
60 0.25784
61 0.25784
62 0.25784
63 0.25784
64 0.25784
65 0.25784
66 0.25784
67 0.25784
68 0.25784
69 0.25784
70 0.25784
71 0.25784
72 0.25784
73 0.25784
74 0.25784
75 0.25784
76 0.25784
77 0.25784
78 0.25784
79 0.25784
80 0.258247
81 0.258247
82 0.258247
83 0.258247
84 0.258247
85 0.258247
86 0.258247
87 0.258247
88 0.258247
89 0.258247
90 0.258247
91 0.258247
92 0.257507
93 0.251036
94 0.251036
95 0.251036
96 0.251036
97 0.251036
98 0.252663
99 0.252663
100 0.252663
101 0.252663
102 0.251923
103 0.250444
104 0.250444
105 0.250444
106 0.250444
107 0.250444
108 0.250444
109 0.250444
110 0.250444
111 0.250444
112 0.250444
113 0.250444
114 0.250444
115 0.250444
116 0.252515
117 0.252811
118 0.252811
119 0.251923
120 0.252811
121 0.252811
122 0.251923
123 0.251923
124 0.252959
125 0.252959
126 0.252959
127 0.252219
128 0.252219
129 0.252219
130 0.252219
131 0.252219
132 0.252219
133 0.252219
134 0.252219
135 0.252219
136 0.252219
137 0.252219
138 0.252959
139 0.252219
140 0.252219
141 0.250888
142 0.250888
143 0.250888
144 0.250888
145 0.250888
146 0.252071
147 0.252071
148 0.252071
149 0.252071
150 0.252071
151 0.252071
152 0.249112
153 0.249112
154 0.249408
155 0.249408
156 0.249408
157 0.249408
158 0.249408
159 0.249408
160 0.249408
161 0.24926
162 0.249408
163 0.249408
164 0.24926
165 0.24926
166 0.24926
167 0.24926
168 0.24926
169 0.249556
170 0.249556
171 0.249556
172 0.24926
173 0.24926
174 0.24926
175 0.24926
176 0.249408
177 0.249408
178 0.249408
179 0.249408
180 0.24926
181 0.24926
182 0.24926
183 0.24926
184 0.24926
185 0.24926
186 0.24926
187 0.24926
188 0.24926
189 0.24926
190 0.248964
191 0.24926
192 0.249408
