0 0
1 0.0818966
2 0.087931
3 0.0965517
4 0.087931
5 0.0853448
6 0.087069
7 0.0887931
8 0.0853448
9 0.0887931
10 0.0844828
11 0.087931
12 0.087069
13 0.0810345
14 0.0836207
15 0.0887931
16 0.100862
17 0.142241
18 0.158621
19 0.158621
20 0.158621
21 0.164655
22 0.164655
23 0.132759
24 0.132759
25 0.132759
26 0.171552
27 0.160345
28 0.160345
29 0.160345
30 0.160345
31 0.160345
32 0.160345
33 0.160345
34 0.160345
35 0.160345
36 0.160345
37 0.160345
38 0.160345
39 0.160345
40 0.160345
41 0.160345
42 0.160345
43 0.160345
44 0.160345
45 0.160345
46 0.160345
47 0.160345
48 0.160345
49 0.160345
50 0.160345
51 0.160345
52 0.160345
53 0.160345
54 0.160345
55 0.160345
56 0.160345
57 0.160345
58 0.160345
59 0.160345
60 0.160345
61 0.160345
62 0.160345
63 0.160345
64 0.160345
65 0.160345
66 0.160345
67 0.160345
68 0.160345
69 0.160345
70 0.160345
71 0.160345
72 0.160345
73 0.160345
74 0.168103
75 0.168103
76 0.167241
77 0.167241
78 0.167241
79 0.167241
80 0.167241
81 0.167241
82 0.167241
83 0.167241
84 0.167241
85 0.167241
86 0.167241
87 0.167241
88 0.167241
89 0.167241
90 0.167241
91 0.167241
92 0.167241
93 0.167241
94 0.167241
95 0.167241
96 0.167241
97 0.167241
98 0.167241
99 0.167241
100 0.167241
101 0.167241
102 0.167241
103 0.167241
104 0.167241
105 0.167241
106 0.167241
107 0.167241
108 0.167241
109 0.167241
110 0.167241
111 0.167241
112 0.167241
113 0.167241
114 0.167241
115 0.167241
116 0.167241
117 0.167241
118 0.167241
119 0.167241
120 0.167241
121 0.167241
122 0.167241
123 0.167241
124 0.167241
125 0.167241
126 0.167241
127 0.167241
128 0.167241
129 0.167241
130 0.187069
131 0.187069
132 0.187069
133 0.187069
134 0.187069
135 0.187069
136 0.187069
137 0.187069
138 0.187069
139 0.187069
140 0.187069
141 0.187069
142 0.187069
143 0.187069
144 0.187069
145 0.187069
146 0.187069
147 0.187069
148 0.187069
149 0.187069
150 0.187069
151 0.187069
152 0.187069
153 0.187069
154 0.187069
155 0.187069
156 0.187069
157 0.187069
158 0.187069
159 0.187069
160 0.187069
161 0.187069
162 0.187069
163 0.187069
164 0.187069
165 0.187069
166 0.187069
167 0.187069
168 0.187069
169 0.187069
170 0.187069
171 0.183621
172 0.187069
173 0.187069
174 0.187069
175 0.187069
176 0.187069
177 0.187069
178 0.187069
179 0.187069
180 0.187069
181 0.187069
182 0.187069
183 0.187069
184 0.187069
185 0.187069
186 0.187069
187 0.187069
188 0.187069
189 0.187069
190 0.187069
191 0.187069
192 0.187069
193 0.187069
194 0.187069
195 0.187069
196 0.187069
197 0.187069
198 0.187069
199 0.187069
200 0.187069
201 0.187069
202 0.187069
203 0.187069
204 0.187069
205 0.187069
206 0.187069
207 0.187069
208 0.187069
209 0.187069
210 0.187069
211 0.187069
212 0.187069
213 0.187069
214 0.187069
215 0.187069
216 0.187069
