0 0
1 0.154762
2 0.157703
3 0.173296
4 0.173296
5 0.174837
6 0.174837
7 0.175397
8 0.176471
9 0.176611
10 0.176611
11 0.17605
12 0.195331
13 0.208683
14 0.208683
15 0.208683
16 0.208263
17 0.214006
18 0.223669
19 0.236975
20 0.236975
21 0.244818
22 0.238235
23 0.238235
24 0.238235
25 0.238235
26 0.238235
27 0.238235
28 0.238235
29 0.244538
30 0.244538
31 0.245238
32 0.245238
33 0.245238
34 0.245238
35 0.245238
36 0.245238
37 0.245238
38 0.246078
39 0.246078
40 0.246078
41 0.246078
42 0.245238
43 0.245238
44 0.245238
45 0.245798
46 0.245798
47 0.245798
48 0.245798
49 0.245798
50 0.245798
51 0.245798
52 0.245798
53 0.245798
54 0.245798
55 0.245798
56 0.245798
57 0.245798
58 0.245798
59 0.247339
60 0.247339
61 0.247339
62 0.247339
63 0.247339
64 0.247339
65 0.247339
66 0.247339
67 0.247339
68 0.247339
69 0.247339
70 0.247339
71 0.247339
72 0.247339
73 0.260084
74 0.260084
75 0.260084
76 0.260084
77 0.260084
78 0.260084
79 0.255742
80 0.245518
81 0.245518
82 0.245518
83 0.245518
84 0.245518
85 0.255322
86 0.255322
87 0.255322
88 0.255322
89 0.255322
90 0.255322
91 0.255322
92 0.255322
93 0.255322
94 0.255322
95 0.255042
96 0.255042
97 0.255042
98 0.255042
99 0.255042
100 0.255042
101 0.255042
102 0.255042
103 0.255322
104 0.255322
105 0.255322
106 0.255322
107 0.255322
108 0.255322
109 0.255322
110 0.254762
111 0.255042
112 0.255042
113 0.255042
114 0.255042
115 0.255042
116 0.255042
117 0.255042
118 0.255042
119 0.255042
120 0.255042
121 0.255042
122 0.255042
123 0.255042
124 0.255042
125 0.254342
126 0.254342
127 0.254342
128 0.254342
129 0.254342
130 0.254342
131 0.254342
132 0.255322
133 0.256583
134 0.256583
135 0.256583
136 0.256583
137 0.256583
138 0.256583
139 0.256583
140 0.256583
141 0.256583
142 0.256583
143 0.256583
144 0.256583
145 0.256583
146 0.256583
147 0.256583
148 0.256022
149 0.256022
150 0.256022
151 0.256022
152 0.256022
153 0.256022
154 0.256022
155 0.256022
156 0.256022
157 0.256022
158 0.256022
159 0.256022
160 0.256022
161 0.256022
162 0.256022
163 0.256022
164 0.256022
165 0.256022
166 0.256443
167 0.256443
168 0.256443
169 0.256443
170 0.256443
171 0.256443
172 0.256443
173 0.256443
174 0.256443
175 0.255462
176 0.255462
177 0.255462
178 0.255462
179 0.255462
180 0.255462
181 0.255742
182 0.255742
183 0.255462
184 0.255462
185 0.254062
186 0.254062
187 0.254062
188 0.254062
189 0.254062
190 0.255322
191 0.255322
