0 0
1 0.187097
2 0.245161
3 0.245161
4 0.277419
5 0.277419
6 0.277419
7 0.277419
8 0.277419
9 0.277419
10 0.245161
11 0.245161
12 0.245161
13 0.258065
14 0.258065
15 0.258065
16 0.258065
17 0.258065
18 0.258065
19 0.258065
20 0.258065
21 0.258065
22 0.258065
23 0.258065
24 0.258065
25 0.258065
26 0.258065
27 0.258065
28 0.258065
29 0.258065
30 0.258065
31 0.258065
32 0.258065
33 0.258065
34 0.258065
35 0.258065
36 0.258065
37 0.258065
38 0.258065
39 0.258065
40 0.258065
41 0.258065
42 0.258065
43 0.258065
44 0.258065
45 0.258065
46 0.258065
47 0.258065
48 0.258065
49 0.277419
50 0.277419
51 0.277419
52 0.277419
53 0.277419
54 0.277419
55 0.277419
56 0.277419
57 0.277419
58 0.277419
59 0.277419
60 0.277419
61 0.277419
62 0.277419
63 0.277419
64 0.277419
65 0.277419
66 0.277419
67 0.277419
68 0.277419
69 0.277419
70 0.277419
71 0.277419
72 0.277419
73 0.277419
74 0.277419
75 0.277419
76 0.277419
77 0.277419
78 0.277419
79 0.277419
80 0.277419
81 0.277419
82 0.277419
83 0.277419
84 0.277419
85 0.277419
86 0.277419
87 0.277419
88 0.277419
89 0.277419
90 0.277419
91 0.277419
92 0.277419
93 0.277419
94 0.277419
95 0.277419
96 0.277419
97 0.277419
98 0.277419
99 0.277419
100 0.277419
101 0.277419
102 0.277419
103 0.277419
104 0.277419
105 0.277419
106 0.277419
107 0.277419
108 0.277419
109 0.277419
110 0.277419
111 0.277419
112 0.277419
113 0.277419
114 0.277419
115 0.277419
116 0.277419
117 0.277419
118 0.277419
119 0.277419
120 0.277419
121 0.277419
122 0.277419
123 0.277419
124 0.277419
125 0.277419
126 0.277419
127 0.277419
128 0.277419
129 0.277419
130 0.277419
131 0.277419
132 0.277419
133 0.277419
134 0.277419
135 0.277419
136 0.277419
137 0.277419
138 0.277419
139 0.277419
140 0.277419
141 0.277419
142 0.277419
143 0.277419
144 0.277419
145 0.277419
146 0.277419
147 0.277419
148 0.277419
149 0.277419
150 0.277419
