0 0
1 0.140889
2 0.146222
3 0.145074
4 0.173333
5 0.173333
6 0.173333
7 0.163778
8 0.161333
9 0.178667
10 0.180889
11 0.180889
12 0.180889
13 0.177333
14 0.177333
15 0.177333
16 0.177333
17 0.177333
18 0.177333
19 0.177333
20 0.177333
21 0.177333
22 0.177333
23 0.177333
24 0.177333
25 0.177333
26 0.177333
27 0.18
28 0.18
29 0.18
30 0.18
31 0.18
32 0.18
33 0.18
34 0.18
35 0.175556
36 0.175556
37 0.175556
38 0.175111
39 0.176
40 0.176
41 0.176
42 0.176
43 0.180889
44 0.180889
45 0.180889
46 0.180889
47 0.180889
48 0.177333
49 0.177333
50 0.177333
51 0.177333
52 0.177333
53 0.177333
54 0.177333
55 0.177333
56 0.177333
57 0.174667
58 0.174667
59 0.174667
60 0.174667
61 0.174667
62 0.174667
63 0.174667
64 0.174667
65 0.174667
66 0.174667
67 0.175556
68 0.175556
69 0.174667
70 0.174667
71 0.174667
72 0.174667
73 0.175556
74 0.174667
75 0.174667
76 0.174667
77 0.174667
78 0.174667
79 0.174667
80 0.174667
81 0.174667
82 0.174667
83 0.178222
84 0.178222
85 0.178222
86 0.178222
87 0.178222
88 0.178222
89 0.175111
90 0.175111
91 0.175111
92 0.175111
93 0.175556
94 0.175556
95 0.175556
96 0.175556
97 0.175556
98 0.175556
99 0.175556
100 0.175556
101 0.175556
102 0.175556
103 0.175556
104 0.175556
105 0.175556
106 0.175556
107 0.178667
108 0.178667
109 0.178667
110 0.178667
111 0.178667
112 0.178667
113 0.176
114 0.176
115 0.176
116 0.179111
117 0.179111
118 0.180889
119 0.180889
120 0.180889
121 0.175111
122 0.175111
123 0.175111
124 0.175111
125 0.175111
126 0.175111
127 0.175111
128 0.175111
129 0.175111
130 0.175111
131 0.175111
132 0.175111
133 0.175111
134 0.175111
135 0.175111
136 0.175111
137 0.175111
138 0.175111
139 0.175556
140 0.175556
141 0.175556
142 0.173778
143 0.173778
144 0.173778
145 0.173778
146 0.173778
147 0.173778
148 0.173778
149 0.173778
150 0.178222
