0 0
1 0.158964
2 0.196872
3 0.19986
4 0.205182
5 0.205182
6 0.205182
7 0.213539
8 0.212885
9 0.22577
10 0.236975
11 0.236975
12 0.236975
13 0.241036
14 0.241036
15 0.241036
16 0.241036
17 0.241036
18 0.241036
19 0.241036
20 0.241036
21 0.241036
22 0.241036
23 0.241036
24 0.241036
25 0.241036
26 0.241036
27 0.241457
28 0.241457
29 0.241457
30 0.241457
31 0.241457
32 0.241457
33 0.241457
34 0.241457
35 0.247899
36 0.2493
37 0.2493
38 0.25014
39 0.25084
40 0.25084
41 0.25084
42 0.25084
43 0.247339
44 0.247339
45 0.247339
46 0.247339
47 0.247339
48 0.245658
49 0.259944
50 0.259944
51 0.259944
52 0.259944
53 0.259944
54 0.259944
55 0.260084
56 0.260084
57 0.259944
58 0.259944
59 0.259944
60 0.259944
61 0.259664
62 0.259664
63 0.259664
64 0.259664
65 0.259664
66 0.259664
67 0.261204
68 0.261204
69 0.262465
70 0.262465
71 0.262465
72 0.262465
73 0.261204
74 0.254202
75 0.254202
76 0.254202
77 0.254202
78 0.254202
79 0.254202
80 0.254202
81 0.254202
82 0.254202
83 0.261204
84 0.261204
85 0.261204
86 0.261204
87 0.261204
88 0.261204
89 0.261204
90 0.261204
91 0.261204
92 0.261204
93 0.254062
94 0.254062
95 0.254062
96 0.254062
97 0.254062
98 0.254062
99 0.254062
100 0.254062
101 0.254062
102 0.254062
103 0.254062
104 0.254062
105 0.254062
106 0.254062
107 0.254062
108 0.254062
109 0.254062
110 0.254062
111 0.254062
112 0.254062
113 0.254062
114 0.254062
115 0.254062
116 0.254342
117 0.254342
118 0.254062
119 0.254062
120 0.254062
121 0.254202
122 0.254202
123 0.254202
124 0.254202
125 0.254202
126 0.254202
127 0.254202
128 0.254202
129 0.254482
130 0.254482
131 0.254202
132 0.254202
133 0.254202
134 0.254202
135 0.254202
136 0.254202
137 0.254202
138 0.254202
139 0.253641
140 0.253641
141 0.253641
142 0.253081
143 0.253081
144 0.253081
145 0.253081
146 0.253081
147 0.253081
148 0.253081
149 0.253081
150 0.253501
