0 0
1 0.119485
2 0.136397
3 0.139338
4 0.136397
5 0.189522
6 0.216728
7 0.217279
8 0.217279
9 0.217279
10 0.217279
11 0.217279
12 0.220588
13 0.241176
14 0.239154
15 0.215257
16 0.215257
17 0.221875
18 0.233456
19 0.233456
20 0.233456
21 0.233456
22 0.233456
23 0.233456
24 0.233456
25 0.233456
26 0.232169
27 0.232169
28 0.232169
29 0.22739
30 0.22739
31 0.22739
32 0.22739
33 0.22739
34 0.229963
35 0.229963
36 0.232169
37 0.231066
38 0.231801
39 0.229963
40 0.229963
41 0.231066
42 0.231066
43 0.231985
44 0.231985
45 0.231985
46 0.231985
47 0.221324
48 0.221324
49 0.221324
50 0.221324
51 0.221324
52 0.221324
53 0.221324
54 0.219669
55 0.219669
56 0.219669
57 0.220037
58 0.220037
59 0.23989
60 0.23989
61 0.23989
62 0.23989
63 0.23989
64 0.23989
65 0.24136
66 0.239706
67 0.240074
68 0.239706
69 0.239706
70 0.239706
71 0.240074
72 0.236029
73 0.236029
74 0.236029
75 0.236029
76 0.236029
77 0.236029
78 0.236029
79 0.236029
80 0.236029
81 0.236029
82 0.236029
83 0.236029
84 0.236029
85 0.236029
86 0.236029
87 0.236029
88 0.236029
89 0.236029
90 0.236029
91 0.236029
92 0.236213
93 0.236213
94 0.236213
95 0.236213
96 0.236213
97 0.242647
98 0.238051
99 0.242647
100 0.242647
101 0.242647
102 0.242647
103 0.242647
104 0.242647
105 0.242647
106 0.242647
107 0.242647
108 0.242647
109 0.242463
110 0.242647
111 0.242647
112 0.242647
113 0.242647
114 0.242647
115 0.242647
116 0.242647
117 0.242647
118 0.242647
119 0.242647
120 0.242647
121 0.242647
122 0.242647
123 0.242647
124 0.242647
125 0.242647
126 0.242647
127 0.242463
128 0.242463
129 0.242463
130 0.242463
131 0.242463
132 0.242463
133 0.242463
134 0.242463
135 0.242463
136 0.242463
137 0.240993
138 0.240993
139 0.240993
140 0.240993
141 0.240993
142 0.240993
143 0.240993
144 0.240993
145 0.240993
146 0.240993
147 0.238971
148 0.238971
149 0.238971
150 0.238971
151 0.238971
152 0.238971
153 0.238971
154 0.239706
155 0.239706
156 0.239706
157 0.239706
158 0.239706
159 0.239706
160 0.239706
161 0.239706
162 0.238971
163 0.238971
164 0.238971
165 0.238971
166 0.238971
167 0.238971
168 0.238971
169 0.238971
170 0.238971
171 0.238971
172 0.238971
173 0.238971
174 0.238971
175 0.234559
176 0.234559
177 0.234559
178 0.234559
179 0.234559
