0 0
1 0.137778
2 0.146222
3 0.134444
4 0.147185
5 0.146741
6 0.147185
7 0.146593
8 0.141407
9 0.158444
10 0.167815
11 0.165333
12 0.169111
13 0.167407
14 0.175185
15 0.177333
16 0.177333
17 0.177333
18 0.177333
19 0.177333
20 0.177333
21 0.177333
22 0.177333
23 0.177333
24 0.177333
25 0.177333
26 0.177333
27 0.180444
28 0.180444
29 0.180444
30 0.180444
31 0.180444
32 0.180444
33 0.180444
34 0.180444
35 0.180444
36 0.180444
37 0.178222
38 0.178222
39 0.178222
40 0.178222
41 0.178222
42 0.177778
43 0.178222
44 0.178222
45 0.178222
46 0.178222
47 0.178222
48 0.178222
49 0.179556
50 0.179556
51 0.179556
52 0.179556
53 0.179556
54 0.179556
55 0.179556
56 0.179556
57 0.179556
58 0.179556
59 0.179556
60 0.179556
61 0.179556
62 0.179111
63 0.179111
64 0.179111
65 0.179111
66 0.179111
67 0.179111
68 0.179111
69 0.179111
70 0.179111
71 0.179111
72 0.179111
73 0.179111
74 0.180889
75 0.180889
76 0.178667
77 0.178667
78 0.178667
79 0.178667
80 0.178667
81 0.178667
82 0.178667
83 0.178667
84 0.178667
85 0.178667
86 0.178667
87 0.178667
88 0.178667
89 0.178667
90 0.178667
91 0.178667
92 0.176
93 0.176
94 0.176
95 0.176
96 0.176
97 0.18
98 0.18
99 0.178667
100 0.178667
101 0.178667
102 0.178667
103 0.178667
104 0.178667
105 0.178667
106 0.178667
107 0.178667
108 0.178667
109 0.178667
110 0.178667
111 0.178667
112 0.178667
113 0.178667
114 0.178667
115 0.178667
116 0.178667
117 0.178667
118 0.178667
119 0.178667
120 0.178667
121 0.178667
122 0.178667
123 0.178667
124 0.178667
125 0.178667
126 0.175556
127 0.175556
128 0.175556
129 0.175556
130 0.175556
131 0.175556
132 0.175556
133 0.175556
134 0.175556
135 0.175556
136 0.175556
137 0.175556
138 0.175556
139 0.175556
140 0.175556
141 0.175556
142 0.175556
143 0.175556
144 0.175556
145 0.175556
146 0.175556
147 0.175556
148 0.175556
149 0.175556
150 0.175556
151 0.174667
152 0.174667
153 0.174667
154 0.175556
155 0.175556
156 0.175556
157 0.175556
158 0.175556
159 0.175556
160 0.175556
161 0.175556
162 0.175556
163 0.175556
164 0.175556
165 0.175556
166 0.175556
167 0.175556
168 0.175556
169 0.175556
170 0.175556
171 0.175556
172 0.175556
173 0.175556
174 0.175556
175 0.175556
176 0.175556
177 0.175556
178 0.175556
179 0.175556
180 0.175556
181 0.175556
182 0.175556
183 0.175556
184 0.175556
185 0.175556
186 0.175556
