0 0
1 0.160484
2 0.185579
3 0.185579
4 0.186942
5 0.214042
6 0.227214
7 0.227214
8 0.227214
9 0.227214
10 0.227214
11 0.227214
12 0.227214
13 0.227214
14 0.230545
15 0.230545
16 0.231756
17 0.234936
18 0.231756
19 0.229031
20 0.23221
21 0.238418
22 0.238418
23 0.237661
24 0.237661
25 0.236601
26 0.236601
27 0.239175
28 0.239932
29 0.239932
30 0.239932
31 0.239932
32 0.239932
33 0.239932
34 0.242089
35 0.242089
36 0.242089
37 0.242089
38 0.242089
39 0.242089
40 0.242089
41 0.242089
42 0.242089
43 0.242089
44 0.242089
45 0.242089
46 0.242089
47 0.242089
48 0.242089
49 0.242089
50 0.242089
51 0.242089
52 0.242089
53 0.242089
54 0.242089
55 0.242089
56 0.242089
57 0.242089
58 0.242089
59 0.242089
60 0.242089
61 0.242089
62 0.242089
63 0.242089
64 0.242089
65 0.242089
66 0.242089
67 0.242089
68 0.242089
69 0.242089
70 0.242089
71 0.242089
72 0.242089
73 0.242089
74 0.242089
75 0.242089
76 0.242089
77 0.242089
78 0.242089
79 0.242089
80 0.257797
81 0.257797
82 0.257797
83 0.257797
84 0.257797
85 0.257797
86 0.257797
87 0.257797
88 0.257797
89 0.2581
90 0.2581
91 0.2581
92 0.2581
93 0.264345
94 0.264345
95 0.264345
96 0.264345
97 0.264345
98 0.265254
99 0.265254
100 0.265254
101 0.265254
102 0.265556
103 0.266313
104 0.265556
105 0.265556
106 0.266313
107 0.266313
108 0.266313
109 0.266313
110 0.266313
111 0.266313
112 0.266313
113 0.266313
114 0.266313
115 0.266313
116 0.262983
117 0.264497
118 0.264497
119 0.265254
120 0.264497
121 0.264497
122 0.265254
123 0.265254
124 0.265254
125 0.265254
126 0.265254
127 0.265405
128 0.265405
129 0.265405
130 0.265405
131 0.265405
132 0.265405
133 0.265405
134 0.265405
135 0.265405
136 0.265405
137 0.265405
138 0.265405
139 0.265405
140 0.265405
141 0.266465
142 0.266465
143 0.266465
144 0.266465
145 0.266465
146 0.264497
147 0.264497
148 0.264497
149 0.264497
150 0.264497
151 0.264497
152 0.262226
153 0.262226
154 0.262226
155 0.262226
156 0.262226
157 0.262226
158 0.262226
159 0.262226
160 0.262226
161 0.262226
162 0.261469
163 0.261469
164 0.262226
165 0.262226
166 0.262226
167 0.262226
168 0.262226
169 0.262377
170 0.262377
171 0.262377
172 0.262226
173 0.262226
174 0.262226
175 0.262226
176 0.262226
177 0.262226
178 0.262226
179 0.262226
180 0.261771
181 0.261771
182 0.261771
183 0.261771
184 0.261771
185 0.261771
186 0.261771
187 0.261771
188 0.261771
189 0.261771
190 0.262074
191 0.262074
192 0.261923
