0 0
1 0.0786612
2 0.0843935
3 0.182212
4 0.213166
5 0.213166
6 0.213166
7 0.213166
8 0.225999
9 0.225999
10 0.225999
11 0.225999
12 0.229105
13 0.229105
14 0.229105
15 0.250851
16 0.253107
17 0.253107
18 0.253107
19 0.253107
20 0.251036
21 0.251036
22 0.249408
23 0.249408
24 0.249408
25 0.249408
26 0.249408
27 0.249408
28 0.249408
29 0.249408
30 0.249408
31 0.249408
32 0.249408
33 0.249408
34 0.249408
35 0.249408
36 0.249408
37 0.249408
38 0.249408
39 0.249408
40 0.249408
41 0.257544
42 0.256657
43 0.256657
44 0.257544
45 0.256657
46 0.256805
47 0.25662
48 0.25662
49 0.25662
50 0.25662
51 0.25662
52 0.25662
53 0.255584
54 0.255584
55 0.255584
56 0.255584
57 0.255584
58 0.255584
59 0.255584
60 0.255584
61 0.255584
62 0.254142
63 0.254142
64 0.254142
65 0.254142
66 0.254142
67 0.254142
68 0.254142
69 0.255769
70 0.255769
71 0.255769
72 0.255769
73 0.255769
74 0.255769
75 0.255769
76 0.255769
77 0.255769
78 0.255769
79 0.255769
80 0.255769
81 0.255769
82 0.255769
83 0.255769
84 0.255769
85 0.255769
86 0.255769
87 0.255769
88 0.255769
89 0.25503
90 0.25503
91 0.25503
92 0.25503
93 0.25503
94 0.25503
95 0.251923
96 0.251923
97 0.251923
98 0.251923
99 0.252367
100 0.252367
101 0.252367
102 0.251627
103 0.251627
104 0.251627
105 0.251627
106 0.251627
107 0.251627
108 0.251627
109 0.251627
110 0.253107
111 0.253107
112 0.253107
113 0.253107
114 0.253107
115 0.253107
116 0.253107
117 0.249112
118 0.249112
119 0.249112
120 0.249112
121 0.248669
122 0.248669
123 0.248669
124 0.248669
125 0.248669
126 0.248669
127 0.248669
128 0.248669
129 0.248669
130 0.247929
131 0.247929
132 0.248817
133 0.248817
134 0.248817
135 0.248817
136 0.248817
137 0.248817
138 0.248817
139 0.248817
140 0.248817
141 0.248817
142 0.248817
143 0.248817
144 0.248817
145 0.248817
146 0.248817
147 0.249112
148 0.249408
149 0.249408
150 0.249408
151 0.249408
152 0.248669
153 0.248669
154 0.248669
