0 0
1 0.160651
2 0.157101
3 0.160355
4 0.159024
5 0.159763
6 0.157544
7 0.161686
8 0.158432
9 0.158728
10 0.159911
11 0.159911
12 0.159024
13 0.160207
14 0.159172
15 0.175
16 0.181509
17 0.173656
18 0.226183
19 0.226183
20 0.226183
21 0.237426
22 0.237426
23 0.239645
24 0.239645
25 0.239645
26 0.249408
27 0.25784
28 0.25784
29 0.25784
30 0.25784
31 0.25784
32 0.25784
33 0.25784
34 0.25784
35 0.25784
36 0.25784
37 0.25784
38 0.25784
39 0.25784
40 0.25784
41 0.25784
42 0.25784
43 0.25784
44 0.25784
45 0.25784
46 0.25784
47 0.25784
48 0.25784
49 0.25784
50 0.25784
51 0.25784
52 0.25784
53 0.25784
54 0.25784
55 0.25784
56 0.25784
57 0.25784
58 0.25784
59 0.25784
60 0.25784
61 0.25784
62 0.25784
63 0.25784
64 0.25784
65 0.25784
66 0.25784
67 0.25784
68 0.25784
69 0.25784
70 0.25784
71 0.25784
72 0.25784
73 0.25784
74 0.257692
75 0.257692
76 0.257544
77 0.257544
78 0.257544
79 0.257544
80 0.257544
81 0.258247
82 0.258247
83 0.258247
84 0.258247
85 0.258247
86 0.258247
87 0.258247
88 0.258247
89 0.256213
90 0.256213
91 0.256213
92 0.256213
93 0.256213
94 0.256213
95 0.256213
96 0.256213
97 0.256213
98 0.256213
99 0.259911
100 0.259911
101 0.259911
102 0.257692
103 0.257692
104 0.257692
105 0.257692
106 0.257692
107 0.257692
108 0.257692
109 0.258432
110 0.258432
111 0.258432
112 0.258432
113 0.258432
114 0.258432
115 0.258432
116 0.258432
117 0.256953
118 0.256953
119 0.256953
120 0.256953
121 0.256953
122 0.256953
123 0.256953
124 0.256953
125 0.256953
126 0.256953
127 0.256953
128 0.256953
129 0.256953
130 0.249112
131 0.249112
132 0.249112
133 0.249112
134 0.249112
135 0.249112
136 0.249112
137 0.249112
138 0.24926
139 0.249408
140 0.248521
141 0.248521
142 0.248521
143 0.249112
144 0.249112
145 0.24926
146 0.24926
147 0.24926
148 0.24926
149 0.24926
150 0.24926
151 0.24926
152 0.24926
153 0.24926
154 0.24926
155 0.24926
156 0.24926
157 0.24926
158 0.24926
159 0.24926
160 0.24926
161 0.24926
162 0.24926
163 0.250148
164 0.250148
165 0.250592
166 0.250592
167 0.250592
168 0.250592
169 0.250592
170 0.250592
171 0.249556
172 0.250592
173 0.250592
174 0.250592
175 0.250592
176 0.24926
177 0.24926
178 0.24926
179 0.24926
180 0.24926
181 0.24926
182 0.24926
183 0.24926
184 0.24926
185 0.24926
186 0.24926
187 0.249408
188 0.249408
189 0.248521
190 0.248521
191 0.248373
192 0.248373
193 0.248373
194 0.248225
195 0.248225
196 0.248225
197 0.248225
198 0.248225
199 0.248225
200 0.248225
201 0.248225
202 0.248225
203 0.248225
204 0.248225
205 0.248225
206 0.248225
207 0.248225
208 0.248225
209 0.248225
210 0.248669
211 0.248669
212 0.248669
213 0.248669
214 0.247929
215 0.247929
216 0.247929
