0 0
1 0.160224
2 0.153922
3 0.191036
4 0.191036
5 0.191036
6 0.256863
7 0.256863
8 0.247759
9 0.247759
10 0.247759
11 0.247759
12 0.25014
13 0.25014
14 0.25014
15 0.25014
16 0.257143
17 0.257143
18 0.251821
19 0.251821
20 0.238235
21 0.238235
22 0.238235
23 0.238235
24 0.238235
25 0.238235
26 0.238235
27 0.238235
28 0.238235
29 0.238235
30 0.238235
31 0.238235
32 0.238235
33 0.238235
34 0.238235
35 0.238235
36 0.238235
37 0.238235
38 0.238235
39 0.238235
40 0.238235
41 0.238235
42 0.238235
43 0.238235
44 0.238235
45 0.238235
46 0.238235
47 0.238235
48 0.238235
49 0.238235
50 0.238235
51 0.238235
52 0.238235
53 0.242577
54 0.242577
55 0.242577
56 0.242577
57 0.242577
58 0.242577
59 0.242577
60 0.242577
61 0.242577
62 0.246218
63 0.246218
64 0.246218
65 0.246218
66 0.246218
67 0.246218
68 0.246218
69 0.246218
70 0.246218
71 0.246218
72 0.246218
73 0.246218
74 0.246218
75 0.260084
76 0.260084
77 0.260084
78 0.260084
79 0.260084
80 0.260084
81 0.260084
82 0.260084
83 0.260084
84 0.260084
85 0.259664
86 0.260084
87 0.260084
88 0.260084
89 0.258263
90 0.258263
91 0.258263
92 0.258263
93 0.258263
94 0.258263
95 0.258263
96 0.258263
97 0.259804
98 0.259804
99 0.259384
100 0.259384
101 0.259384
102 0.259384
103 0.246499
104 0.246499
105 0.246499
106 0.246499
107 0.246499
108 0.246499
109 0.254062
110 0.254062
111 0.254062
112 0.254062
113 0.254062
114 0.254062
115 0.254062
116 0.254062
117 0.254062
118 0.254062
119 0.254062
120 0.254062
121 0.254062
122 0.254062
123 0.254062
124 0.254062
125 0.254062
126 0.254062
127 0.254062
128 0.254062
129 0.254062
130 0.254062
131 0.254062
132 0.254062
133 0.254062
134 0.254062
135 0.254062
136 0.254062
137 0.254062
138 0.254062
139 0.254202
140 0.254202
141 0.254202
142 0.254202
143 0.254202
144 0.254202
145 0.254202
146 0.254202
147 0.254202
148 0.254202
149 0.254202
150 0.254202
151 0.254482
152 0.254482
153 0.254482
154 0.254482
155 0.254482
156 0.254482
157 0.254482
158 0.254482
159 0.254482
160 0.254482
161 0.254202
162 0.254202
163 0.254202
164 0.254202
165 0.254202
166 0.254202
167 0.254202
168 0.254202
169 0.254202
170 0.254202
171 0.254202
172 0.254762
173 0.253081
174 0.253081
175 0.253221
