0 0
1 0.11567
2 0.160484
3 0.17975
4 0.163323
5 0.18698
6 0.186223
7 0.212642
8 0.214724
9 0.216692
10 0.223543
11 0.22025
12 0.232362
13 0.232362
14 0.232362
15 0.233724
16 0.233724
17 0.233724
18 0.245079
19 0.245079
20 0.245079
21 0.237055
22 0.237358
23 0.2324
24 0.2324
25 0.2324
26 0.2324
27 0.2324
28 0.239667
29 0.239023
30 0.239023
31 0.242808
32 0.242808
33 0.242808
34 0.239213
35 0.239213
36 0.239213
37 0.239213
38 0.239213
39 0.239213
40 0.240537
41 0.240537
42 0.240537
43 0.240537
44 0.240537
45 0.254807
46 0.254807
47 0.254807
48 0.254807
49 0.254807
50 0.254807
51 0.254807
52 0.254807
53 0.258138
54 0.258138
55 0.258138
56 0.258138
57 0.258138
58 0.258138
59 0.258138
60 0.258138
61 0.258138
62 0.258138
63 0.258138
64 0.258138
65 0.258138
66 0.258138
67 0.258138
68 0.258138
69 0.258138
70 0.251325
71 0.251325
72 0.251325
73 0.251325
74 0.251325
75 0.251325
76 0.251325
77 0.251325
78 0.251325
79 0.252687
80 0.252687
81 0.252687
82 0.252687
83 0.26374
84 0.261923
85 0.261923
86 0.261923
87 0.261923
88 0.261923
89 0.261923
90 0.261923
91 0.261923
92 0.261923
93 0.261923
94 0.261923
95 0.261923
96 0.261923
97 0.262074
98 0.262074
99 0.262074
100 0.262074
101 0.262074
102 0.262074
103 0.262074
104 0.262074
105 0.262074
106 0.262074
107 0.262074
108 0.262074
109 0.262074
110 0.262074
111 0.262074
112 0.262074
113 0.261317
114 0.261317
115 0.261317
116 0.261317
117 0.261317
118 0.261317
119 0.261317
120 0.260863
121 0.260863
122 0.260863
123 0.261014
124 0.261014
125 0.260863
126 0.260863
127 0.259803
128 0.259803
129 0.26162
130 0.26162
131 0.26162
132 0.26162
133 0.26162
134 0.261469
135 0.260106
136 0.26056
137 0.26056
138 0.26056
139 0.26056
140 0.26056
141 0.261771
142 0.261771
143 0.261771
144 0.259652
145 0.259652
146 0.261166
147 0.261166
148 0.261166
149 0.261166
150 0.261166
