0 0
1 0.143413
2 0.168713
3 0.169162
4 0.171257
5 0.187425
6 0.207934
7 0.222605
8 0.222605
9 0.222605
10 0.222605
11 0.222605
12 0.226347
13 0.236377
14 0.236826
15 0.247455
16 0.247455
17 0.248653
18 0.25479
19 0.25479
20 0.25479
21 0.25479
22 0.25479
23 0.25479
24 0.25479
25 0.25479
26 0.25494
27 0.25494
28 0.25494
29 0.255389
30 0.255389
31 0.255389
32 0.255389
33 0.255389
34 0.255389
35 0.255389
36 0.255539
37 0.255689
38 0.255689
39 0.255988
40 0.255988
41 0.256138
42 0.256138
43 0.256587
44 0.256587
45 0.256587
46 0.256587
47 0.269162
48 0.269162
49 0.269162
50 0.269162
51 0.269162
52 0.269162
53 0.269162
54 0.26991
55 0.26991
56 0.26991
57 0.27006
58 0.27006
59 0.27485
60 0.27485
61 0.27485
62 0.27485
63 0.27485
64 0.27485
65 0.27515
66 0.275749
67 0.275749
68 0.275749
69 0.275898
70 0.275898
71 0.276048
72 0.276647
73 0.276647
74 0.276647
75 0.276647
76 0.277395
77 0.277395
78 0.277395
79 0.277395
80 0.277395
81 0.277395
82 0.277395
83 0.277395
84 0.277395
85 0.277395
86 0.277395
87 0.277395
88 0.277395
89 0.277395
90 0.277395
91 0.277395
92 0.277994
93 0.277994
94 0.277994
95 0.277994
96 0.277994
97 0.278293
98 0.278443
99 0.279042
100 0.279042
101 0.279042
102 0.279042
103 0.279042
104 0.279042
105 0.279042
106 0.279042
107 0.279042
108 0.279042
109 0.279042
110 0.279042
111 0.279042
112 0.279042
113 0.279042
114 0.279042
115 0.279042
116 0.279042
117 0.279042
118 0.279042
119 0.279042
120 0.279042
121 0.279042
122 0.279042
123 0.279042
124 0.279042
125 0.279042
126 0.279042
127 0.279042
128 0.279042
129 0.279042
130 0.279042
131 0.279042
132 0.279042
133 0.279042
134 0.279042
135 0.279042
136 0.279042
137 0.279491
138 0.279491
139 0.279491
140 0.279491
141 0.279491
142 0.279491
143 0.279491
144 0.279491
145 0.279491
146 0.279491
147 0.280389
148 0.280389
149 0.280389
150 0.280389
151 0.280389
152 0.280389
153 0.280389
154 0.280838
155 0.280838
156 0.280838
157 0.280838
158 0.280838
159 0.280838
160 0.280838
161 0.280838
162 0.280988
163 0.281437
164 0.281437
165 0.281437
166 0.281437
167 0.281737
168 0.281737
169 0.281737
170 0.281737
171 0.282186
172 0.282186
173 0.282186
174 0.282186
175 0.282784
176 0.282784
177 0.282784
178 0.282784
179 0.282784
