0 0
1 0.146709
2 0.155473
3 0.159172
4 0.157249
5 0.179623
6 0.215717
7 0.226183
8 0.226183
9 0.226183
10 0.226183
11 0.226183
12 0.234726
13 0.246154
14 0.246598
15 0.255325
16 0.255325
17 0.251331
18 0.260059
19 0.260059
20 0.260059
21 0.260059
22 0.260059
23 0.260059
24 0.260059
25 0.260059
26 0.25932
27 0.25932
28 0.25932
29 0.259763
30 0.259763
31 0.259763
32 0.259763
33 0.259763
34 0.259615
35 0.259615
36 0.260059
37 0.258432
38 0.259615
39 0.258728
40 0.258728
41 0.258432
42 0.258432
43 0.259024
44 0.259024
45 0.259024
46 0.259024
47 0.25503
48 0.25503
49 0.25503
50 0.25503
51 0.25503
52 0.25503
53 0.25503
54 0.256805
55 0.256805
56 0.256805
57 0.250888
58 0.250888
59 0.254142
60 0.254142
61 0.254142
62 0.254142
63 0.254142
64 0.254142
65 0.251479
66 0.252811
67 0.252663
68 0.252959
69 0.252811
70 0.252811
71 0.252071
72 0.251036
73 0.251036
74 0.251036
75 0.251036
76 0.252811
77 0.252811
78 0.252811
79 0.252811
80 0.252811
81 0.252811
82 0.252811
83 0.252811
84 0.252811
85 0.252811
86 0.252071
87 0.252071
88 0.252071
89 0.252071
90 0.252071
91 0.252071
92 0.252367
93 0.252367
94 0.252367
95 0.252367
96 0.252367
97 0.25503
98 0.252959
99 0.25503
100 0.25503
101 0.25503
102 0.25503
103 0.25503
104 0.25503
105 0.25503
106 0.25503
107 0.25503
108 0.25503
109 0.25503
110 0.25503
111 0.25503
112 0.25503
113 0.25503
114 0.25503
115 0.25503
116 0.25503
117 0.25503
118 0.25503
119 0.25503
120 0.25503
121 0.25503
122 0.25503
123 0.25503
124 0.25503
125 0.25503
126 0.25503
127 0.25503
128 0.25503
129 0.25503
130 0.25503
131 0.25503
132 0.25503
133 0.25503
134 0.25503
135 0.25503
136 0.25503
137 0.254734
138 0.254734
139 0.254734
140 0.254734
141 0.254734
142 0.254734
143 0.254734
144 0.254734
145 0.254734
146 0.254734
147 0.248373
148 0.248373
149 0.248373
150 0.248373
151 0.248373
152 0.248373
153 0.248373
154 0.248225
155 0.248225
156 0.248225
157 0.248225
158 0.248225
159 0.248225
160 0.248373
161 0.248373
162 0.24926
163 0.248225
164 0.248225
165 0.248225
166 0.248225
167 0.24926
168 0.24926
169 0.24926
170 0.24926
171 0.24926
172 0.24926
173 0.24926
174 0.24926
175 0.248225
176 0.248225
177 0.248225
178 0.248225
179 0.248225
