0 0
1 0.161095
2 0.15858
3 0.216272
4 0.216272
5 0.216272
6 0.232101
7 0.231509
8 0.256361
9 0.256361
10 0.256361
11 0.256361
12 0.255917
13 0.255917
14 0.255917
15 0.255917
16 0.247781
17 0.247781
18 0.256805
19 0.256805
20 0.25784
21 0.25784
22 0.25784
23 0.25784
24 0.25784
25 0.25784
26 0.25784
27 0.25784
28 0.25784
29 0.25784
30 0.25784
31 0.25784
32 0.25784
33 0.25784
34 0.25784
35 0.25784
36 0.25784
37 0.25784
38 0.25784
39 0.25784
40 0.25784
41 0.25784
42 0.25784
43 0.25784
44 0.25784
45 0.25784
46 0.25784
47 0.25784
48 0.25784
49 0.25784
50 0.25784
51 0.25784
52 0.25784
53 0.259024
54 0.259024
55 0.259024
56 0.259024
57 0.259024
58 0.259024
59 0.259024
60 0.259024
61 0.259024
62 0.255178
63 0.255178
64 0.255178
65 0.255178
66 0.255178
67 0.255178
68 0.255178
69 0.255178
70 0.255178
71 0.255178
72 0.255178
73 0.255178
74 0.255178
75 0.254142
76 0.254142
77 0.254142
78 0.254142
79 0.254142
80 0.254142
81 0.254142
82 0.254142
83 0.254142
84 0.254142
85 0.252959
86 0.25355
87 0.25355
88 0.25355
89 0.252219
90 0.252219
91 0.252219
92 0.252219
93 0.252219
94 0.252219
95 0.252219
96 0.252219
97 0.254438
98 0.254438
99 0.253254
100 0.253254
101 0.253254
102 0.253254
103 0.255325
104 0.255325
105 0.255325
106 0.255325
107 0.255325
108 0.255325
109 0.24926
110 0.24926
111 0.24926
112 0.24926
113 0.24926
114 0.24926
115 0.24926
116 0.24926
117 0.24926
118 0.24926
119 0.24926
120 0.24926
121 0.24926
122 0.24926
123 0.24926
124 0.24926
125 0.24926
126 0.24926
127 0.24926
128 0.24926
129 0.24926
130 0.24926
131 0.248225
132 0.248225
133 0.248225
134 0.248225
135 0.248225
136 0.248225
137 0.248225
138 0.248225
139 0.248669
140 0.248669
141 0.248669
142 0.248669
143 0.248669
144 0.248669
145 0.248669
146 0.248669
147 0.248669
148 0.248669
149 0.248669
150 0.248669
151 0.248521
152 0.248521
153 0.248521
154 0.248521
155 0.248521
156 0.248669
157 0.248669
158 0.248669
159 0.248669
160 0.248669
161 0.248669
162 0.248669
163 0.248669
164 0.248669
165 0.248669
166 0.248669
167 0.248669
168 0.248669
169 0.248669
170 0.248669
171 0.248669
172 0.247929
173 0.247485
174 0.247485
175 0.248964
