0 0
1 0.0724138
2 0.0844828
3 0.0896552
4 0.0801724
5 0.119828
6 0.146552
7 0.158621
8 0.158621
9 0.158621
10 0.158621
11 0.158621
12 0.156034
13 0.181034
14 0.180172
15 0.156897
16 0.156897
17 0.149138
18 0.150862
19 0.150862
20 0.150862
21 0.150862
22 0.150862
23 0.150862
24 0.150862
25 0.150862
26 0.149138
27 0.149138
28 0.149138
29 0.149138
30 0.149138
31 0.149138
32 0.149138
33 0.149138
34 0.149138
35 0.149138
36 0.144828
37 0.14569
38 0.149138
39 0.149138
40 0.149138
41 0.14569
42 0.14569
43 0.144828
44 0.144828
45 0.144828
46 0.144828
47 0.162931
48 0.162931
49 0.162931
50 0.162931
51 0.162931
52 0.162931
53 0.162931
54 0.162069
55 0.162069
56 0.162069
57 0.161207
58 0.161207
59 0.172414
60 0.172414
61 0.172414
62 0.172414
63 0.172414
64 0.172414
65 0.172414
66 0.172414
67 0.172414
68 0.172414
69 0.172414
70 0.172414
71 0.172414
72 0.180172
73 0.180172
74 0.180172
75 0.180172
76 0.180172
77 0.180172
78 0.180172
79 0.180172
80 0.180172
81 0.180172
82 0.180172
83 0.180172
84 0.180172
85 0.180172
86 0.180172
87 0.180172
88 0.180172
89 0.180172
90 0.180172
91 0.180172
92 0.175862
93 0.175862
94 0.175862
95 0.175862
96 0.175862
97 0.175862
98 0.186207
99 0.180172
100 0.180172
101 0.180172
102 0.180172
103 0.180172
104 0.180172
105 0.180172
106 0.180172
107 0.180172
108 0.180172
109 0.180172
110 0.180172
111 0.180172
112 0.180172
113 0.180172
114 0.180172
115 0.180172
116 0.180172
117 0.180172
118 0.180172
119 0.180172
120 0.180172
121 0.180172
122 0.180172
123 0.180172
124 0.180172
125 0.180172
126 0.180172
127 0.180172
128 0.180172
129 0.180172
130 0.180172
131 0.180172
132 0.180172
133 0.180172
134 0.180172
135 0.180172
136 0.180172
137 0.180172
138 0.180172
139 0.180172
140 0.180172
141 0.180172
142 0.180172
143 0.180172
144 0.180172
145 0.180172
146 0.180172
147 0.186207
148 0.186207
149 0.186207
150 0.186207
151 0.186207
152 0.186207
153 0.186207
154 0.186207
155 0.186207
156 0.186207
157 0.186207
158 0.186207
159 0.186207
160 0.186207
161 0.186207
162 0.186207
163 0.186207
164 0.186207
165 0.186207
166 0.186207
167 0.186207
168 0.186207
169 0.186207
170 0.186207
171 0.186207
172 0.186207
173 0.186207
174 0.186207
175 0.187069
176 0.187069
177 0.187069
178 0.187069
179 0.187069
