0 0
1 0.130672
2 0.15719
3 0.158263
4 0.176797
5 0.194398
6 0.198459
7 0.227498
8 0.227498
9 0.222736
10 0.222736
11 0.222736
12 0.222736
13 0.228338
14 0.224136
15 0.224136
16 0.224136
17 0.224136
18 0.230439
19 0.216807
20 0.248039
21 0.248039
22 0.248039
23 0.25042
24 0.249486
25 0.249486
26 0.249486
27 0.252708
28 0.252708
29 0.260784
30 0.260784
31 0.260784
32 0.260644
33 0.260644
34 0.260644
35 0.260644
36 0.260084
37 0.260084
38 0.260084
39 0.252708
40 0.252708
41 0.259944
42 0.251727
43 0.251727
44 0.251727
45 0.251727
46 0.251727
47 0.251727
48 0.251727
49 0.251727
50 0.251727
51 0.251727
52 0.251727
53 0.251727
54 0.251727
55 0.256723
56 0.256723
57 0.256723
58 0.256723
59 0.256723
60 0.256723
61 0.251867
62 0.251867
63 0.251867
64 0.251867
65 0.251867
66 0.251867
67 0.251867
68 0.251867
69 0.251867
70 0.251867
71 0.251867
72 0.251867
73 0.251867
74 0.251587
75 0.251587
76 0.251587
77 0.251587
78 0.251587
79 0.251587
80 0.251587
81 0.251587
82 0.251587
83 0.251587
84 0.251587
85 0.251587
86 0.251587
87 0.251587
88 0.251587
89 0.251587
90 0.251587
91 0.251587
92 0.251727
93 0.251727
94 0.251727
95 0.251727
96 0.251727
97 0.251727
98 0.251727
99 0.251727
100 0.251727
101 0.252288
102 0.255322
103 0.255322
104 0.255322
105 0.255322
106 0.255322
107 0.255322
108 0.255322
109 0.254762
110 0.255322
111 0.255742
112 0.255742
113 0.255042
114 0.255042
115 0.255742
116 0.255742
117 0.255742
118 0.255742
119 0.255742
120 0.255742
121 0.255742
122 0.256443
123 0.256443
124 0.256443
125 0.254762
126 0.256162
127 0.256162
128 0.256162
129 0.256162
130 0.256162
131 0.256162
132 0.256162
133 0.256162
134 0.256162
135 0.256162
136 0.256162
137 0.256162
138 0.256162
139 0.256443
140 0.256443
141 0.256443
142 0.255742
143 0.255742
144 0.255742
145 0.255742
146 0.255742
147 0.255742
148 0.255742
149 0.256443
150 0.256443
151 0.256443
152 0.256443
153 0.256443
154 0.255042
155 0.255042
156 0.255042
157 0.255042
158 0.255742
159 0.255742
160 0.253081
161 0.253081
162 0.253081
163 0.253081
164 0.253081
165 0.253081
166 0.253081
167 0.253081
168 0.253081
169 0.253081
170 0.253081
171 0.253081
172 0.253081
173 0.253361
174 0.253361
175 0.253361
