0 0
1 0.134118
2 0.133109
3 0.132941
4 0.130084
5 0.13395
6 0.130084
7 0.135126
8 0.140168
9 0.131933
10 0.137647
11 0.132773
12 0.133277
13 0.131597
14 0.128403
15 0.150924
16 0.156303
17 0.172941
18 0.208403
19 0.208403
20 0.208403
21 0.217983
22 0.217983
23 0.192773
24 0.192773
25 0.192773
26 0.227227
27 0.230588
28 0.230588
29 0.230588
30 0.230588
31 0.230588
32 0.230588
33 0.230588
34 0.230588
35 0.230588
36 0.230588
37 0.230588
38 0.230588
39 0.230588
40 0.230588
41 0.230588
42 0.230588
43 0.230588
44 0.230588
45 0.230588
46 0.230588
47 0.230588
48 0.230588
49 0.230588
50 0.230588
51 0.230588
52 0.230588
53 0.230588
54 0.230588
55 0.230588
56 0.230588
57 0.230588
58 0.230588
59 0.230588
60 0.230588
61 0.230588
62 0.230588
63 0.230588
64 0.230588
65 0.230588
66 0.230588
67 0.230588
68 0.230588
69 0.230588
70 0.230588
71 0.230588
72 0.230588
73 0.230588
74 0.240672
75 0.240672
76 0.241008
77 0.241008
78 0.241008
79 0.241008
80 0.241008
81 0.241176
82 0.241176
83 0.241176
84 0.241176
85 0.241176
86 0.241176
87 0.241176
88 0.240336
89 0.239832
90 0.239832
91 0.239832
92 0.239832
93 0.239832
94 0.239832
95 0.239832
96 0.239832
97 0.239832
98 0.239832
99 0.240504
100 0.240504
101 0.240504
102 0.240168
103 0.240168
104 0.240168
105 0.240168
106 0.240168
107 0.240168
108 0.240168
109 0.240336
110 0.240336
111 0.240336
112 0.240336
113 0.240336
114 0.240336
115 0.240336
116 0.240336
117 0.238824
118 0.238824
119 0.238824
120 0.238824
121 0.238824
122 0.238824
123 0.238824
124 0.238824
125 0.238824
126 0.238824
127 0.238824
128 0.238824
129 0.238824
130 0.244034
131 0.244034
132 0.244034
133 0.244034
134 0.244034
135 0.244034
136 0.244034
137 0.244034
138 0.242521
139 0.244034
140 0.243361
141 0.243361
142 0.243361
143 0.244034
144 0.244034
145 0.244034
146 0.244034
147 0.244034
148 0.244034
149 0.244034
150 0.244034
151 0.244034
152 0.244034
153 0.244034
154 0.244034
155 0.244034
156 0.244034
157 0.244034
158 0.244034
159 0.244034
160 0.244034
161 0.244034
162 0.244034
163 0.245042
164 0.245042
165 0.243193
166 0.243193
167 0.243193
168 0.243193
169 0.243193
170 0.243193
171 0.244034
172 0.244034
173 0.244034
174 0.244034
175 0.244034
176 0.243697
177 0.243697
178 0.243697
179 0.243697
180 0.243697
181 0.243697
182 0.243697
183 0.243697
184 0.243697
185 0.243697
186 0.243697
187 0.243697
188 0.243697
189 0.243697
190 0.243697
191 0.243866
192 0.243866
193 0.243866
194 0.244538
195 0.244538
196 0.244538
197 0.244538
198 0.244538
199 0.244538
200 0.244538
201 0.244538
202 0.244538
203 0.244538
204 0.244538
205 0.244538
206 0.244538
207 0.244538
208 0.244538
209 0.244034
210 0.243866
211 0.243866
212 0.243866
213 0.243866
214 0.244034
215 0.244034
216 0.244034
