0 0
1 0.115809
2 0.136397
3 0.133824
4 0.182904
5 0.202574
6 0.203125
7 0.229596
8 0.229596
9 0.177206
10 0.177206
11 0.177206
12 0.177206
13 0.236949
14 0.230699
15 0.230699
16 0.230699
17 0.230699
18 0.232721
19 0.238787
20 0.223529
21 0.223529
22 0.223529
23 0.227206
24 0.23125
25 0.23125
26 0.226838
27 0.22886
28 0.22886
29 0.232353
30 0.232353
31 0.232353
32 0.232169
33 0.232169
34 0.232169
35 0.232169
36 0.236949
37 0.236949
38 0.236949
39 0.23989
40 0.23989
41 0.240993
42 0.237868
43 0.237868
44 0.237868
45 0.237868
46 0.237868
47 0.237868
48 0.237868
49 0.237868
50 0.237868
51 0.237868
52 0.237868
53 0.237868
54 0.237868
55 0.240809
56 0.240809
57 0.240809
58 0.240809
59 0.240809
60 0.240809
61 0.2375
62 0.2375
63 0.2375
64 0.2375
65 0.2375
66 0.2375
67 0.2375
68 0.2375
69 0.2375
70 0.2375
71 0.2375
72 0.2375
73 0.2375
74 0.2375
75 0.2375
76 0.2375
77 0.2375
78 0.2375
79 0.2375
80 0.2375
81 0.2375
82 0.2375
83 0.2375
84 0.2375
85 0.2375
86 0.2375
87 0.2375
88 0.2375
89 0.2375
90 0.2375
91 0.2375
92 0.2375
93 0.2375
94 0.2375
95 0.2375
96 0.2375
97 0.2375
98 0.2375
99 0.2375
100 0.2375
101 0.2375
102 0.238051
103 0.238051
104 0.238051
105 0.238051
106 0.238051
107 0.238051
108 0.238051
109 0.236765
110 0.238419
111 0.237868
112 0.237868
113 0.238419
114 0.238419
115 0.237868
116 0.237868
117 0.237868
118 0.236949
119 0.236949
120 0.236949
121 0.236949
122 0.238603
123 0.238603
124 0.238603
125 0.238235
126 0.239706
127 0.239706
128 0.239706
129 0.239706
130 0.239706
131 0.239706
132 0.239706
133 0.239706
134 0.239706
135 0.239706
136 0.239706
137 0.239706
138 0.239706
139 0.239706
140 0.239706
141 0.239706
142 0.238603
143 0.238603
144 0.238603
145 0.238603
146 0.238603
147 0.238603
148 0.238603
149 0.23989
150 0.23989
151 0.23989
152 0.23989
153 0.23989
154 0.236029
155 0.236029
156 0.236029
157 0.235662
158 0.235662
159 0.235662
160 0.238603
161 0.238603
162 0.238603
163 0.238603
164 0.238603
165 0.238603
166 0.238603
167 0.238603
168 0.238603
169 0.238603
170 0.238603
171 0.238603
172 0.238603
173 0.239154
174 0.239154
175 0.239154
