0 0
1 0.171257
2 0.207335
3 0.208071
4 0.222605
5 0.222605
6 0.222605
7 0.226198
8 0.226198
9 0.236377
10 0.249401
11 0.249401
12 0.249401
13 0.253293
14 0.253293
15 0.253293
16 0.253293
17 0.253293
18 0.253293
19 0.253293
20 0.253293
21 0.253293
22 0.253293
23 0.253293
24 0.253293
25 0.253293
26 0.253293
27 0.253293
28 0.253293
29 0.253293
30 0.253293
31 0.253293
32 0.253293
33 0.253293
34 0.253293
35 0.265419
36 0.266168
37 0.266168
38 0.266317
39 0.269012
40 0.269012
41 0.269012
42 0.269012
43 0.269162
44 0.269162
45 0.269162
46 0.269162
47 0.269162
48 0.269461
49 0.274551
50 0.274551
51 0.274551
52 0.274551
53 0.274551
54 0.274551
55 0.27485
56 0.27485
57 0.275898
58 0.275898
59 0.275898
60 0.275898
61 0.275898
62 0.275898
63 0.275898
64 0.275898
65 0.275898
66 0.275898
67 0.276198
68 0.276198
69 0.276198
70 0.276198
71 0.276198
72 0.276198
73 0.276347
74 0.277395
75 0.277395
76 0.277395
77 0.277395
78 0.277395
79 0.277395
80 0.277395
81 0.277395
82 0.277395
83 0.277582
84 0.277582
85 0.277582
86 0.277582
87 0.277882
88 0.277882
89 0.277882
90 0.277882
91 0.277882
92 0.278181
93 0.278743
94 0.278743
95 0.278743
96 0.278743
97 0.278743
98 0.279042
99 0.279042
100 0.279042
101 0.279042
102 0.279042
103 0.279042
104 0.279042
105 0.279042
106 0.279042
107 0.279192
108 0.279192
109 0.279192
110 0.279192
111 0.279192
112 0.279192
113 0.279192
114 0.279192
115 0.279192
116 0.279491
117 0.279491
118 0.27994
119 0.27994
120 0.27994
121 0.280689
122 0.280689
123 0.280689
124 0.280689
125 0.280689
126 0.280689
127 0.280689
128 0.280689
129 0.280838
130 0.280838
131 0.280838
132 0.280838
133 0.280838
134 0.280838
135 0.280838
136 0.280838
137 0.280838
138 0.280838
139 0.281737
140 0.281737
141 0.281737
142 0.282335
143 0.282335
144 0.282335
145 0.282335
146 0.282335
147 0.282335
148 0.282335
149 0.282335
150 0.282635
