0 0
1 0.159727
2 0.158365
3 0.20757
4 0.20757
5 0.20757
6 0.229826
7 0.230583
8 0.25299
9 0.25299
10 0.25299
11 0.25299
12 0.25193
13 0.25193
14 0.25193
15 0.25193
16 0.249054
17 0.249054
18 0.252839
19 0.252839
20 0.242089
21 0.242089
22 0.242089
23 0.242089
24 0.242089
25 0.242089
26 0.242089
27 0.242089
28 0.242089
29 0.242089
30 0.242089
31 0.242089
32 0.242089
33 0.242089
34 0.242089
35 0.242089
36 0.242089
37 0.242089
38 0.242089
39 0.242089
40 0.242089
41 0.242089
42 0.242089
43 0.242089
44 0.242089
45 0.242089
46 0.242089
47 0.242089
48 0.242089
49 0.242089
50 0.242089
51 0.242089
52 0.242089
53 0.242392
54 0.242392
55 0.242392
56 0.242392
57 0.242392
58 0.242392
59 0.242392
60 0.242392
61 0.242392
62 0.254807
63 0.254807
64 0.254807
65 0.254807
66 0.254807
67 0.254807
68 0.254807
69 0.254807
70 0.254807
71 0.254807
72 0.254807
73 0.254807
74 0.254807
75 0.260409
76 0.260409
77 0.260409
78 0.260409
79 0.260409
80 0.260409
81 0.260409
82 0.260409
83 0.260409
84 0.260409
85 0.258895
86 0.258895
87 0.258895
88 0.258895
89 0.263891
90 0.263891
91 0.263891
92 0.263891
93 0.263891
94 0.263891
95 0.263891
96 0.263891
97 0.259955
98 0.259955
99 0.26374
100 0.26374
101 0.26374
102 0.26374
103 0.252082
104 0.252082
105 0.252082
106 0.252082
107 0.252082
108 0.252082
109 0.26268
110 0.26268
111 0.26268
112 0.26268
113 0.26268
114 0.26268
115 0.26268
116 0.26268
117 0.26268
118 0.26268
119 0.26268
120 0.26268
121 0.26268
122 0.26268
123 0.26268
124 0.26268
125 0.26268
126 0.26268
127 0.26268
128 0.26268
129 0.26268
130 0.26268
131 0.261317
132 0.261317
133 0.261317
134 0.261317
135 0.261317
136 0.261317
137 0.261317
138 0.261317
139 0.262377
140 0.262377
141 0.262377
142 0.262377
143 0.262377
144 0.262377
145 0.262377
146 0.262377
147 0.262377
148 0.262377
149 0.262377
150 0.262377
151 0.262226
152 0.262226
153 0.262226
154 0.262226
155 0.262226
156 0.262377
157 0.262377
158 0.262377
159 0.262377
160 0.262377
161 0.262226
162 0.262226
163 0.262226
164 0.262226
165 0.262226
166 0.262226
167 0.262226
168 0.262226
169 0.262226
170 0.262226
171 0.262226
172 0.261469
173 0.26162
174 0.26162
175 0.261166
