0 0
1 0.0601103
2 0.0525735
3 0.161213
4 0.170772
5 0.170772
6 0.170772
7 0.170772
8 0.217279
9 0.217279
10 0.217279
11 0.217279
12 0.217279
13 0.217279
14 0.217279
15 0.224081
16 0.227757
17 0.227757
18 0.227757
19 0.227757
20 0.229779
21 0.229779
22 0.22886
23 0.22886
24 0.22886
25 0.22886
26 0.22886
27 0.22886
28 0.22886
29 0.22886
30 0.22886
31 0.22886
32 0.22886
33 0.22886
34 0.22886
35 0.22886
36 0.22886
37 0.22886
38 0.22886
39 0.22886
40 0.22886
41 0.235662
42 0.235662
43 0.235662
44 0.235662
45 0.235662
46 0.235478
47 0.222426
48 0.222426
49 0.222426
50 0.222426
51 0.222426
52 0.222426
53 0.225551
54 0.225551
55 0.225551
56 0.225551
57 0.225551
58 0.225551
59 0.225551
60 0.225551
61 0.225551
62 0.23989
63 0.23989
64 0.23989
65 0.23989
66 0.23989
67 0.23989
68 0.23989
69 0.240809
70 0.240809
71 0.240809
72 0.240809
73 0.240809
74 0.240809
75 0.240809
76 0.240809
77 0.240809
78 0.240809
79 0.240809
80 0.240809
81 0.240809
82 0.240809
83 0.240809
84 0.240809
85 0.240809
86 0.240809
87 0.240809
88 0.240809
89 0.240809
90 0.240809
91 0.240809
92 0.240809
93 0.240809
94 0.240809
95 0.240993
96 0.240993
97 0.240993
98 0.240993
99 0.240993
100 0.240993
101 0.240993
102 0.241728
103 0.241728
104 0.241728
105 0.241728
106 0.241728
107 0.241728
108 0.241728
109 0.241728
110 0.242463
111 0.242463
112 0.242463
113 0.242463
114 0.242463
115 0.242463
116 0.242463
117 0.23511
118 0.23511
119 0.23511
120 0.23511
121 0.236397
122 0.236397
123 0.236397
124 0.236397
125 0.236397
126 0.236397
127 0.236397
128 0.236397
129 0.236397
130 0.234559
131 0.234559
132 0.238051
133 0.238051
134 0.238051
135 0.238051
136 0.238051
137 0.238051
138 0.238971
139 0.238971
140 0.238971
141 0.238971
142 0.238971
143 0.238971
144 0.238971
145 0.237132
146 0.238971
147 0.238971
148 0.237316
149 0.237316
150 0.237316
151 0.237316
152 0.237868
153 0.237868
154 0.237868
