0 0
1 0.138536
2 0.159578
3 0.154734
4 0.186649
5 0.21716
6 0.220562
7 0.238536
8 0.238536
9 0.218676
10 0.218676
11 0.218676
12 0.218676
13 0.245303
14 0.24878
15 0.24878
16 0.24878
17 0.24878
18 0.252478
19 0.24926
20 0.257692
21 0.257692
22 0.257692
23 0.257692
24 0.253957
25 0.253957
26 0.253957
27 0.255288
28 0.255288
29 0.254142
30 0.254142
31 0.254142
32 0.25429
33 0.25429
34 0.25429
35 0.25429
36 0.25355
37 0.25355
38 0.25355
39 0.254401
40 0.254401
41 0.253846
42 0.254845
43 0.254845
44 0.254845
45 0.254845
46 0.254845
47 0.254845
48 0.254845
49 0.254845
50 0.254845
51 0.254845
52 0.254845
53 0.254845
54 0.254845
55 0.255769
56 0.255769
57 0.255769
58 0.255769
59 0.255769
60 0.255769
61 0.256472
62 0.256472
63 0.256472
64 0.256472
65 0.256472
66 0.256472
67 0.256472
68 0.256472
69 0.256472
70 0.256472
71 0.256472
72 0.256472
73 0.256472
74 0.256176
75 0.256176
76 0.256176
77 0.256176
78 0.256176
79 0.256176
80 0.256176
81 0.256176
82 0.256176
83 0.256176
84 0.256176
85 0.256176
86 0.256176
87 0.256176
88 0.256176
89 0.256176
90 0.256176
91 0.256176
92 0.256768
93 0.256768
94 0.256768
95 0.256768
96 0.256768
97 0.256768
98 0.256768
99 0.256768
100 0.256768
101 0.25662
102 0.252959
103 0.252959
104 0.252959
105 0.252959
106 0.252959
107 0.252959
108 0.252811
109 0.250592
110 0.252663
111 0.252515
112 0.252515
113 0.251183
114 0.251183
115 0.251627
116 0.251627
117 0.251627
118 0.251775
119 0.251775
120 0.251775
121 0.251775
122 0.249852
123 0.249852
124 0.249852
125 0.250592
126 0.250592
127 0.250592
128 0.250592
129 0.250592
130 0.250592
131 0.250592
132 0.250592
133 0.250592
134 0.250592
135 0.250592
136 0.250592
137 0.250592
138 0.250592
139 0.250592
140 0.250592
141 0.250592
142 0.251627
143 0.251627
144 0.251627
145 0.251627
146 0.251627
147 0.251627
148 0.251627
149 0.251036
150 0.251036
151 0.251036
152 0.251036
153 0.251036
154 0.251331
155 0.251331
156 0.251331
157 0.251331
158 0.251331
159 0.251331
160 0.247485
161 0.247485
162 0.247485
163 0.247485
164 0.247485
165 0.247485
166 0.247485
167 0.247485
168 0.247485
169 0.247485
170 0.247485
171 0.247485
172 0.247485
173 0.247781
174 0.247781
175 0.247781
