0 0
1 0.124706
2 0.135462
3 0.134454
4 0.130588
5 0.174286
6 0.206723
7 0.208235
8 0.208235
9 0.208235
10 0.208235
11 0.208235
12 0.216975
13 0.232941
14 0.234118
15 0.213782
16 0.213782
17 0.219328
18 0.222857
19 0.222857
20 0.222857
21 0.222857
22 0.222857
23 0.222857
24 0.222857
25 0.222857
26 0.222353
27 0.222353
28 0.222353
29 0.221681
30 0.221681
31 0.221681
32 0.221681
33 0.221681
34 0.222017
35 0.222017
36 0.219496
37 0.221513
38 0.222857
39 0.222689
40 0.222689
41 0.222353
42 0.222353
43 0.222353
44 0.222353
45 0.222353
46 0.222353
47 0.224202
48 0.224202
49 0.224034
50 0.224034
51 0.224034
52 0.224034
53 0.224034
54 0.225378
55 0.225378
56 0.225378
57 0.233109
58 0.233109
59 0.246387
60 0.246387
61 0.246387
62 0.246387
63 0.246387
64 0.246387
65 0.246723
66 0.247731
67 0.247731
68 0.247731
69 0.246891
70 0.246891
71 0.245882
72 0.243697
73 0.243697
74 0.243697
75 0.243697
76 0.244538
77 0.244538
78 0.244538
79 0.244538
80 0.244538
81 0.244538
82 0.244538
83 0.244538
84 0.244538
85 0.244538
86 0.242857
87 0.242857
88 0.242857
89 0.242857
90 0.242857
91 0.242857
92 0.243025
93 0.243025
94 0.243025
95 0.243025
96 0.243025
97 0.24521
98 0.245042
99 0.24521
100 0.24521
101 0.24521
102 0.24521
103 0.24521
104 0.24521
105 0.24521
106 0.24521
107 0.245378
108 0.24521
109 0.245378
110 0.24521
111 0.24521
112 0.24521
113 0.24521
114 0.24521
115 0.24521
116 0.24521
117 0.24521
118 0.245378
119 0.245378
120 0.245378
121 0.245378
122 0.245378
123 0.245378
124 0.245378
125 0.245378
126 0.245378
127 0.245378
128 0.245378
129 0.245378
130 0.245378
131 0.245378
132 0.245378
133 0.245378
134 0.245378
135 0.245378
136 0.245378
137 0.245378
138 0.245378
139 0.245378
140 0.245378
141 0.245378
142 0.245378
143 0.245378
144 0.245378
145 0.245378
146 0.245378
147 0.244034
148 0.244034
149 0.244034
150 0.244034
151 0.244034
152 0.244034
153 0.244034
154 0.244706
155 0.244706
156 0.244706
157 0.244706
158 0.244706
159 0.244706
160 0.244706
161 0.244706
162 0.244034
163 0.243866
164 0.243866
165 0.243866
166 0.243866
167 0.244034
168 0.244034
169 0.244034
170 0.244034
171 0.244538
172 0.244538
173 0.244538
174 0.244538
175 0.244538
176 0.244538
177 0.244538
178 0.244538
179 0.244538
