0 0
1 0.122581
2 0.148387
3 0.116129
4 0.258065
5 0.258065
6 0.258065
7 0.258065
8 0.277419
9 0.277419
10 0.277419
11 0.277419
12 0.277419
13 0.277419
14 0.277419
15 0.277419
16 0.277419
17 0.277419
18 0.277419
19 0.277419
20 0.277419
21 0.277419
22 0.277419
23 0.277419
24 0.277419
25 0.277419
26 0.277419
27 0.277419
28 0.277419
29 0.277419
30 0.277419
31 0.277419
32 0.277419
33 0.277419
34 0.277419
35 0.277419
36 0.277419
37 0.277419
38 0.277419
39 0.277419
40 0.277419
41 0.225806
42 0.225806
43 0.225806
44 0.225806
45 0.225806
46 0.212903
47 0.277419
48 0.277419
49 0.277419
50 0.277419
51 0.277419
52 0.277419
53 0.245161
54 0.245161
55 0.245161
56 0.245161
57 0.245161
58 0.245161
59 0.245161
60 0.245161
61 0.245161
62 0.277419
63 0.277419
64 0.277419
65 0.277419
66 0.277419
67 0.277419
68 0.277419
69 0.277419
70 0.277419
71 0.277419
72 0.277419
73 0.277419
74 0.277419
75 0.277419
76 0.277419
77 0.277419
78 0.277419
79 0.277419
80 0.277419
81 0.277419
82 0.277419
83 0.277419
84 0.277419
85 0.277419
86 0.277419
87 0.277419
88 0.277419
89 0.277419
90 0.277419
91 0.277419
92 0.277419
93 0.277419
94 0.277419
95 0.277419
96 0.277419
97 0.277419
98 0.277419
99 0.277419
100 0.277419
101 0.277419
102 0.277419
103 0.277419
104 0.277419
105 0.277419
106 0.277419
107 0.277419
108 0.277419
109 0.277419
110 0.277419
111 0.277419
112 0.277419
113 0.277419
114 0.277419
115 0.277419
116 0.277419
117 0.277419
118 0.277419
119 0.277419
120 0.277419
121 0.277419
122 0.277419
123 0.277419
124 0.277419
125 0.277419
126 0.277419
127 0.277419
128 0.277419
129 0.277419
130 0.277419
131 0.277419
132 0.277419
133 0.277419
134 0.277419
135 0.277419
136 0.277419
137 0.277419
138 0.277419
139 0.277419
140 0.277419
141 0.277419
142 0.277419
143 0.277419
144 0.277419
145 0.277419
146 0.277419
147 0.277419
148 0.277419
149 0.277419
150 0.277419
151 0.277419
152 0.277419
153 0.277419
154 0.277419
