0 0
1 0.161095
2 0.207754
3 0.209061
4 0.226183
5 0.226183
6 0.226183
7 0.233543
8 0.235984
9 0.246154
10 0.259024
11 0.259024
12 0.259024
13 0.257544
14 0.257544
15 0.257544
16 0.257544
17 0.257544
18 0.257544
19 0.257544
20 0.257544
21 0.257544
22 0.257544
23 0.257544
24 0.257544
25 0.257544
26 0.257544
27 0.25932
28 0.25932
29 0.25932
30 0.25932
31 0.25932
32 0.25932
33 0.25932
34 0.25932
35 0.256065
36 0.256065
37 0.256065
38 0.256509
39 0.255621
40 0.255621
41 0.255621
42 0.255621
43 0.25503
44 0.25503
45 0.25503
46 0.25503
47 0.25503
48 0.256213
49 0.253846
50 0.253846
51 0.253846
52 0.253846
53 0.253846
54 0.253846
55 0.254142
56 0.254142
57 0.253107
58 0.253107
59 0.253107
60 0.253107
61 0.253107
62 0.253107
63 0.253107
64 0.253107
65 0.253107
66 0.253107
67 0.253402
68 0.253402
69 0.252515
70 0.252515
71 0.252515
72 0.252515
73 0.252219
74 0.252811
75 0.252811
76 0.252811
77 0.252811
78 0.252811
79 0.252811
80 0.252811
81 0.252811
82 0.252811
83 0.252959
84 0.252959
85 0.252811
86 0.252959
87 0.252959
88 0.252959
89 0.253107
90 0.253107
91 0.253107
92 0.253107
93 0.248521
94 0.248521
95 0.248521
96 0.248521
97 0.248521
98 0.248521
99 0.248521
100 0.248521
101 0.248521
102 0.248521
103 0.248521
104 0.248521
105 0.248521
106 0.248521
107 0.249112
108 0.249112
109 0.249112
110 0.249112
111 0.249112
112 0.249112
113 0.249408
114 0.249408
115 0.249408
116 0.248521
117 0.248521
118 0.248521
119 0.248521
120 0.248521
121 0.248669
122 0.248669
123 0.248669
124 0.248669
125 0.248669
126 0.248669
127 0.248669
128 0.248669
129 0.248521
130 0.248521
131 0.248669
132 0.248669
133 0.248669
134 0.248669
135 0.248669
136 0.248669
137 0.248669
138 0.248669
139 0.248817
140 0.248817
141 0.248817
142 0.247485
143 0.247485
144 0.247485
145 0.247485
146 0.247485
147 0.247485
148 0.247485
149 0.247485
150 0.248964
