0 0
1 0.142667
2 0.138667
3 0.137333
4 0.137333
5 0.137333
6 0.193778
7 0.193778
8 0.181333
9 0.181333
10 0.181333
11 0.181333
12 0.18
13 0.18
14 0.18
15 0.18
16 0.176444
17 0.176444
18 0.180889
19 0.180889
20 0.180444
21 0.180444
22 0.180444
23 0.180444
24 0.180444
25 0.180444
26 0.180444
27 0.180444
28 0.180444
29 0.180444
30 0.180444
31 0.180444
32 0.180444
33 0.180444
34 0.180444
35 0.180444
36 0.180444
37 0.180444
38 0.180444
39 0.180444
40 0.180444
41 0.180444
42 0.180444
43 0.180444
44 0.180444
45 0.180444
46 0.180444
47 0.180444
48 0.180444
49 0.180444
50 0.180444
51 0.180444
52 0.180444
53 0.180889
54 0.180889
55 0.180889
56 0.180889
57 0.180889
58 0.180889
59 0.180889
60 0.180889
61 0.180889
62 0.179556
63 0.179556
64 0.179556
65 0.179556
66 0.179556
67 0.179556
68 0.179556
69 0.179556
70 0.179556
71 0.179556
72 0.179556
73 0.179556
74 0.179556
75 0.177333
76 0.177333
77 0.177333
78 0.177333
79 0.177333
80 0.177333
81 0.177333
82 0.177333
83 0.177333
84 0.177333
85 0.177333
86 0.175111
87 0.175111
88 0.175111
89 0.176
90 0.176
91 0.176
92 0.176
93 0.176
94 0.176
95 0.176
96 0.176
97 0.177333
98 0.177333
99 0.175556
100 0.175556
101 0.175556
102 0.175556
103 0.178667
104 0.178667
105 0.178667
106 0.178667
107 0.178667
108 0.178667
109 0.175556
110 0.175556
111 0.175556
112 0.175556
113 0.175556
114 0.175556
115 0.175556
116 0.175556
117 0.175556
118 0.175556
119 0.175556
120 0.175556
121 0.175556
122 0.175556
123 0.175556
124 0.175556
125 0.175556
126 0.175556
127 0.175556
128 0.175556
129 0.175556
130 0.175556
131 0.175556
132 0.175556
133 0.175556
134 0.175556
135 0.175556
136 0.175556
137 0.175556
138 0.175556
139 0.175111
140 0.175111
141 0.175111
142 0.175111
143 0.175111
144 0.175111
145 0.175111
146 0.175111
147 0.175111
148 0.175111
149 0.175111
150 0.175111
151 0.175111
152 0.175111
153 0.175111
154 0.175111
155 0.175111
156 0.175111
157 0.175111
158 0.175111
159 0.175111
160 0.175111
161 0.175111
162 0.175111
163 0.175111
164 0.175111
165 0.175111
166 0.175111
167 0.175111
168 0.175111
169 0.175111
170 0.175111
171 0.175111
172 0.175111
173 0.173778
174 0.173778
175 0.174667
