0 0
1 0.1375
2 0.135478
3 0.133456
4 0.135294
5 0.136029
6 0.136213
7 0.139706
8 0.137316
9 0.136029
10 0.136765
11 0.135294
12 0.137684
13 0.137868
14 0.134926
15 0.144853
16 0.151838
17 0.181985
18 0.217279
19 0.217279
20 0.217279
21 0.220772
22 0.220772
23 0.204963
24 0.204963
25 0.204963
26 0.22886
27 0.238051
28 0.238051
29 0.238051
30 0.238051
31 0.238051
32 0.238051
33 0.238051
34 0.238051
35 0.238051
36 0.238051
37 0.238051
38 0.238051
39 0.238051
40 0.238051
41 0.238051
42 0.238051
43 0.238051
44 0.238051
45 0.238051
46 0.238051
47 0.238051
48 0.238051
49 0.238051
50 0.238051
51 0.238051
52 0.238051
53 0.238051
54 0.238051
55 0.238051
56 0.238051
57 0.238051
58 0.238051
59 0.238051
60 0.238051
61 0.238051
62 0.238051
63 0.238051
64 0.238051
65 0.238051
66 0.238051
67 0.238051
68 0.238051
69 0.238051
70 0.238051
71 0.238051
72 0.238051
73 0.238051
74 0.231985
75 0.231985
76 0.231066
77 0.231066
78 0.231066
79 0.231066
80 0.231066
81 0.231066
82 0.231066
83 0.231066
84 0.231066
85 0.231066
86 0.231066
87 0.231066
88 0.231066
89 0.233272
90 0.233272
91 0.233272
92 0.233272
93 0.233272
94 0.233272
95 0.233272
96 0.233272
97 0.233272
98 0.233272
99 0.231066
100 0.231066
101 0.231066
102 0.233088
103 0.233088
104 0.233088
105 0.233088
106 0.233088
107 0.233088
108 0.233088
109 0.232904
110 0.232904
111 0.232904
112 0.232904
113 0.232904
114 0.232904
115 0.232904
116 0.232904
117 0.233088
118 0.233088
119 0.233088
120 0.233088
121 0.233088
122 0.233088
123 0.233088
124 0.233088
125 0.233088
126 0.233088
127 0.233088
128 0.233088
129 0.233088
130 0.235478
131 0.235478
132 0.235478
133 0.235478
134 0.235478
135 0.235478
136 0.235478
137 0.235478
138 0.236949
139 0.23511
140 0.23511
141 0.23511
142 0.23511
143 0.235478
144 0.235478
145 0.235478
146 0.235478
147 0.235478
148 0.235478
149 0.235478
150 0.235478
151 0.235478
152 0.235478
153 0.235478
154 0.235478
155 0.235478
156 0.235478
157 0.235478
158 0.235478
159 0.235478
160 0.235478
161 0.235478
162 0.235478
163 0.237132
164 0.237132
165 0.235294
166 0.235294
167 0.235294
168 0.235294
169 0.235294
170 0.235294
171 0.232904
172 0.235478
173 0.235478
174 0.235478
175 0.235478
176 0.235478
177 0.235478
178 0.235478
179 0.235478
180 0.235478
181 0.235478
182 0.235478
183 0.235478
184 0.235478
185 0.234559
186 0.234559
187 0.234559
188 0.234559
189 0.235478
190 0.235478
191 0.234559
192 0.234559
193 0.234559
194 0.234559
195 0.234559
196 0.234559
197 0.234559
198 0.234559
199 0.234559
200 0.234559
201 0.234559
202 0.234559
203 0.234559
204 0.234559
205 0.234559
206 0.234559
207 0.234559
208 0.234559
209 0.234559
210 0.234559
211 0.234559
212 0.234559
213 0.234559
214 0.234559
215 0.234559
216 0.234559
