0 0
1 0.168616
2 0.168441
3 0.167822
4 0.16774
5 0.177031
6 0.174463
7 0.176891
8 0.181781
9 0.177019
10 0.196767
11 0.194398
12 0.197759
13 0.196814
14 0.197654
15 0.206209
16 0.206209
17 0.206209
18 0.204949
19 0.204949
20 0.247666
21 0.25042
22 0.25042
23 0.25042
24 0.25042
25 0.25042
26 0.25042
27 0.248506
28 0.248506
29 0.248506
30 0.246125
31 0.246125
32 0.253548
33 0.253548
34 0.246825
35 0.254949
36 0.253548
37 0.253548
38 0.253548
39 0.253548
40 0.253548
41 0.253548
42 0.253968
43 0.253968
44 0.255229
45 0.255229
46 0.255229
47 0.255229
48 0.253782
49 0.253782
50 0.253782
51 0.256349
52 0.256349
53 0.256349
54 0.25014
55 0.25014
56 0.25014
57 0.25014
58 0.25014
59 0.25014
60 0.245798
61 0.245798
62 0.245798
63 0.245798
64 0.246078
65 0.246078
66 0.246078
67 0.246078
68 0.246078
69 0.246078
70 0.246078
71 0.246078
72 0.246078
73 0.246078
74 0.246078
75 0.246078
76 0.246078
77 0.246078
78 0.246078
79 0.246078
80 0.246078
81 0.246078
82 0.246078
83 0.246078
84 0.246078
85 0.246078
86 0.245518
87 0.245518
88 0.245518
89 0.245518
90 0.245518
91 0.245518
92 0.245518
93 0.246359
94 0.246359
95 0.246359
96 0.246359
97 0.245658
98 0.245658
99 0.245658
100 0.245658
101 0.245658
102 0.245658
103 0.260644
104 0.260644
105 0.260644
106 0.260644
107 0.260644
108 0.260644
109 0.260644
110 0.260644
111 0.260644
112 0.260224
113 0.260224
114 0.254062
115 0.254062
116 0.254062
117 0.254062
118 0.254062
119 0.254062
120 0.254062
121 0.254062
122 0.254062
123 0.254062
124 0.254062
125 0.254062
126 0.254202
127 0.254202
128 0.254202
129 0.254202
130 0.254202
131 0.254202
132 0.254202
133 0.254202
134 0.253501
135 0.253501
136 0.253501
137 0.253501
138 0.253501
139 0.253501
140 0.253501
141 0.253501
142 0.253501
143 0.253081
144 0.253081
145 0.253081
146 0.253081
147 0.253081
148 0.253081
149 0.253081
150 0.253081
151 0.253081
152 0.254202
153 0.254202
154 0.253081
155 0.253081
156 0.253081
157 0.253081
158 0.253081
159 0.253081
