0 0
1 0.139154
2 0.137684
3 0.151838
4 0.151838
5 0.153309
6 0.153309
7 0.153676
8 0.152941
9 0.184926
10 0.18511
11 0.152941
12 0.21489
13 0.219118
14 0.219118
15 0.219118
16 0.219118
17 0.222978
18 0.240625
19 0.23511
20 0.23511
21 0.21875
22 0.216728
23 0.216728
24 0.216728
25 0.216728
26 0.216728
27 0.216728
28 0.216728
29 0.222059
30 0.222059
31 0.221875
32 0.221875
33 0.221875
34 0.221875
35 0.221875
36 0.221875
37 0.221875
38 0.221875
39 0.221875
40 0.221875
41 0.221875
42 0.220037
43 0.220037
44 0.220037
45 0.220588
46 0.220588
47 0.220588
48 0.220588
49 0.220956
50 0.220956
51 0.220956
52 0.220956
53 0.220956
54 0.220956
55 0.220956
56 0.220956
57 0.220956
58 0.220956
59 0.218566
60 0.218566
61 0.218566
62 0.218566
63 0.218566
64 0.218566
65 0.218566
66 0.218566
67 0.218566
68 0.218566
69 0.218566
70 0.218566
71 0.218566
72 0.218566
73 0.23989
74 0.23989
75 0.23989
76 0.23989
77 0.23989
78 0.23989
79 0.240625
80 0.218566
81 0.218566
82 0.218566
83 0.218566
84 0.218566
85 0.238419
86 0.238419
87 0.238419
88 0.238419
89 0.238419
90 0.238419
91 0.238419
92 0.238419
93 0.238419
94 0.238419
95 0.238419
96 0.238419
97 0.238419
98 0.238419
99 0.238419
100 0.238419
101 0.238419
102 0.238419
103 0.238419
104 0.238419
105 0.238419
106 0.238419
107 0.238419
108 0.238419
109 0.238419
110 0.238419
111 0.238419
112 0.238419
113 0.238419
114 0.238419
115 0.238419
116 0.238419
117 0.238419
118 0.238419
119 0.238419
120 0.238419
121 0.238419
122 0.238419
123 0.238419
124 0.238419
125 0.241176
126 0.241176
127 0.241176
128 0.241176
129 0.241176
130 0.241176
131 0.241176
132 0.238419
133 0.236029
134 0.236029
135 0.236029
136 0.236029
137 0.236029
138 0.236029
139 0.236029
140 0.236029
141 0.236029
142 0.236029
143 0.236029
144 0.236029
145 0.236029
146 0.236029
147 0.236029
148 0.234191
149 0.234191
150 0.234191
151 0.234191
152 0.234191
153 0.234191
154 0.234191
155 0.234191
156 0.234191
157 0.234191
158 0.234191
159 0.234191
160 0.234191
161 0.234191
162 0.234191
163 0.234191
164 0.234191
165 0.234191
166 0.234191
167 0.234191
168 0.234191
169 0.234191
170 0.234191
171 0.234191
172 0.234191
173 0.234191
174 0.234191
175 0.238051
176 0.238051
177 0.238051
178 0.238051
179 0.238051
180 0.238051
181 0.238051
182 0.238051
183 0.238051
184 0.238051
185 0.239154
186 0.239154
187 0.239154
188 0.239154
189 0.239154
190 0.238051
191 0.238051
