0 0
1 0.108296
2 0.131185
3 0.139556
4 0.150741
5 0.148
6 0.152444
7 0.169481
8 0.169481
9 0.170741
10 0.170741
11 0.170741
12 0.170741
13 0.172963
14 0.17563
15 0.17563
16 0.17563
17 0.17563
18 0.176074
19 0.175111
20 0.176
21 0.176
22 0.176
23 0.176
24 0.168963
25 0.168963
26 0.168963
27 0.166296
28 0.166296
29 0.179556
30 0.179556
31 0.179556
32 0.180444
33 0.180444
34 0.180444
35 0.180444
36 0.177333
37 0.177333
38 0.177333
39 0.168963
40 0.168963
41 0.177333
42 0.170741
43 0.170741
44 0.170741
45 0.170741
46 0.170741
47 0.170741
48 0.170741
49 0.170741
50 0.170741
51 0.170741
52 0.170741
53 0.170741
54 0.170741
55 0.176
56 0.176
57 0.176
58 0.176
59 0.176
60 0.176
61 0.167185
62 0.167185
63 0.167185
64 0.167185
65 0.167185
66 0.167185
67 0.167185
68 0.167185
69 0.167185
70 0.167185
71 0.167185
72 0.167185
73 0.167185
74 0.167185
75 0.167185
76 0.167185
77 0.167185
78 0.167185
79 0.167185
80 0.167185
81 0.167185
82 0.167185
83 0.167185
84 0.167185
85 0.167185
86 0.167185
87 0.167185
88 0.167185
89 0.167185
90 0.167185
91 0.167185
92 0.168074
93 0.168074
94 0.168074
95 0.168074
96 0.168074
97 0.168074
98 0.168074
99 0.168074
100 0.168074
101 0.167185
102 0.175111
103 0.175111
104 0.175111
105 0.175111
106 0.175111
107 0.175111
108 0.175556
109 0.174667
110 0.175111
111 0.174667
112 0.174667
113 0.174667
114 0.174667
115 0.174667
116 0.174667
117 0.174667
118 0.174667
119 0.174667
120 0.174667
121 0.174667
122 0.174667
123 0.174667
124 0.174667
125 0.174667
126 0.174667
127 0.174667
128 0.174667
129 0.174667
130 0.174667
131 0.174667
132 0.174667
133 0.174667
134 0.174667
135 0.174667
136 0.174667
137 0.174667
138 0.174667
139 0.174667
140 0.174667
141 0.174667
142 0.174667
143 0.174667
144 0.174667
145 0.174667
146 0.174667
147 0.174667
148 0.174667
149 0.174667
150 0.174667
151 0.174667
152 0.174667
153 0.174667
154 0.174667
155 0.174667
156 0.174667
157 0.174667
158 0.174667
159 0.174667
160 0.173778
161 0.173778
162 0.173778
163 0.173778
164 0.173778
165 0.173778
166 0.173778
167 0.173778
168 0.173778
169 0.173778
170 0.173778
171 0.173778
172 0.173778
173 0.175111
174 0.175111
175 0.175111
