0 0
1 0.157143
2 0.175397
3 0.175397
4 0.175537
5 0.204528
6 0.217974
7 0.217974
8 0.217974
9 0.217974
10 0.217974
11 0.217974
12 0.217974
13 0.217974
14 0.223016
15 0.223016
16 0.223016
17 0.226937
18 0.223016
19 0.224136
20 0.221895
21 0.231839
22 0.231839
23 0.231839
24 0.231839
25 0.23324
26 0.23338
27 0.234921
28 0.23436
29 0.23436
30 0.23436
31 0.23436
32 0.23436
33 0.23436
34 0.238235
35 0.238235
36 0.238235
37 0.238235
38 0.238235
39 0.238235
40 0.238235
41 0.238235
42 0.238235
43 0.238235
44 0.238235
45 0.238235
46 0.238235
47 0.238375
48 0.238375
49 0.238375
50 0.238375
51 0.238375
52 0.238375
53 0.238375
54 0.238375
55 0.238375
56 0.238375
57 0.238375
58 0.238375
59 0.238375
60 0.238375
61 0.238375
62 0.238375
63 0.238375
64 0.238375
65 0.238375
66 0.238375
67 0.238375
68 0.238375
69 0.238375
70 0.238375
71 0.238375
72 0.238375
73 0.238375
74 0.238375
75 0.238375
76 0.238375
77 0.238375
78 0.238375
79 0.238375
80 0.255369
81 0.255369
82 0.255369
83 0.255369
84 0.255369
85 0.255369
86 0.255369
87 0.255369
88 0.255369
89 0.256209
90 0.256209
91 0.256209
92 0.256209
93 0.254062
94 0.254062
95 0.254062
96 0.254062
97 0.254062
98 0.255182
99 0.255182
100 0.255182
101 0.255182
102 0.255042
103 0.254762
104 0.255042
105 0.255042
106 0.255322
107 0.255322
108 0.255322
109 0.255322
110 0.255322
111 0.255322
112 0.255322
113 0.255322
114 0.255322
115 0.255322
116 0.255042
117 0.255042
118 0.255042
119 0.255042
120 0.255042
121 0.255042
122 0.255042
123 0.255042
124 0.255322
125 0.255322
126 0.255322
127 0.255042
128 0.255042
129 0.255042
130 0.255042
131 0.255042
132 0.255042
133 0.255042
134 0.255042
135 0.255042
136 0.255042
137 0.255042
138 0.255042
139 0.255042
140 0.255042
141 0.255042
142 0.255042
143 0.255042
144 0.255042
145 0.255042
146 0.255042
147 0.255042
148 0.255042
149 0.255042
150 0.255042
151 0.255042
152 0.254062
153 0.254062
154 0.254062
155 0.254062
156 0.254062
157 0.254062
158 0.254062
159 0.254062
160 0.254062
161 0.254202
162 0.254062
163 0.254062
164 0.254062
165 0.254062
166 0.254062
167 0.254062
168 0.254062
169 0.254062
170 0.254062
171 0.254062
172 0.254062
173 0.254062
174 0.254062
175 0.254062
176 0.254062
177 0.254062
178 0.254062
179 0.254062
180 0.253361
181 0.253361
182 0.253361
183 0.253361
184 0.253361
185 0.253361
186 0.253361
187 0.253361
188 0.253361
189 0.253361
190 0.253782
191 0.253782
192 0.253782
