0 0
1 0.180645
2 0.187097
3 0.193548
4 0.193548
5 0.193548
6 0.180645
7 0.180645
8 0.245161
9 0.245161
10 0.245161
11 0.245161
12 0.277419
13 0.277419
14 0.277419
15 0.277419
16 0.212903
17 0.212903
18 0.277419
19 0.277419
20 0.277419
21 0.277419
22 0.277419
23 0.277419
24 0.277419
25 0.277419
26 0.277419
27 0.277419
28 0.277419
29 0.277419
30 0.277419
31 0.277419
32 0.277419
33 0.277419
34 0.277419
35 0.277419
36 0.277419
37 0.277419
38 0.277419
39 0.277419
40 0.277419
41 0.277419
42 0.277419
43 0.277419
44 0.277419
45 0.277419
46 0.277419
47 0.277419
48 0.277419
49 0.277419
50 0.277419
51 0.277419
52 0.277419
53 0.290323
54 0.290323
55 0.290323
56 0.290323
57 0.290323
58 0.290323
59 0.290323
60 0.290323
61 0.290323
62 0.290323
63 0.290323
64 0.290323
65 0.290323
66 0.290323
67 0.290323
68 0.290323
69 0.290323
70 0.290323
71 0.290323
72 0.290323
73 0.290323
74 0.290323
75 0.277419
76 0.277419
77 0.277419
78 0.277419
79 0.277419
80 0.277419
81 0.277419
82 0.277419
83 0.277419
84 0.277419
85 0.277419
86 0.277419
87 0.277419
88 0.277419
89 0.264516
90 0.264516
91 0.264516
92 0.264516
93 0.264516
94 0.264516
95 0.264516
96 0.264516
97 0.277419
98 0.277419
99 0.264516
100 0.264516
101 0.264516
102 0.264516
103 0.258065
104 0.258065
105 0.258065
106 0.258065
107 0.258065
108 0.258065
109 0.277419
110 0.277419
111 0.277419
112 0.277419
113 0.277419
114 0.277419
115 0.277419
116 0.277419
117 0.277419
118 0.277419
119 0.277419
120 0.277419
121 0.277419
122 0.277419
123 0.277419
124 0.277419
125 0.277419
126 0.277419
127 0.277419
128 0.277419
129 0.277419
130 0.277419
131 0.277419
132 0.277419
133 0.277419
134 0.277419
135 0.277419
136 0.277419
137 0.277419
138 0.277419
139 0.277419
140 0.277419
141 0.277419
142 0.277419
143 0.277419
144 0.277419
145 0.277419
146 0.277419
147 0.277419
148 0.277419
149 0.277419
150 0.277419
151 0.277419
152 0.277419
153 0.277419
154 0.277419
155 0.277419
156 0.277419
157 0.277419
158 0.277419
159 0.277419
160 0.277419
161 0.277419
162 0.277419
163 0.277419
164 0.277419
165 0.277419
166 0.277419
167 0.277419
168 0.277419
169 0.277419
170 0.277419
171 0.277419
172 0.277419
173 0.277419
174 0.277419
175 0.277419
