0 0
1 0.111185
2 0.142667
3 0.138667
4 0.136444
5 0.121037
6 0.14637
7 0.173333
8 0.173333
9 0.173333
10 0.173333
11 0.173333
12 0.16763
13 0.178667
14 0.177778
15 0.188444
16 0.188444
17 0.178667
18 0.180889
19 0.180889
20 0.180889
21 0.180889
22 0.180889
23 0.180889
24 0.180889
25 0.180889
26 0.180889
27 0.180889
28 0.180889
29 0.179111
30 0.179111
31 0.179111
32 0.179111
33 0.179111
34 0.179111
35 0.179111
36 0.180889
37 0.179111
38 0.180889
39 0.18
40 0.18
41 0.180889
42 0.180889
43 0.180889
44 0.180889
45 0.180889
46 0.180889
47 0.180889
48 0.180889
49 0.181778
50 0.181778
51 0.181778
52 0.181778
53 0.181778
54 0.179111
55 0.179111
56 0.179111
57 0.183111
58 0.183111
59 0.177333
60 0.177333
61 0.177333
62 0.177333
63 0.177333
64 0.177333
65 0.175556
66 0.176444
67 0.176444
68 0.176444
69 0.176444
70 0.176444
71 0.176889
72 0.174667
73 0.174667
74 0.174667
75 0.174667
76 0.174667
77 0.174667
78 0.174667
79 0.174667
80 0.174667
81 0.174667
82 0.174667
83 0.174667
84 0.174667
85 0.174667
86 0.174667
87 0.174667
88 0.174667
89 0.174667
90 0.174667
91 0.174667
92 0.175556
93 0.175556
94 0.175556
95 0.175556
96 0.175556
97 0.175556
98 0.175111
99 0.175556
100 0.175556
101 0.175556
102 0.175556
103 0.175556
104 0.175556
105 0.175556
106 0.175556
107 0.175556
108 0.175556
109 0.175556
110 0.175556
111 0.175556
112 0.175556
113 0.175556
114 0.175556
115 0.175556
116 0.175556
117 0.175556
118 0.175556
119 0.175556
120 0.175556
121 0.175556
122 0.175556
123 0.175556
124 0.175556
125 0.175556
126 0.175556
127 0.175556
128 0.175556
129 0.175556
130 0.175556
131 0.175556
132 0.175556
133 0.175556
134 0.175556
135 0.175556
136 0.175556
137 0.174667
138 0.174667
139 0.174667
140 0.174667
141 0.174667
142 0.174667
143 0.174667
144 0.174667
145 0.174667
146 0.174667
147 0.173333
148 0.173333
149 0.173333
150 0.173333
151 0.173333
152 0.173333
153 0.173333
154 0.175556
155 0.175556
156 0.175556
157 0.175556
158 0.175556
159 0.175556
160 0.18
161 0.18
162 0.173333
163 0.173333
164 0.173333
165 0.173333
166 0.173333
167 0.173333
168 0.173333
169 0.173333
170 0.173333
171 0.173333
172 0.173333
173 0.173333
174 0.173333
175 0.174667
176 0.174667
177 0.174667
178 0.174667
179 0.174667
