0 0
1 0.0814371
2 0.0860778
3 0.173503
4 0.209319
5 0.209319
6 0.209319
7 0.209319
8 0.223653
9 0.223653
10 0.223653
11 0.223653
12 0.225599
13 0.225599
14 0.225599
15 0.238473
16 0.241766
17 0.241766
18 0.241766
19 0.241766
20 0.242066
21 0.242066
22 0.242216
23 0.242216
24 0.242216
25 0.242216
26 0.242216
27 0.242216
28 0.242216
29 0.242216
30 0.242216
31 0.242216
32 0.242216
33 0.242216
34 0.242216
35 0.242216
36 0.242216
37 0.242216
38 0.242216
39 0.242216
40 0.242216
41 0.251647
42 0.251647
43 0.251647
44 0.251647
45 0.251647
46 0.251796
47 0.255689
48 0.255689
49 0.255689
50 0.255689
51 0.255689
52 0.255689
53 0.255838
54 0.255838
55 0.255838
56 0.255838
57 0.255838
58 0.255838
59 0.255838
60 0.255838
61 0.255838
62 0.27485
63 0.27485
64 0.27485
65 0.27485
66 0.27485
67 0.27485
68 0.27485
69 0.275599
70 0.275599
71 0.275599
72 0.275599
73 0.275599
74 0.275599
75 0.275599
76 0.275599
77 0.275599
78 0.275599
79 0.275599
80 0.275599
81 0.275599
82 0.275599
83 0.275599
84 0.275599
85 0.275599
86 0.275599
87 0.275599
88 0.275599
89 0.275599
90 0.275599
91 0.275599
92 0.275599
93 0.275599
94 0.275599
95 0.278181
96 0.278181
97 0.278181
98 0.278181
99 0.278181
100 0.278181
101 0.278181
102 0.27878
103 0.27878
104 0.27878
105 0.27878
106 0.27878
107 0.27878
108 0.27878
109 0.27878
110 0.279079
111 0.279079
112 0.279079
113 0.279079
114 0.279079
115 0.279079
116 0.279079
117 0.279192
118 0.279192
119 0.279192
120 0.279192
121 0.280689
122 0.280689
123 0.280689
124 0.280689
125 0.280689
126 0.280689
127 0.280689
128 0.280689
129 0.280689
130 0.280689
131 0.280689
132 0.281287
133 0.281287
134 0.281287
135 0.281437
136 0.281437
137 0.281437
138 0.281737
139 0.281737
140 0.281737
141 0.281737
142 0.281737
143 0.281737
144 0.281737
145 0.281737
146 0.281737
147 0.281886
148 0.282186
149 0.282186
150 0.282186
151 0.282186
152 0.282186
153 0.282485
154 0.282485
