0 0
1 0.137132
2 0.18364
3 0.183456
4 0.184375
5 0.200735
6 0.227941
7 0.227941
8 0.227941
9 0.227941
10 0.227941
11 0.227941
12 0.227941
13 0.227941
14 0.229596
15 0.229596
16 0.229596
17 0.230882
18 0.229596
19 0.222243
20 0.22886
21 0.234191
22 0.234191
23 0.234191
24 0.234191
25 0.232537
26 0.227941
27 0.230331
28 0.230331
29 0.230331
30 0.230331
31 0.230331
32 0.230331
33 0.230331
34 0.238051
35 0.238051
36 0.238051
37 0.238051
38 0.238051
39 0.238051
40 0.238051
41 0.238051
42 0.238051
43 0.238051
44 0.238051
45 0.238051
46 0.238051
47 0.236213
48 0.236213
49 0.236213
50 0.236213
51 0.236213
52 0.236213
53 0.236213
54 0.236213
55 0.236213
56 0.236213
57 0.236213
58 0.236213
59 0.236213
60 0.236213
61 0.236213
62 0.236213
63 0.236213
64 0.236213
65 0.236213
66 0.236213
67 0.236213
68 0.236213
69 0.236213
70 0.236213
71 0.236213
72 0.236213
73 0.236213
74 0.236213
75 0.236213
76 0.236213
77 0.236213
78 0.236213
79 0.236213
80 0.231066
81 0.231066
82 0.231066
83 0.231066
84 0.231066
85 0.231066
86 0.231066
87 0.231066
88 0.231066
89 0.231066
90 0.231066
91 0.231066
92 0.231801
93 0.236029
94 0.236029
95 0.236029
96 0.236029
97 0.236029
98 0.238419
99 0.238419
100 0.238419
101 0.238419
102 0.238419
103 0.240257
104 0.238419
105 0.238419
106 0.238419
107 0.238419
108 0.238419
109 0.238419
110 0.238419
111 0.238419
112 0.238419
113 0.238419
114 0.238419
115 0.238419
116 0.238419
117 0.238419
118 0.238419
119 0.238419
120 0.238419
121 0.238419
122 0.238419
123 0.238419
124 0.238051
125 0.238051
126 0.238051
127 0.238419
128 0.238419
129 0.238419
130 0.238419
131 0.238419
132 0.238419
133 0.238419
134 0.238419
135 0.238419
136 0.238419
137 0.238419
138 0.238419
139 0.238419
140 0.238419
141 0.238419
142 0.238419
143 0.238419
144 0.238419
145 0.238419
146 0.238419
147 0.238419
148 0.238419
149 0.238419
150 0.238419
151 0.238419
152 0.23511
153 0.23511
154 0.23511
155 0.23511
156 0.23511
157 0.23511
158 0.23511
159 0.23511
160 0.23511
161 0.23511
162 0.23511
163 0.23511
164 0.234375
165 0.234375
166 0.234375
167 0.234375
168 0.23511
169 0.23511
170 0.23511
171 0.23511
172 0.235478
173 0.235478
174 0.235478
175 0.235478
176 0.235478
177 0.235478
178 0.235478
179 0.235478
180 0.23511
181 0.23511
182 0.23511
183 0.23511
184 0.23511
185 0.23511
186 0.23511
187 0.23511
188 0.23511
189 0.23511
190 0.235478
191 0.235478
192 0.23511
