0 0
1 0.146552
2 0.143966
3 0.146552
4 0.146552
5 0.115517
6 0.115517
7 0.114655
8 0.130172
9 0.114655
10 0.155172
11 0.158621
12 0.156034
13 0.158621
14 0.158621
15 0.158621
16 0.158621
17 0.158621
18 0.158621
19 0.158621
20 0.148276
21 0.166379
22 0.166379
23 0.166379
24 0.166379
25 0.166379
26 0.166379
27 0.163793
28 0.163793
29 0.163793
30 0.167241
31 0.167241
32 0.166379
33 0.166379
34 0.162931
35 0.168103
36 0.168103
37 0.168103
38 0.168103
39 0.168103
40 0.168103
41 0.168103
42 0.168103
43 0.168103
44 0.168103
45 0.168103
46 0.168103
47 0.168103
48 0.168103
49 0.168103
50 0.168103
51 0.168103
52 0.168103
53 0.168103
54 0.167241
55 0.167241
56 0.167241
57 0.167241
58 0.167241
59 0.167241
60 0.157759
61 0.157759
62 0.157759
63 0.157759
64 0.157759
65 0.157759
66 0.157759
67 0.157759
68 0.157759
69 0.157759
70 0.157759
71 0.157759
72 0.157759
73 0.157759
74 0.157759
75 0.157759
76 0.157759
77 0.157759
78 0.157759
79 0.157759
80 0.157759
81 0.157759
82 0.157759
83 0.157759
84 0.157759
85 0.157759
86 0.159483
87 0.159483
88 0.159483
89 0.159483
90 0.159483
91 0.159483
92 0.159483
93 0.159483
94 0.159483
95 0.159483
96 0.159483
97 0.159483
98 0.159483
99 0.159483
100 0.159483
101 0.159483
102 0.159483
103 0.168103
104 0.168103
105 0.168103
106 0.168103
107 0.168103
108 0.168103
109 0.168103
110 0.168103
111 0.168103
112 0.172414
113 0.172414
114 0.187069
115 0.187069
116 0.187069
117 0.187069
118 0.187069
119 0.187069
120 0.187069
121 0.187069
122 0.187069
123 0.187069
124 0.187069
125 0.187069
126 0.186207
127 0.186207
128 0.186207
129 0.186207
130 0.186207
131 0.186207
132 0.186207
133 0.186207
134 0.187069
135 0.187069
136 0.187069
137 0.187069
138 0.187069
139 0.187069
140 0.187069
141 0.187069
142 0.187069
143 0.182759
144 0.182759
145 0.182759
146 0.182759
147 0.182759
148 0.182759
149 0.182759
150 0.182759
151 0.182759
152 0.182759
153 0.182759
154 0.182759
155 0.182759
156 0.182759
157 0.182759
158 0.182759
159 0.182759
