0 0
1 0.136444
2 0.133889
3 0.139296
4 0.131333
5 0.176
6 0.176
7 0.176
8 0.176
9 0.176
10 0.176
11 0.181333
12 0.175185
13 0.175185
14 0.173852
15 0.173852
16 0.173852
17 0.173852
18 0.180444
19 0.180444
20 0.180444
21 0.180444
22 0.180444
23 0.172074
24 0.172074
25 0.176
26 0.176
27 0.173778
28 0.173778
29 0.173778
30 0.175556
31 0.175556
32 0.173778
33 0.177333
34 0.176889
35 0.179556
36 0.179556
37 0.179556
38 0.179556
39 0.179556
40 0.179556
41 0.179556
42 0.179556
43 0.179556
44 0.179556
45 0.179556
46 0.179556
47 0.179556
48 0.179556
49 0.179556
50 0.179556
51 0.179556
52 0.179556
53 0.179556
54 0.179556
55 0.179556
56 0.175556
57 0.175556
58 0.175556
59 0.174667
60 0.174667
61 0.174667
62 0.174667
63 0.174667
64 0.174667
65 0.174667
66 0.174667
67 0.174667
68 0.174667
69 0.174667
70 0.175556
71 0.175556
72 0.175556
73 0.175556
74 0.175556
75 0.175556
76 0.175556
77 0.175556
78 0.175556
79 0.175556
80 0.175556
81 0.175556
82 0.175556
83 0.175556
84 0.175556
85 0.175556
86 0.175556
87 0.171556
88 0.175556
89 0.175556
90 0.175556
91 0.175556
92 0.175556
93 0.175556
94 0.175556
95 0.175556
96 0.175556
97 0.175556
98 0.175556
99 0.175556
100 0.175556
101 0.175556
102 0.175556
103 0.175556
104 0.175556
105 0.175556
106 0.175556
107 0.175556
108 0.175556
109 0.175556
110 0.175556
111 0.175556
112 0.173333
113 0.173333
114 0.175556
115 0.173333
116 0.173333
117 0.173333
118 0.173333
119 0.173333
120 0.173333
121 0.173778
122 0.175556
123 0.175556
124 0.175556
125 0.175556
126 0.175556
127 0.175556
128 0.175556
129 0.175556
130 0.175556
131 0.18
132 0.18
133 0.18
134 0.177333
135 0.177333
136 0.177333
137 0.177333
138 0.177333
139 0.177333
140 0.177333
141 0.177333
142 0.177333
143 0.177333
144 0.177333
145 0.177333
146 0.177333
147 0.177333
148 0.177333
149 0.177333
150 0.177333
151 0.175111
152 0.175111
153 0.175111
154 0.175111
155 0.175111
156 0.175111
