0 0
1 0.157305
2 0.16003
3 0.180129
4 0.179977
5 0.181037
6 0.181037
7 0.181794
8 0.183497
9 0.18486
10 0.18486
11 0.184254
12 0.211847
13 0.223013
14 0.223013
15 0.223013
16 0.224073
17 0.225587
18 0.234671
19 0.239818
20 0.239818
21 0.23679
22 0.2324
23 0.2324
24 0.2324
25 0.2324
26 0.2324
27 0.2324
28 0.2324
29 0.23891
30 0.23891
31 0.239213
32 0.239213
33 0.239213
34 0.239213
35 0.239213
36 0.239213
37 0.239213
38 0.236942
39 0.236942
40 0.236942
41 0.236942
42 0.237245
43 0.237245
44 0.237245
45 0.23785
46 0.23785
47 0.23785
48 0.23785
49 0.23785
50 0.23785
51 0.23785
52 0.23785
53 0.23785
54 0.23785
55 0.23785
56 0.23785
57 0.23785
58 0.23785
59 0.253596
60 0.253596
61 0.253596
62 0.253596
63 0.253596
64 0.253596
65 0.253596
66 0.253596
67 0.253596
68 0.253596
69 0.253596
70 0.253596
71 0.253596
72 0.253596
73 0.260409
74 0.260409
75 0.260409
76 0.260409
77 0.260409
78 0.260409
79 0.262074
80 0.252839
81 0.252839
82 0.252839
83 0.252839
84 0.252839
85 0.266313
86 0.266313
87 0.266313
88 0.266313
89 0.266313
90 0.266313
91 0.266313
92 0.266313
93 0.266313
94 0.266313
95 0.266313
96 0.266313
97 0.266313
98 0.266313
99 0.266313
100 0.266313
101 0.266313
102 0.266313
103 0.265556
104 0.265556
105 0.265556
106 0.265556
107 0.265556
108 0.265556
109 0.265556
110 0.265556
111 0.266465
112 0.266465
113 0.266465
114 0.266465
115 0.266465
116 0.266465
117 0.266465
118 0.266465
119 0.266465
120 0.266465
121 0.266465
122 0.266465
123 0.266465
124 0.266465
125 0.264345
126 0.264345
127 0.264345
128 0.264345
129 0.264345
130 0.264345
131 0.264345
132 0.265708
133 0.263588
134 0.263588
135 0.263588
136 0.263588
137 0.263588
138 0.263588
139 0.263588
140 0.263588
141 0.263588
142 0.263588
143 0.263588
144 0.263588
145 0.263588
146 0.263588
147 0.263588
148 0.262831
149 0.262831
150 0.262831
151 0.262831
152 0.262831
153 0.262831
154 0.262831
155 0.262831
156 0.262831
157 0.262831
158 0.262831
159 0.262831
160 0.262831
161 0.262831
162 0.262831
163 0.262831
164 0.262831
165 0.262831
166 0.262831
167 0.262831
168 0.262831
169 0.262831
170 0.262831
171 0.262831
172 0.262831
173 0.262831
174 0.262831
175 0.260712
176 0.260712
177 0.260712
178 0.260712
179 0.260712
180 0.260712
181 0.260712
182 0.260712
183 0.260712
184 0.260712
185 0.262074
186 0.262074
187 0.262074
188 0.262074
189 0.262074
190 0.261469
191 0.261469
