0 0
1 0.156397
2 0.157305
3 0.179447
4 0.188002
5 0.188002
6 0.188002
7 0.202082
8 0.209463
9 0.210787
10 0.227858
11 0.227214
12 0.235276
13 0.235503
14 0.242808
15 0.241484
16 0.241484
17 0.241484
18 0.241484
19 0.241484
20 0.241484
21 0.241484
22 0.241484
23 0.241484
24 0.241484
25 0.241484
26 0.241484
27 0.242089
28 0.242089
29 0.242089
30 0.242089
31 0.242089
32 0.242089
33 0.242089
34 0.242089
35 0.242089
36 0.242089
37 0.23997
38 0.23997
39 0.23997
40 0.240878
41 0.240878
42 0.242846
43 0.244058
44 0.244058
45 0.244058
46 0.244058
47 0.244058
48 0.244058
49 0.254807
50 0.254807
51 0.254807
52 0.254807
53 0.254807
54 0.254807
55 0.254807
56 0.254807
57 0.254807
58 0.254807
59 0.254807
60 0.254807
61 0.254807
62 0.253596
63 0.253596
64 0.253596
65 0.253596
66 0.253596
67 0.253596
68 0.253596
69 0.253596
70 0.253596
71 0.253596
72 0.253596
73 0.253596
74 0.253444
75 0.253444
76 0.251325
77 0.251325
78 0.251325
79 0.251325
80 0.251325
81 0.251325
82 0.251325
83 0.251325
84 0.251325
85 0.251325
86 0.251325
87 0.251325
88 0.251325
89 0.251325
90 0.251325
91 0.251325
92 0.262074
93 0.262074
94 0.262074
95 0.262074
96 0.262074
97 0.257835
98 0.257835
99 0.252082
100 0.252082
101 0.252082
102 0.252082
103 0.252082
104 0.252082
105 0.252082
106 0.252082
107 0.252082
108 0.252082
109 0.252082
110 0.252082
111 0.252082
112 0.252082
113 0.252082
114 0.252082
115 0.252082
116 0.252082
117 0.252082
118 0.252082
119 0.252082
120 0.252082
121 0.252082
122 0.252082
123 0.252082
124 0.252082
125 0.252082
126 0.261923
127 0.261923
128 0.261923
129 0.261923
130 0.261923
131 0.261923
132 0.261923
133 0.261923
134 0.261923
135 0.261923
136 0.261923
137 0.261923
138 0.261923
139 0.261923
140 0.261923
141 0.261923
142 0.261923
143 0.261923
144 0.261923
145 0.261923
146 0.261317
147 0.261317
148 0.261317
149 0.261317
150 0.261317
151 0.261317
152 0.261317
153 0.261317
154 0.261923
155 0.259198
156 0.259198
157 0.259198
158 0.259198
159 0.259198
160 0.259198
161 0.259198
162 0.259198
163 0.259198
164 0.260712
165 0.260712
166 0.260712
167 0.260712
168 0.260712
169 0.259803
170 0.259803
171 0.259803
172 0.262074
173 0.262074
174 0.262074
175 0.259198
176 0.262074
177 0.262074
178 0.262074
179 0.262074
180 0.262074
181 0.262074
182 0.262074
183 0.262074
184 0.262074
185 0.262074
