0 0
1 0.0896552
2 0.103448
3 0.107759
4 0.107759
5 0.174138
6 0.174138
7 0.174138
8 0.174138
9 0.173276
10 0.173276
11 0.178448
12 0.155172
13 0.155172
14 0.163793
15 0.163793
16 0.163793
17 0.163793
18 0.160345
19 0.160345
20 0.160345
21 0.160345
22 0.160345
23 0.163793
24 0.163793
25 0.160345
26 0.160345
27 0.160345
28 0.160345
29 0.160345
30 0.160345
31 0.160345
32 0.158621
33 0.162069
34 0.162069
35 0.159483
36 0.159483
37 0.159483
38 0.159483
39 0.159483
40 0.159483
41 0.159483
42 0.161207
43 0.161207
44 0.161207
45 0.161207
46 0.161207
47 0.161207
48 0.161207
49 0.161207
50 0.161207
51 0.161207
52 0.161207
53 0.161207
54 0.161207
55 0.161207
56 0.17931
57 0.17931
58 0.17931
59 0.17931
60 0.17931
61 0.17931
62 0.17931
63 0.17931
64 0.17931
65 0.17931
66 0.17931
67 0.181034
68 0.180172
69 0.180172
70 0.17931
71 0.17931
72 0.17931
73 0.17931
74 0.17931
75 0.17931
76 0.17931
77 0.17931
78 0.17931
79 0.17931
80 0.17931
81 0.17931
82 0.17931
83 0.17931
84 0.17931
85 0.17931
86 0.17931
87 0.17931
88 0.187069
89 0.187069
90 0.187069
91 0.187069
92 0.187069
93 0.187069
94 0.187069
95 0.187069
96 0.187069
97 0.187069
98 0.187931
99 0.187069
100 0.187069
101 0.187069
102 0.187069
103 0.187069
104 0.187069
105 0.187069
106 0.187069
107 0.186207
108 0.186207
109 0.186207
110 0.186207
111 0.186207
112 0.186207
113 0.186207
114 0.186207
115 0.186207
116 0.186207
117 0.186207
118 0.186207
119 0.186207
120 0.186207
121 0.184483
122 0.186207
123 0.186207
124 0.186207
125 0.186207
126 0.182759
127 0.182759
128 0.182759
129 0.182759
130 0.182759
131 0.182759
132 0.182759
133 0.182759
134 0.187069
135 0.187069
136 0.187069
137 0.187069
138 0.187069
139 0.187069
140 0.187069
141 0.187069
142 0.187069
143 0.187069
144 0.187069
145 0.187069
146 0.187069
147 0.187069
148 0.187069
149 0.187069
150 0.187069
151 0.187069
152 0.187069
153 0.187069
154 0.187069
155 0.187069
156 0.187069
