0 0
1 0.182006
2 0.182006
3 0.182006
4 0.182006
5 0.182006
6 0.182006
7 0.182006
8 0.182006
9 0.182006
10 0.182006
11 0.182006
12 0.182006
13 0.182006
14 0.182006
15 0.182006
16 0.182006
17 0.182006
18 0.182006
19 0.182006
20 0.182006
21 0.182006
22 0.182006
23 0.182006
24 0.182006
25 0.182006
26 0.182006
27 0.182006
28 0.182006
29 0.182006
30 0.182006
31 0.182006
32 0.182006
33 0.182006
34 0.182006
35 0.182006
36 0.182006
37 0.182006
38 0.182006
39 0.182006
40 0.154646
41 0.16969
42 0.169469
43 0.19351
44 0.19351
45 0.19351
46 0.19351
47 0.19351
48 0.20944
49 0.20944
50 0.20944
51 0.20944
52 0.218215
53 0.218215
54 0.21733
55 0.21733
56 0.21733
57 0.219543
58 0.219543
59 0.219543
60 0.230162
61 0.230162
62 0.230162
63 0.222198
64 0.222198
65 0.229277
66 0.229277
67 0.23208
68 0.23208
69 0.23208
70 0.23208
71 0.23208
72 0.231637
73 0.231637
