0 0
1 0.40554
2 0.40554
3 0.40554
4 0.40554
5 0.40554
6 0.40554
7 0.40554
8 0.40554
9 0.40554
10 0.40554
11 0.40554
12 0.40554
13 0.40554
14 0.40554
15 0.40554
16 0.40554
17 0.40554
18 0.40554
19 0.40554
20 0.40554
21 0.40554
22 0.40554
23 0.40554
24 0.40554
25 0.40554
26 0.40554
27 0.40554
28 0.40554
29 0.40554
30 0.40554
31 0.40554
32 0.40554
33 0.40554
34 0.40554
35 0.40554
36 0.40554
37 0.40554
38 0.40554
39 0.40554
40 0.425498
41 0.429915
42 0.430515
43 0.435437
44 0.435437
45 0.435437
46 0.435437
47 0.435437
48 0.436102
49 0.436102
50 0.436102
51 0.436102
52 0.439855
53 0.439855
54 0.440217
55 0.440217
56 0.440217
57 0.440546
58 0.440546
59 0.440546
60 0.440846
61 0.440846
62 0.440866
63 0.44324
64 0.443557
65 0.444739
66 0.444739
67 0.448858
68 0.448858
69 0.448877
70 0.448877
71 0.448877
72 0.448884
73 0.448884
