0 0
1 0.39086
2 0.39086
3 0.39086
4 0.39086
5 0.39086
6 0.39086
7 0.39086
8 0.39086
9 0.39086
10 0.39086
11 0.39086
12 0.39086
13 0.39086
14 0.39086
15 0.39086
16 0.39086
17 0.39086
18 0.39086
19 0.39086
20 0.39086
21 0.39086
22 0.39086
23 0.39086
24 0.39086
25 0.39086
26 0.39086
27 0.39086
28 0.39086
29 0.39086
30 0.39086
31 0.39086
32 0.39086
33 0.39086
34 0.39086
35 0.39086
36 0.39086
37 0.39086
38 0.39086
39 0.39086
40 0.407975
41 0.412556
42 0.41306
43 0.419825
44 0.419825
45 0.419825
46 0.419825
47 0.419825
48 0.424665
49 0.424665
50 0.424665
51 0.424665
52 0.425612
53 0.425612
54 0.426906
55 0.426906
56 0.426906
57 0.427441
58 0.427441
59 0.427441
60 0.430198
61 0.430198
62 0.430198
63 0.428088
64 0.428454
65 0.429523
66 0.429523
67 0.436161
68 0.436161
69 0.436246
70 0.436246
71 0.436246
72 0.436274
73 0.436274
