0 0
1 0.502558
2 0.502558
3 0.502558
4 0.502558
5 0.502558
6 0.502558
7 0.502558
8 0.502558
9 0.502558
10 0.502558
11 0.502558
12 0.502558
13 0.502558
14 0.502558
15 0.502558
16 0.502558
17 0.502558
18 0.502558
19 0.502558
20 0.502558
21 0.502558
22 0.502558
23 0.502558
24 0.502558
25 0.502558
26 0.502558
27 0.502558
28 0.502558
29 0.502558
30 0.502558
31 0.502558
32 0.502558
33 0.502781
34 0.502781
35 0.502781
36 0.502781
37 0.502781
38 0.502781
39 0.502781
40 0.502781
41 0.502781
42 0.502781
43 0.500667
44 0.500667
45 0.498109
46 0.498109
47 0.498109
48 0.498109
49 0.498554
50 0.485873
51 0.485873
52 0.492436
53 0.492436
54 0.492436
55 0.493326
56 0.493326
57 0.493326
58 0.493326
59 0.493326
60 0.493326
61 0.493326
