0 0
1 0.450667
2 0.450667
3 0.450667
4 0.450667
5 0.450667
6 0.450667
7 0.450667
8 0.450667
9 0.450667
10 0.450667
11 0.450667
12 0.450667
13 0.450667
14 0.450667
15 0.450667
16 0.450667
17 0.450667
18 0.450667
19 0.450667
20 0.450667
21 0.450667
22 0.450667
23 0.450667
24 0.450667
25 0.450667
26 0.450667
27 0.450667
28 0.450667
29 0.450667
30 0.450667
31 0.450667
32 0.450667
33 0.450667
34 0.450667
35 0.450667
36 0.450667
37 0.450667
38 0.450667
39 0.450667
40 0.457333
41 0.460667
42 0.460667
43 0.461333
44 0.461333
45 0.461333
46 0.461333
47 0.461333
48 0.452667
49 0.452667
50 0.452667
51 0.452667
52 0.455333
53 0.455333
54 0.449333
55 0.449333
56 0.449333
57 0.449333
58 0.449333
59 0.449333
60 0.454
61 0.454
62 0.454
63 0.457333
64 0.459333
65 0.455333
66 0.455333
67 0.456
68 0.456
69 0.456
70 0.456
71 0.456
72 0.456
73 0.456
