0 0
1 0.406389
2 0.406389
3 0.406389
4 0.406389
5 0.406389
6 0.406389
7 0.406389
8 0.407315
9 0.407315
10 0.407315
11 0.407315
12 0.407315
13 0.407315
14 0.407315
15 0.407315
16 0.407315
17 0.407315
18 0.407315
19 0.407315
20 0.407315
21 0.407315
22 0.407315
23 0.407315
24 0.407315
25 0.407315
26 0.407315
27 0.407315
28 0.407315
29 0.407315
30 0.407315
31 0.407315
32 0.407315
33 0.422298
34 0.422298
35 0.422298
36 0.422298
37 0.422298
38 0.422298
39 0.422298
40 0.422298
41 0.422298
42 0.422298
43 0.430125
44 0.430125
45 0.425873
46 0.425873
47 0.425873
48 0.425873
49 0.42649
50 0.43102
51 0.43102
52 0.431126
53 0.431126
54 0.431126
55 0.433745
56 0.433745
57 0.433745
58 0.433745
59 0.433745
60 0.433745
61 0.433745
