0 0
1 0.50448
2 0.50448
3 0.50448
4 0.50448
5 0.50448
6 0.50448
7 0.50448
8 0.50448
9 0.50448
10 0.50448
11 0.50448
12 0.50448
13 0.50448
14 0.50448
15 0.50448
16 0.50448
17 0.50448
18 0.50448
19 0.50448
20 0.50448
21 0.50448
22 0.50448
23 0.50448
24 0.50448
25 0.50448
26 0.50448
27 0.50448
28 0.50448
29 0.50448
30 0.50448
31 0.50448
32 0.50448
33 0.50448
34 0.50448
35 0.50448
36 0.50448
37 0.50448
38 0.50448
39 0.50448
40 0.514229
41 0.512912
42 0.512912
43 0.513834
44 0.513834
45 0.513834
46 0.513834
47 0.513834
48 0.513175
49 0.513175
50 0.513175
51 0.513175
52 0.51502
53 0.51502
54 0.511067
55 0.511067
56 0.511067
57 0.512121
58 0.512121
59 0.512121
60 0.508959
61 0.508959
62 0.508959
63 0.515152
64 0.515942
65 0.51357
66 0.51357
67 0.510145
68 0.510145
69 0.510145
70 0.510145
71 0.510145
72 0.510145
73 0.510145
