0 0
1 0.169333
2 0.21
3 0.21
4 0.21
5 0.21
6 0.21
7 0.212593
8 0.225778
9 0.225778
10 0.226667
11 0.224444
12 0.236
13 0.236
14 0.244889
15 0.244889
16 0.244889
17 0.236
18 0.236
19 0.243778
20 0.236889
21 0.234889
22 0.230222
23 0.230222
24 0.230222
25 0.230222
26 0.230222
27 0.230222
28 0.228926
29 0.231111
30 0.248333
31 0.256333
32 0.255
33 0.255889
34 0.254074
35 0.254074
36 0.254074
37 0.239556
38 0.239556
39 0.242
40 0.242
41 0.242
42 0.242
43 0.245556
44 0.250444
45 0.254778
46 0.254778
47 0.254778
48 0.256
49 0.256
50 0.256
51 0.256
52 0.256
53 0.256556
54 0.256556
55 0.256556
56 0.256556
57 0.256556
58 0.256556
59 0.256556
60 0.256556
61 0.260889
62 0.260889
63 0.260889
64 0.260889
65 0.260889
66 0.260889
67 0.260889
68 0.260889
69 0.260889
70 0.251333
71 0.251333
72 0.251333
73 0.251333
74 0.252444
75 0.252444
76 0.252444
77 0.252444
78 0.252444
79 0.252444
80 0.252667
81 0.252667
82 0.252667
83 0.271407
84 0.271407
85 0.271407
86 0.271407
87 0.271407
88 0.272889
89 0.272889
90 0.268296
91 0.270074
92 0.270519
93 0.273111
94 0.273111
95 0.273111
96 0.273111
97 0.273111
98 0.274
99 0.271333
100 0.271333
101 0.271333
102 0.271333
103 0.275778
104 0.275778
105 0.275778
106 0.275778
107 0.27
108 0.274444
109 0.274444
110 0.274444
111 0.274444
112 0.274444
113 0.274444
114 0.274444
115 0.274444
116 0.274444
117 0.274444
118 0.274444
119 0.274444
120 0.274444
121 0.266889
122 0.266889
123 0.266889
124 0.266889
125 0.266889
126 0.266889
127 0.266889
128 0.266889
129 0.266889
130 0.266889
131 0.266889
132 0.266889
133 0.266889
134 0.266889
135 0.266889
136 0.266889
137 0.266889
138 0.269111
139 0.269111
140 0.269111
141 0.269111
142 0.269111
143 0.269111
144 0.269111
145 0.269111
146 0.269111
147 0.269111
148 0.269111
149 0.269111
150 0.269111
151 0.269111
152 0.269111
153 0.261111
154 0.261111
155 0.261111
156 0.261111
157 0.261111
158 0.261111
159 0.261111
160 0.261111
161 0.261111
162 0.261111
163 0.261111
164 0.261111
165 0.256444
166 0.256444
167 0.256444
168 0.256444
169 0.261333
170 0.261333
171 0.261333
172 0.261333
173 0.261333
174 0.262222
175 0.262222
176 0.262222
177 0.262222
178 0.262222
179 0.262222
180 0.262222
181 0.262222
182 0.262222
183 0.262222
184 0.262222
185 0.262222
186 0.262222
187 0.262222
188 0.262222
189 0.251556
190 0.251556
191 0.251556
192 0.251556
193 0.251556
194 0.251556
195 0.251556
196 0.251556
197 0.255111
198 0.255111
199 0.255111
200 0.255111
201 0.255111
202 0.255111
203 0.255111
204 0.255111
205 0.255111
206 0.255111
207 0.255111
208 0.255111
209 0.255111
210 0.255111
211 0.255111
212 0.255111
213 0.255111
214 0.255111
215 0.255111
216 0.255111
217 0.255111
218 0.255111
219 0.255111
220 0.255111
221 0.254667
222 0.254667
223 0.254667
224 0.254667
225 0.254667
226 0.254667
227 0.254667
228 0.254667
229 0.254667
230 0.254667
231 0.255556
232 0.255556
233 0.255556
234 0.255556
235 0.255556
236 0.255556
237 0.255556
238 0.255556
239 0.255556
240 0.255556
241 0.255556
242 0.255556
243 0.255556
244 0.255556
245 0.254222
246 0.254222
247 0.254222
248 0.254222
249 0.254222
250 0.254222
251 0.254222
252 0.254222
253 0.254222
254 0.254222
255 0.254222
256 0.254222
257 0.254222
258 0.256
259 0.256
260 0.256
261 0.256
262 0.256
263 0.256
264 0.256
265 0.256
266 0.256
267 0.256
268 0.256
269 0.256
270 0.256
271 0.256
272 0.256
273 0.254222
274 0.254222
275 0.254222
276 0.254222
277 0.254222
278 0.254222
279 0.254222
280 0.260889
281 0.260889
282 0.260889
283 0.260889
284 0.260889
285 0.260889
286 0.260889
287 0.26
288 0.26
289 0.260444
290 0.260444
291 0.260444
292 0.260444
293 0.260444
294 0.260444
295 0.260444
296 0.257778
297 0.257778
298 0.257778
299 0.257778
300 0.257778
301 0.257778
302 0.257778
303 0.257778
304 0.257778
305 0.257778
306 0.257778
307 0.257778
308 0.257778
