0 0
1 0.195086
2 0.195086
3 0.195086
4 0.195086
5 0.202234
6 0.202234
7 0.204319
8 0.207148
9 0.20834
10 0.21236
11 0.21236
12 0.21236
13 0.273418
14 0.273418
15 0.273418
16 0.273418
17 0.273716
18 0.275354
19 0.276992
20 0.277439
21 0.277439
22 0.279077
23 0.279077
24 0.279077
25 0.279226
26 0.279226
27 0.279226
28 0.27997
29 0.27997
30 0.280417
31 0.280417
32 0.280417
33 0.324944
34 0.324944
35 0.333582
36 0.333582
37 0.340879
38 0.340879
39 0.340879
40 0.341474
41 0.341474
42 0.341474
43 0.341474
44 0.344453
45 0.344453
46 0.344453
47 0.344899
48 0.344899
49 0.344899
50 0.344899
51 0.344899
52 0.34624
53 0.34624
54 0.352643
55 0.352643
56 0.352643
57 0.352643
58 0.352643
59 0.352643
60 0.352643
61 0.352643
62 0.352643
63 0.35309
64 0.353388
65 0.353388
66 0.353388
67 0.353388
68 0.353388
69 0.353537
70 0.353984
71 0.353984
72 0.355473
73 0.355473
74 0.355473
75 0.361727
76 0.361727
77 0.363614
78 0.363614
79 0.363614
80 0.363614
81 0.363614
82 0.363912
83 0.365848
84 0.365848
85 0.365848
86 0.365848
87 0.365848
88 0.365848
89 0.365848
90 0.365848
91 0.365848
92 0.365848
93 0.366145
94 0.366145
95 0.366145
96 0.366145
97 0.366145
98 0.366145
99 0.366145
100 0.366145
101 0.366145
102 0.366145
103 0.366294
104 0.366592
105 0.367039
106 0.367039
107 0.367039
108 0.367039
109 0.367039
110 0.367039
111 0.367039
112 0.367039
113 0.367039
114 0.367039
115 0.367337
116 0.370464
117 0.370464
118 0.370464
119 0.370464
120 0.370911
121 0.370911
122 0.370911
123 0.370911
124 0.370911
125 0.370911
126 0.370911
127 0.370911
128 0.370911
129 0.370911
130 0.370911
131 0.370911
132 0.370911
133 0.370911
134 0.370911
135 0.370911
136 0.370911
137 0.370911
138 0.370911
139 0.370911
140 0.370911
141 0.370911
142 0.370911
143 0.370911
144 0.370911
145 0.370911
146 0.370911
147 0.370911
148 0.370911
149 0.370911
150 0.370911
151 0.370911
152 0.370911
153 0.370911
154 0.370911
155 0.370911
156 0.372847
157 0.372847
158 0.372847
159 0.372847
160 0.372847
161 0.372847
162 0.372847
163 0.372847
164 0.372847
165 0.375379
166 0.375379
167 0.375379
168 0.375379
169 0.375379
170 0.375379
171 0.375379
172 0.375974
173 0.375974
174 0.375974
175 0.375974
176 0.375974
177 0.375974
178 0.375974
179 0.375974
180 0.375974
181 0.375974
182 0.375974
183 0.375974
184 0.375974
185 0.375974
186 0.375974
187 0.375974
188 0.375974
189 0.375974
190 0.375974
191 0.375974
192 0.375974
193 0.375974
194 0.376123
195 0.376123
196 0.376123
197 0.377612
198 0.377612
199 0.377612
200 0.377612
201 0.377612
202 0.377612
203 0.377612
204 0.377612
205 0.377612
206 0.378357
207 0.378357
208 0.378357
209 0.378357
210 0.378357
211 0.378357
212 0.378357
213 0.378357
214 0.378357
215 0.378357
216 0.378357
217 0.378357
218 0.378357
219 0.378357
220 0.378357
221 0.378357
222 0.378357
223 0.378357
224 0.378357
225 0.378357
226 0.378357
227 0.378357
228 0.378357
229 0.378357
230 0.378357
231 0.378357
232 0.378357
233 0.378357
234 0.378357
235 0.378357
236 0.378357
237 0.378357
238 0.378357
239 0.378357
240 0.378357
241 0.378357
242 0.378357
243 0.378357
244 0.378804
245 0.378804
246 0.378804
247 0.378804
248 0.378804
249 0.378804
250 0.378953
251 0.378953
252 0.378953
253 0.380442
254 0.380442
255 0.380442
256 0.380442
257 0.380442
258 0.380442
259 0.380442
260 0.380442
261 0.380591
262 0.380591
263 0.380591
264 0.380591
265 0.380591
266 0.380591
267 0.380591
268 0.381484
269 0.381484
270 0.381484
271 0.381484
272 0.381484
273 0.381484
274 0.381484
275 0.381484
276 0.381931
277 0.381931
278 0.381931
279 0.381931
280 0.381931
281 0.381931
282 0.381931
283 0.38208
284 0.382229
285 0.382229
286 0.382229
287 0.382229
288 0.382229
289 0.382229
290 0.382229
291 0.382229
292 0.382229
