0 0
1 0.146568
2 0.139703
3 0.153618
4 0.153618
5 0.195362
6 0.195362
7 0.195362
8 0.172171
9 0.211317
10 0.211317
11 0.211317
12 0.083859
13 0.147124
14 0.123191
15 0.183302
16 0.135993
17 0.208534
18 0.212059
19 0.237662
20 0.237662
21 0.153803
22 0.153803
23 0.153803
24 0.153803
25 0.153803
26 0.153803
27 0.157143
28 0.155659
29 0.155659
30 0.155659
31 0.155659
32 0.155659
33 0.155659
34 0.155659
35 0.155659
36 0.155659
37 0.158256
38 0.179035
39 0.179035
40 0.184416
41 0.164193
42 0.186085
43 0.298701
44 0.298701
45 0.298701
46 0.298701
47 0.298701
48 0.298701
49 0.300557
50 0.300557
51 0.300557
52 0.320037
53 0.320037
54 0.320037
55 0.335065
56 0.335065
57 0.335065
58 0.335065
59 0.302597
60 0.302597
61 0.302597
62 0.334694
63 0.334694
64 0.33692
65 0.33692
66 0.33692
67 0.33692
68 0.338776
69 0.338776
70 0.338776
71 0.338776
72 0.338776
73 0.336549
74 0.336549
75 0.336549
76 0.336549
77 0.336549
78 0.335622
79 0.335622
80 0.335622
81 0.33154
82 0.33154
83 0.33154
84 0.334694
85 0.334694
86 0.334694
87 0.334694
88 0.334694
89 0.334694
90 0.334694
91 0.334694
92 0.334694
93 0.334694
94 0.334694
95 0.334694
96 0.334694
97 0.334694
98 0.334694
99 0.334694
100 0.334694
101 0.334694
102 0.334694
103 0.334694
104 0.334694
105 0.334694
106 0.334694
107 0.334694
108 0.334694
109 0.334694
110 0.334694
111 0.334694
112 0.334694
113 0.334694
114 0.334694
115 0.334694
116 0.334694
117 0.334694
118 0.334694
119 0.334694
120 0.334694
121 0.334694
122 0.334694
123 0.334694
124 0.334694
125 0.334694
126 0.345269
127 0.345269
128 0.345269
129 0.345269
130 0.345269
131 0.345269
132 0.345269
133 0.345269
134 0.344156
135 0.345269
136 0.345269
137 0.345269
138 0.345269
139 0.345269
140 0.34397
141 0.345269
142 0.345269
143 0.345269
144 0.345269
145 0.345269
146 0.345269
147 0.345269
148 0.344156
149 0.343043
150 0.345083
151 0.345083
152 0.345083
153 0.345083
154 0.345083
155 0.345083
156 0.344341
157 0.344341
158 0.344341
159 0.344341
160 0.344341
161 0.344341
162 0.344341
163 0.345455
164 0.345455
165 0.345455
166 0.345455
167 0.345455
168 0.345455
169 0.345455
170 0.345455
171 0.345455
172 0.345455
173 0.345455
174 0.345455
175 0.345455
176 0.345455
177 0.345455
178 0.345455
179 0.345455
180 0.345455
181 0.340445
182 0.340445
183 0.340445
184 0.340445
185 0.340445
186 0.340445
187 0.340445
188 0.340445
189 0.340445
190 0.340445
191 0.340445
192 0.340445
193 0.342115
194 0.342115
195 0.342115
196 0.342115
197 0.342115
198 0.342115
199 0.342115
200 0.342115
201 0.342115
202 0.338961
203 0.338961
204 0.338961
205 0.338961
206 0.338961
207 0.338961
208 0.338961
209 0.338961
210 0.338961
211 0.338961
212 0.338961
213 0.338961
214 0.338961
215 0.338961
216 0.338961
217 0.338961
218 0.338961
219 0.338961
220 0.338961
221 0.338961
222 0.338961
223 0.338961
224 0.338961
225 0.338961
226 0.338961
227 0.338961
228 0.338961
229 0.338961
230 0.338961
231 0.338961
232 0.338961
233 0.338961
234 0.338961
235 0.338961
236 0.338961
237 0.338961
238 0.338961
239 0.338961
240 0.338961
241 0.338961
242 0.338961
243 0.338961
244 0.338961
245 0.338961
246 0.338961
247 0.338961
248 0.338961
249 0.338961
250 0.338961
251 0.338961
252 0.338961
253 0.338961
254 0.338961
255 0.338961
256 0.338961
257 0.338961
258 0.338961
259 0.338961
260 0.338961
261 0.338961
262 0.339518
263 0.339518
264 0.33859
265 0.33859
266 0.33859
267 0.33859
268 0.337848
269 0.337848
270 0.337848
271 0.337848
272 0.337848
273 0.337848
274 0.337848
275 0.338404
276 0.338404
277 0.338404
278 0.338404
279 0.338404
280 0.338404
281 0.338404
282 0.338404
283 0.338404
284 0.344712
285 0.344712
286 0.344712
287 0.344712
288 0.344712
289 0.344712
290 0.344712
291 0.344712
292 0.343414
293 0.343228
294 0.343228
295 0.343228
296 0.343228
297 0.343228
298 0.343228
299 0.343228
300 0.343414
301 0.343414
302 0.343414
303 0.343414
304 0.343414
305 0.343414
306 0.343414
307 0.342857
308 0.342857
309 0.342857
310 0.342857
311 0.342857
312 0.342857
313 0.342857
314 0.342857
315 0.342857
316 0.342857
317 0.342857
318 0.342857
