0 0
1 0.219355
2 0.219355
3 0.264516
4 0.264516
5 0.225806
6 0.225806
7 0.225806
8 0.193548
9 0.245161
10 0.245161
11 0.245161
12 0.0967742
13 0.187097
14 0.167742
15 0.277419
16 0.187097
17 0.193548
18 0.193548
19 0.322581
20 0.322581
21 0.148387
22 0.148387
23 0.148387
24 0.148387
25 0.148387
26 0.148387
27 0.129032
28 0.154839
29 0.154839
30 0.154839
31 0.154839
32 0.154839
33 0.154839
34 0.154839
35 0.154839
36 0.154839
37 0.154839
38 0.219355
39 0.219355
40 0.219355
41 0.219355
42 0.187097
43 0.283871
44 0.283871
45 0.283871
46 0.283871
47 0.283871
48 0.283871
49 0.283871
50 0.283871
51 0.283871
52 0.335484
53 0.335484
54 0.335484
55 0.367742
56 0.367742
57 0.367742
58 0.367742
59 0.283871
60 0.283871
61 0.283871
62 0.4
63 0.4
64 0.380645
65 0.380645
66 0.380645
67 0.380645
68 0.4
69 0.4
70 0.4
71 0.4
72 0.4
73 0.4
74 0.4
75 0.4
76 0.4
77 0.4
78 0.380645
79 0.380645
80 0.380645
81 0.348387
82 0.348387
83 0.348387
84 0.348387
85 0.348387
86 0.348387
87 0.348387
88 0.348387
89 0.348387
90 0.380645
91 0.380645
92 0.380645
93 0.380645
94 0.380645
95 0.380645
96 0.380645
97 0.380645
98 0.380645
99 0.380645
100 0.380645
101 0.380645
102 0.380645
103 0.380645
104 0.380645
105 0.380645
106 0.380645
107 0.380645
108 0.380645
109 0.380645
110 0.380645
111 0.380645
112 0.380645
113 0.380645
114 0.380645
115 0.380645
116 0.380645
117 0.380645
118 0.380645
119 0.380645
120 0.380645
121 0.380645
122 0.380645
123 0.380645
124 0.380645
125 0.380645
126 0.335484
127 0.335484
128 0.335484
129 0.335484
130 0.335484
131 0.335484
132 0.335484
133 0.335484
134 0.335484
135 0.335484
136 0.335484
137 0.335484
138 0.335484
139 0.335484
140 0.335484
141 0.335484
142 0.335484
143 0.335484
144 0.335484
145 0.335484
146 0.335484
147 0.335484
148 0.335484
149 0.335484
150 0.335484
151 0.335484
152 0.335484
153 0.335484
154 0.335484
155 0.335484
156 0.335484
157 0.335484
158 0.335484
159 0.335484
160 0.335484
161 0.335484
162 0.335484
163 0.335484
164 0.335484
165 0.335484
166 0.335484
167 0.335484
168 0.335484
169 0.335484
170 0.335484
171 0.335484
172 0.335484
173 0.335484
174 0.335484
175 0.335484
176 0.335484
177 0.335484
178 0.335484
179 0.335484
180 0.335484
181 0.335484
182 0.335484
183 0.335484
184 0.335484
185 0.335484
186 0.335484
187 0.335484
188 0.335484
189 0.335484
190 0.335484
191 0.335484
192 0.335484
193 0.322581
194 0.322581
195 0.322581
196 0.322581
197 0.322581
198 0.322581
199 0.322581
200 0.322581
201 0.322581
202 0.322581
203 0.322581
204 0.322581
205 0.322581
206 0.322581
207 0.322581
208 0.322581
209 0.322581
210 0.322581
211 0.322581
212 0.322581
213 0.322581
214 0.322581
215 0.322581
216 0.322581
217 0.322581
218 0.322581
219 0.322581
220 0.322581
221 0.322581
222 0.322581
223 0.322581
224 0.322581
225 0.322581
226 0.322581
227 0.322581
228 0.322581
229 0.322581
230 0.322581
231 0.322581
232 0.322581
233 0.322581
234 0.322581
235 0.322581
236 0.322581
237 0.322581
238 0.322581
239 0.322581
240 0.322581
241 0.322581
242 0.322581
243 0.322581
244 0.322581
245 0.322581
246 0.322581
247 0.322581
248 0.322581
249 0.322581
250 0.322581
251 0.322581
252 0.322581
253 0.322581
254 0.322581
255 0.322581
256 0.322581
257 0.322581
258 0.322581
259 0.322581
260 0.322581
261 0.322581
262 0.322581
263 0.322581
264 0.322581
265 0.322581
266 0.322581
267 0.322581
268 0.322581
269 0.322581
270 0.322581
271 0.322581
272 0.322581
273 0.322581
274 0.322581
275 0.322581
276 0.322581
277 0.322581
278 0.322581
279 0.322581
280 0.322581
281 0.322581
282 0.322581
283 0.322581
284 0.335484
285 0.335484
286 0.335484
287 0.335484
288 0.335484
289 0.335484
290 0.335484
291 0.335484
292 0.322581
293 0.335484
294 0.335484
295 0.335484
296 0.335484
297 0.335484
298 0.335484
299 0.335484
300 0.322581
301 0.322581
302 0.322581
303 0.322581
304 0.322581
305 0.322581
306 0.322581
307 0.322581
308 0.322581
309 0.322581
310 0.322581
311 0.322581
312 0.322581
313 0.322581
314 0.322581
315 0.322581
316 0.322581
317 0.322581
318 0.322581
