0 0
1 0.0839911
2 0.15726
3 0.158749
4 0.158749
5 0.171556
6 0.17796
7 0.195483
8 0.195483
9 0.195483
10 0.199702
11 0.213403
12 0.213403
13 0.213552
14 0.234401
15 0.254803
16 0.260908
17 0.260908
18 0.265078
19 0.268652
20 0.270737
21 0.270737
22 0.273269
23 0.273269
24 0.273269
25 0.273269
26 0.27446
27 0.27729
28 0.27729
29 0.27729
30 0.278481
31 0.278481
32 0.278481
33 0.280119
34 0.280119
35 0.281608
36 0.282353
37 0.284438
38 0.325838
39 0.325838
40 0.325838
41 0.325838
42 0.325838
43 0.325838
44 0.325838
45 0.325838
46 0.325838
47 0.336709
48 0.336709
49 0.336709
50 0.336709
51 0.336709
52 0.336709
53 0.339241
54 0.339241
55 0.339241
56 0.339241
57 0.339241
58 0.350558
59 0.350558
60 0.350558
61 0.350558
62 0.350558
63 0.350558
64 0.351005
65 0.351601
66 0.351601
67 0.351601
68 0.351601
69 0.355771
70 0.355771
71 0.35592
72 0.356069
73 0.356069
74 0.356664
75 0.356813
76 0.358153
77 0.358153
78 0.358153
79 0.358153
80 0.358153
81 0.358153
82 0.358153
83 0.358153
84 0.358153
85 0.358153
86 0.35994
87 0.35994
88 0.35994
89 0.35994
90 0.35994
91 0.35994
92 0.35994
93 0.360983
94 0.361727
95 0.361727
96 0.361876
97 0.361876
98 0.361876
99 0.361876
100 0.361876
101 0.361876
102 0.362025
103 0.370464
104 0.370464
105 0.370464
106 0.370464
107 0.370464
108 0.370464
109 0.370464
110 0.370464
111 0.370464
112 0.370464
113 0.370464
114 0.370911
115 0.370911
116 0.370911
117 0.370911
118 0.370911
119 0.370911
120 0.370911
121 0.370911
122 0.370911
123 0.370911
124 0.370911
125 0.370911
126 0.370911
127 0.370911
128 0.370911
129 0.370911
130 0.370911
131 0.370911
132 0.370911
133 0.371358
134 0.371358
135 0.371358
136 0.371655
137 0.371804
138 0.371804
139 0.375379
140 0.375379
141 0.375379
142 0.375379
143 0.375379
144 0.375379
145 0.375379
146 0.375379
147 0.375379
148 0.375379
149 0.375379
150 0.375379
151 0.375379
152 0.375379
153 0.375527
154 0.375527
155 0.375676
156 0.375676
157 0.375676
158 0.375676
159 0.375676
160 0.375974
161 0.375974
162 0.375974
163 0.375974
164 0.375974
165 0.375974
166 0.375974
167 0.375974
168 0.375974
169 0.375974
170 0.375974
171 0.375974
172 0.375974
173 0.375974
174 0.375974
175 0.378357
176 0.378357
177 0.378357
178 0.378357
179 0.378357
180 0.378357
181 0.378357
182 0.378357
183 0.378357
184 0.378357
185 0.378357
186 0.378357
187 0.378357
188 0.378357
189 0.378357
190 0.378357
191 0.378357
192 0.378357
193 0.378804
194 0.378804
195 0.378804
196 0.378804
197 0.378804
198 0.378804
199 0.378804
200 0.378804
201 0.378804
202 0.378804
203 0.378804
204 0.378804
205 0.378804
206 0.378804
207 0.378804
208 0.378804
209 0.378804
210 0.378804
211 0.379995
212 0.379995
213 0.380442
214 0.380442
215 0.380442
216 0.380442
217 0.380442
218 0.380442
219 0.380442
220 0.380442
221 0.380442
222 0.380442
223 0.380591
224 0.380591
225 0.380591
226 0.38074
227 0.38074
228 0.38074
229 0.381782
230 0.381782
231 0.381782
232 0.381931
233 0.381931
234 0.381931
235 0.38208
236 0.38208
237 0.382229
238 0.382229
239 0.382229
240 0.382229
241 0.382229
242 0.382229
243 0.382229
244 0.382229
245 0.382229
246 0.382229
247 0.382229
248 0.382229
249 0.382229
250 0.382229
251 0.382229
252 0.382229
253 0.382229
254 0.382229
255 0.382229
256 0.382229
257 0.382229
258 0.382229
259 0.382229
260 0.382229
261 0.382229
262 0.382229
