0 0
1 0.145826
2 0.147681
3 0.149351
4 0.111874
5 0.111688
6 0.189054
7 0.214657
8 0.214657
9 0.213915
10 0.211688
11 0.210575
12 0.210575
13 0.231169
14 0.231169
15 0.242115
16 0.242115
17 0.269388
18 0.269388
19 0.267904
20 0.267904
21 0.282189
22 0.287941
23 0.280519
24 0.280519
25 0.288126
26 0.284601
27 0.284601
28 0.293692
29 0.293692
30 0.293692
31 0.293692
32 0.293692
33 0.293692
34 0.296104
35 0.296104
36 0.296104
37 0.296104
38 0.296104
39 0.295362
40 0.295362
41 0.295362
42 0.295362
43 0.295362
44 0.295362
45 0.295362
46 0.295362
47 0.296104
48 0.296104
49 0.296104
50 0.296104
51 0.296104
52 0.296104
53 0.296104
54 0.296104
55 0.296104
56 0.296104
57 0.296104
58 0.296104
59 0.296104
60 0.296104
61 0.296104
62 0.291837
63 0.291837
64 0.291837
65 0.291837
66 0.3
67 0.3
68 0.3
69 0.3
70 0.3
71 0.3
72 0.3
73 0.3
74 0.3
75 0.320594
76 0.320594
77 0.319295
78 0.319295
79 0.319295
80 0.319295
81 0.334323
82 0.334323
83 0.334323
84 0.334323
85 0.314842
86 0.320223
87 0.320223
88 0.314657
89 0.324119
90 0.324119
91 0.324119
92 0.324119
93 0.333024
94 0.333024
95 0.333024
96 0.333024
97 0.32115
98 0.321707
99 0.320037
100 0.320037
101 0.320037
102 0.320037
103 0.320037
104 0.320037
105 0.320037
106 0.320037
107 0.320037
108 0.323191
109 0.323191
110 0.323191
111 0.323377
112 0.330798
113 0.330798
114 0.330798
115 0.343228
116 0.354545
117 0.354545
118 0.354545
119 0.354545
120 0.354545
121 0.355844
122 0.355844
123 0.345269
124 0.345269
125 0.345269
126 0.345269
127 0.345269
128 0.345269
129 0.345269
130 0.345269
131 0.345269
132 0.345269
133 0.345269
134 0.345269
135 0.345269
136 0.345269
137 0.345269
138 0.345269
139 0.344712
140 0.344712
141 0.344712
142 0.344712
143 0.344712
144 0.344712
145 0.344712
146 0.344712
147 0.344712
148 0.344712
149 0.344712
150 0.344712
151 0.344712
152 0.344712
153 0.344712
154 0.344712
155 0.344712
156 0.344712
157 0.344712
158 0.345269
159 0.345269
160 0.345269
161 0.345269
162 0.345269
163 0.345269
164 0.345269
165 0.345269
166 0.345269
167 0.345269
168 0.345269
169 0.345269
170 0.345269
171 0.345269
172 0.345269
173 0.345269
174 0.345269
175 0.345269
176 0.345269
177 0.345269
178 0.345269
179 0.345269
180 0.345269
181 0.345269
182 0.345269
183 0.345269
184 0.345269
185 0.345455
186 0.345455
187 0.345455
188 0.340445
189 0.340445
190 0.340445
191 0.340445
192 0.340445
193 0.340445
194 0.340445
195 0.340445
196 0.340445
197 0.340445
198 0.340445
199 0.342115
200 0.342115
201 0.342115
202 0.342115
203 0.342115
204 0.342115
205 0.342115
206 0.342115
207 0.342115
208 0.342115
209 0.342115
210 0.342115
211 0.342115
212 0.342115
213 0.342115
214 0.342115
215 0.342115
216 0.342115
217 0.342115
218 0.342115
219 0.342115
220 0.342115
221 0.342115
222 0.342115
223 0.342115
224 0.342115
225 0.342115
226 0.342115
227 0.342115
228 0.342115
229 0.342115
230 0.342115
231 0.342115
232 0.342115
233 0.342115
234 0.342115
235 0.342115
236 0.342115
237 0.342115
238 0.342115
239 0.341187
240 0.341187
241 0.341187
242 0.341187
243 0.341187
244 0.341187
245 0.341187
246 0.341187
247 0.341187
248 0.341187
249 0.341373
250 0.341373
251 0.341373
252 0.341373
253 0.341373
254 0.341373
255 0.341373
256 0.341373
257 0.341373
258 0.341373
259 0.341373
260 0.341373
261 0.341373
262 0.341373
263 0.341373
264 0.341373
265 0.341373
266 0.341373
267 0.341373
268 0.341373
269 0.341373
270 0.341373
271 0.341373
272 0.341373
273 0.341373
274 0.341373
275 0.341373
276 0.341373
277 0.341373
278 0.341373
279 0.341373
280 0.338776
281 0.338776
282 0.338776
283 0.338776
284 0.338776
285 0.338776
286 0.338776
287 0.338776
288 0.338776
289 0.338776
290 0.338776
291 0.338776
292 0.338776
293 0.338776
294 0.338776
295 0.338776
296 0.338219
297 0.338219
298 0.338219
299 0.338219
300 0.338219
301 0.338219
302 0.339147
303 0.342857
304 0.342857
305 0.342857
306 0.342857
307 0.342857
308 0.342857
309 0.342857
310 0.342857
311 0.342857
312 0.342857
313 0.342857
314 0.342857
315 0.342857
316 0.342857
317 0.342857
318 0.342857
319 0.342857
320 0.342857
321 0.342857
322 0.342857
323 0.342857
324 0.342857
325 0.342857
326 0.342857
327 0.342857
328 0.342857
329 0.342857
330 0.342857
331 0.342857
