0 0
1 0.147506
2 0.148399
3 0.175428
4 0.175428
5 0.180491
6 0.180491
7 0.180491
8 0.181087
9 0.193745
10 0.193745
11 0.193745
12 0.213999
13 0.22621
14 0.236783
15 0.240953
16 0.242591
17 0.25726
18 0.261579
19 0.266642
20 0.266642
21 0.286821
22 0.286821
23 0.286821
24 0.286821
25 0.286821
26 0.286821
27 0.288012
28 0.292033
29 0.292033
30 0.292033
31 0.292033
32 0.292033
33 0.292033
34 0.292033
35 0.292033
36 0.292033
37 0.292182
38 0.292777
39 0.292777
40 0.296947
41 0.302457
42 0.317498
43 0.349814
44 0.349814
45 0.349814
46 0.349814
47 0.349814
48 0.349814
49 0.351154
50 0.351154
51 0.351154
52 0.353934
53 0.353934
54 0.353934
55 0.356168
56 0.356168
57 0.356168
58 0.356168
59 0.356317
60 0.356317
61 0.356317
62 0.356912
63 0.356912
64 0.363018
65 0.363018
66 0.363018
67 0.363018
68 0.363316
69 0.363316
70 0.363316
71 0.363316
72 0.363316
73 0.363465
74 0.363465
75 0.363465
76 0.363465
77 0.363465
78 0.364805
79 0.364805
80 0.364805
81 0.364805
82 0.364805
83 0.364805
84 0.365848
85 0.365848
86 0.365848
87 0.365848
88 0.365848
89 0.365848
90 0.366145
91 0.367039
92 0.367039
93 0.367039
94 0.367039
95 0.367039
96 0.367039
97 0.367039
98 0.367039
99 0.367039
100 0.367039
101 0.367039
102 0.367039
103 0.367039
104 0.367039
105 0.367039
106 0.367039
107 0.367039
108 0.367039
109 0.367039
110 0.367039
111 0.367039
112 0.367039
113 0.367039
114 0.367039
115 0.367039
116 0.367039
117 0.367039
118 0.367188
119 0.367188
120 0.367188
121 0.367188
122 0.367188
123 0.367188
124 0.367188
125 0.367188
126 0.370464
127 0.370464
128 0.370464
129 0.370464
130 0.370464
131 0.370464
132 0.370911
133 0.371358
134 0.371358
135 0.371358
136 0.371358
137 0.371358
138 0.371358
139 0.371358
140 0.37374
141 0.37374
142 0.37374
143 0.37374
144 0.37374
145 0.37374
146 0.37374
147 0.37374
148 0.374187
149 0.374187
150 0.374336
151 0.374336
152 0.374336
153 0.374336
154 0.374336
155 0.374336
156 0.375081
157 0.375081
158 0.375081
159 0.375081
160 0.375081
161 0.375081
162 0.375081
163 0.375081
164 0.375081
165 0.375081
166 0.375081
167 0.375081
168 0.375081
169 0.375081
170 0.375081
171 0.375081
172 0.375081
173 0.375081
174 0.375081
175 0.375081
176 0.375081
177 0.375081
178 0.375081
179 0.375081
180 0.375081
181 0.375379
182 0.375379
183 0.375379
184 0.375379
185 0.375379
186 0.375379
187 0.375379
188 0.375379
189 0.375379
190 0.375379
191 0.375379
192 0.375379
193 0.375676
194 0.375676
195 0.375676
196 0.375676
197 0.375676
198 0.375676
199 0.375676
200 0.375676
201 0.375676
202 0.377612
203 0.377612
204 0.377612
205 0.377612
206 0.377612
207 0.377612
208 0.377612
209 0.377612
210 0.377612
211 0.377612
212 0.377612
213 0.377612
214 0.377612
215 0.377612
216 0.377612
217 0.377612
218 0.377612
219 0.377612
220 0.377612
221 0.377612
222 0.377612
223 0.377612
224 0.377612
225 0.377612
226 0.377612
227 0.377612
228 0.377612
229 0.377612
230 0.377612
231 0.377612
232 0.377612
233 0.377612
234 0.377612
235 0.377612
236 0.377612
237 0.377612
238 0.377612
239 0.377612
240 0.377612
241 0.377612
242 0.377612
243 0.377612
244 0.377612
245 0.377612
246 0.377612
247 0.377612
248 0.377612
249 0.377612
250 0.377612
251 0.377612
252 0.377612
253 0.377612
254 0.377612
255 0.377612
256 0.377612
257 0.377612
258 0.377612
259 0.377612
260 0.377612
261 0.377612
262 0.378059
263 0.378059
264 0.378208
265 0.378208
266 0.378208
267 0.378208
268 0.379102
269 0.379102
270 0.379102
271 0.379102
272 0.379102
273 0.379102
274 0.379102
275 0.379548
276 0.379548
277 0.379548
278 0.379548
279 0.379548
280 0.379548
281 0.379548
282 0.379548
283 0.379548
284 0.380591
285 0.380591
286 0.380591
287 0.380591
288 0.380591
289 0.380591
290 0.380591
291 0.380591
292 0.38074
293 0.380889
294 0.380889
295 0.380889
296 0.380889
297 0.380889
298 0.380889
299 0.380889
300 0.381186
301 0.381186
302 0.381186
303 0.381186
304 0.381186
305 0.381186
306 0.381186
307 0.382229
308 0.382229
309 0.382229
310 0.382229
311 0.382229
312 0.382229
313 0.382229
314 0.382229
315 0.382229
316 0.382229
317 0.382378
318 0.382378
