0 0
1 0.155493
2 0.156056
3 0.208169
4 0.207042
5 0.239859
6 0.239859
7 0.239859
8 0.239859
9 0.239859
10 0.239859
11 0.239859
12 0.239859
13 0.239859
14 0.239859
15 0.239859
16 0.239859
17 0.239859
18 0.239859
19 0.239859
20 0.238028
21 0.238028
22 0.255634
23 0.255634
24 0.255634
25 0.255634
26 0.263803
27 0.263803
28 0.263803
29 0.263803
30 0.263803
31 0.263803
32 0.322535
33 0.322535
34 0.322535
35 0.322535
36 0.322535
37 0.322535
38 0.32
39 0.32
40 0.32
41 0.313521
42 0.313521
43 0.313521
44 0.313521
45 0.313521
46 0.315352
47 0.315352
48 0.315352
49 0.320282
50 0.320282
51 0.320282
52 0.315352
53 0.315352
54 0.315352
55 0.315352
56 0.315352
57 0.315352
58 0.315352
59 0.311408
60 0.319014
61 0.319014
62 0.340563
63 0.340563
64 0.340563
65 0.321831
66 0.322535
67 0.322535
68 0.322535
69 0.324648
70 0.324648
71 0.339014
72 0.325775
73 0.325775
74 0.325775
75 0.333662
76 0.333803
77 0.347042
78 0.346197
79 0.346901
80 0.346901
81 0.347183
82 0.349718
83 0.349718
84 0.350986
85 0.350986
86 0.350986
87 0.351831
88 0.350563
89 0.350563
90 0.350563
91 0.350563
92 0.350563
93 0.350563
94 0.350563
95 0.350563
96 0.350563
97 0.350563
98 0.350563
99 0.350563
100 0.350563
101 0.350563
102 0.350563
103 0.350563
104 0.351268
105 0.351268
106 0.337887
107 0.337887
108 0.337887
109 0.337887
110 0.337887
111 0.337887
112 0.337887
113 0.337887
114 0.337887
115 0.337887
116 0.337887
117 0.337887
118 0.337887
119 0.337887
120 0.337887
121 0.337887
122 0.338169
123 0.338169
124 0.338169
125 0.338169
126 0.338169
127 0.338169
128 0.338169
129 0.338169
130 0.338169
131 0.338169
132 0.338169
133 0.338169
134 0.338169
135 0.338169
136 0.338169
137 0.338169
138 0.338169
139 0.338169
140 0.338028
141 0.338028
142 0.338028
143 0.338028
144 0.337746
145 0.337746
146 0.337746
147 0.337746
148 0.337746
149 0.337746
150 0.337746
151 0.337746
152 0.337746
153 0.337746
154 0.337746
155 0.338451
156 0.338451
157 0.338451
158 0.338451
159 0.338451
160 0.338451
161 0.33831
162 0.33831
163 0.33831
164 0.33831
165 0.33831
166 0.338028
167 0.338028
168 0.338451
169 0.338451
170 0.338451
171 0.338451
172 0.338451
173 0.338451
174 0.338451
175 0.338451
176 0.338451
177 0.338451
178 0.338451
179 0.337606
180 0.337606
181 0.337606
182 0.337606
183 0.337887
184 0.337887
185 0.337042
186 0.337042
187 0.338169
188 0.337887
189 0.337887
190 0.337887
191 0.337887
192 0.337465
193 0.337465
194 0.335352
195 0.335352
196 0.335352
197 0.335352
198 0.335352
199 0.335352
200 0.335352
201 0.335352
202 0.337606
203 0.337606
204 0.337606
205 0.337606
206 0.337606
207 0.337606
208 0.337606
209 0.337606
210 0.337606
211 0.337606
212 0.337606
213 0.337606
214 0.337606
215 0.337606
216 0.337606
217 0.337606
218 0.337606
219 0.337606
220 0.337606
221 0.337606
222 0.337606
223 0.337606
224 0.335211
225 0.335211
226 0.335211
227 0.335211
228 0.335211
229 0.335211
230 0.335211
231 0.335211
232 0.335211
233 0.335211
234 0.335211
235 0.335211
236 0.335211
237 0.335211
238 0.335211
239 0.335211
240 0.335775
241 0.335775
242 0.335775
243 0.335775
244 0.335775
245 0.335775
246 0.335775
247 0.335775
248 0.335775
249 0.335775
250 0.335775
251 0.335775
252 0.335775
253 0.335775
254 0.335775
255 0.335775
256 0.335775
257 0.335775
258 0.335211
259 0.335211
260 0.335352
261 0.335352
262 0.335352
263 0.335352
264 0.335352
265 0.335915
266 0.335915
267 0.335915
268 0.335915
269 0.336197
270 0.336197
271 0.336197
272 0.336197
273 0.336197
274 0.336197
275 0.336197
276 0.336197
277 0.336197
278 0.336338
279 0.336338
280 0.336338
281 0.336338
282 0.336338
283 0.336338
284 0.336338
285 0.336338
286 0.336338
287 0.336338
288 0.336338
289 0.336338
290 0.336338
291 0.336338
292 0.336338
293 0.336338
294 0.336338
295 0.334085
296 0.334789
297 0.334789
298 0.334789
299 0.334789
300 0.334789
301 0.334789
302 0.334789
303 0.334789
304 0.334789
305 0.334789
306 0.334789
307 0.334789
308 0.334789
309 0.334789
310 0.334789
311 0.333944
312 0.333944
313 0.333944
314 0.333944
315 0.333944
316 0.333944
317 0.333944
318 0.333944
