0 0
1 0.164196
2 0.16349
3 0.206606
4 0.206606
5 0.213717
6 0.213717
7 0.217196
8 0.217196
9 0.238225
10 0.238225
11 0.238225
12 0.255472
13 0.258195
14 0.25759
15 0.25759
16 0.25759
17 0.259254
18 0.257892
19 0.257892
20 0.257892
21 0.257892
22 0.259708
23 0.259708
24 0.259708
25 0.259708
26 0.282098
27 0.282098
28 0.282098
29 0.291831
30 0.308018
31 0.308018
32 0.308018
33 0.308018
34 0.308018
35 0.308018
36 0.308018
37 0.308018
38 0.308018
39 0.308018
40 0.308018
41 0.308018
42 0.308018
43 0.308018
44 0.308018
45 0.308018
46 0.308018
47 0.308018
48 0.308018
49 0.308018
50 0.308018
51 0.308018
52 0.308018
53 0.307514
54 0.307514
55 0.307514
56 0.307514
57 0.307514
58 0.307514
59 0.307514
60 0.307514
61 0.307514
62 0.307514
63 0.307514
64 0.307514
65 0.307514
66 0.307514
67 0.307514
68 0.307514
69 0.307514
70 0.307514
71 0.307514
72 0.307514
73 0.307514
74 0.307514
75 0.307514
76 0.307514
77 0.307514
78 0.307514
79 0.307514
80 0.307514
81 0.307514
82 0.307514
83 0.307514
84 0.307514
85 0.307514
86 0.307514
87 0.307514
88 0.307514
89 0.307514
90 0.307514
91 0.307514
92 0.307514
93 0.307514
94 0.307514
95 0.307514
96 0.307514
97 0.307514
98 0.307514
99 0.307514
100 0.307514
101 0.307514
102 0.307514
103 0.307514
104 0.307514
105 0.307514
106 0.307514
107 0.307514
108 0.307514
109 0.348109
110 0.348109
111 0.348109
112 0.348109
113 0.356278
114 0.356278
115 0.356278
116 0.352042
117 0.352042
118 0.352042
119 0.352042
120 0.352042
121 0.352042
122 0.342965
123 0.342965
124 0.342965
125 0.342965
126 0.342965
127 0.342965
128 0.342965
129 0.342965
130 0.342965
131 0.342965
132 0.342965
133 0.342965
134 0.342965
135 0.345234
136 0.345234
137 0.345234
138 0.345234
139 0.345234
140 0.345234
141 0.345234
142 0.345083
143 0.343873
144 0.343873
145 0.343873
146 0.343873
147 0.343873
148 0.343722
149 0.343722
150 0.343722
151 0.343722
152 0.343722
153 0.343722
154 0.343722
155 0.343722
156 0.343722
157 0.343722
158 0.343722
159 0.345234
160 0.345234
161 0.345234
162 0.345234
163 0.345234
164 0.345234
165 0.345234
166 0.345234
167 0.345234
168 0.345234
169 0.345234
170 0.345234
171 0.345234
172 0.345234
173 0.345234
174 0.345234
175 0.345234
176 0.345234
177 0.345234
178 0.345234
179 0.345234
180 0.345234
181 0.345234
182 0.345234
183 0.345234
184 0.34584
185 0.34584
186 0.34584
187 0.34584
188 0.34584
189 0.34584
190 0.349319
191 0.349319
192 0.349319
193 0.349319
194 0.349319
195 0.349319
196 0.349319
197 0.34947
198 0.34947
199 0.34947
200 0.34947
201 0.34947
202 0.34947
203 0.349622
204 0.349622
205 0.349924
206 0.349924
207 0.349924
208 0.349924
209 0.350983
210 0.350983
211 0.350983
212 0.350983
213 0.350983
214 0.350983
215 0.350983
216 0.350983
217 0.350983
218 0.350983
219 0.350983
220 0.35053
221 0.35053
222 0.35053
223 0.35053
224 0.35053
225 0.35053
226 0.35053
227 0.35053
228 0.35053
229 0.350227
230 0.350227
231 0.350227
232 0.350227
233 0.350227
234 0.350227
235 0.350227
236 0.350227
237 0.350227
238 0.350227
239 0.350227
240 0.350227
241 0.350227
242 0.350227
243 0.350227
244 0.350227
245 0.350227
246 0.350227
247 0.350227
248 0.350227
249 0.350227
250 0.347504
251 0.347504
252 0.347504
253 0.347504
254 0.347504
255 0.347504
256 0.347504
257 0.347504
258 0.349168
259 0.349168
260 0.349168
261 0.349168
262 0.349168
263 0.349168
264 0.349168
265 0.349168
266 0.349168
267 0.349168
268 0.349168
269 0.349168
270 0.349168
271 0.349168
272 0.349168
273 0.349168
274 0.349168
275 0.349168
276 0.349168
277 0.349168
278 0.349168
279 0.349168
280 0.349168
281 0.349168
282 0.349168
283 0.349168
284 0.349168
285 0.349168
286 0.349168
287 0.349168
288 0.349168
289 0.349168
290 0.349168
291 0.349168
292 0.35053
293 0.35053
294 0.35053
295 0.35053
296 0.35053
297 0.35053
298 0.35053
299 0.35053
300 0.35053
301 0.35053
302 0.35053
303 0.35053
304 0.35053
305 0.350832
306 0.350832
307 0.350832
308 0.35053
309 0.349622
310 0.349622
311 0.349622
312 0.349622
313 0.349622
314 0.349924
315 0.349924
316 0.349924
317 0.349924
318 0.349924
319 0.349924
320 0.34947
321 0.34947
322 0.34947
323 0.34947
324 0.34947
325 0.34947
326 0.349924
327 0.349924
328 0.349924
329 0.34947
330 0.34947
331 0.34947
