0 0
1 0.154507
2 0.156056
3 0.155915
4 0.15169
5 0.15169
6 0.19493
7 0.199296
8 0.199296
9 0.202535
10 0.199437
11 0.201127
12 0.201127
13 0.210563
14 0.212113
15 0.22169
16 0.22169
17 0.225915
18 0.225915
19 0.253239
20 0.253239
21 0.238028
22 0.320141
23 0.31831
24 0.31831
25 0.322535
26 0.323662
27 0.323662
28 0.313521
29 0.313521
30 0.313521
31 0.313521
32 0.313521
33 0.313521
34 0.313521
35 0.313521
36 0.313521
37 0.313521
38 0.313521
39 0.313521
40 0.313521
41 0.313521
42 0.313521
43 0.313521
44 0.313521
45 0.313521
46 0.313521
47 0.313521
48 0.313521
49 0.313521
50 0.313521
51 0.313521
52 0.313521
53 0.313521
54 0.313521
55 0.313521
56 0.313521
57 0.313521
58 0.313521
59 0.313521
60 0.313521
61 0.313521
62 0.349014
63 0.349014
64 0.349014
65 0.349014
66 0.34338
67 0.34338
68 0.34338
69 0.34338
70 0.34338
71 0.34338
72 0.34338
73 0.34338
74 0.34338
75 0.339296
76 0.339296
77 0.339718
78 0.339718
79 0.339718
80 0.339718
81 0.339859
82 0.339859
83 0.339859
84 0.339859
85 0.35169
86 0.342676
87 0.342676
88 0.350563
89 0.342535
90 0.342535
91 0.342535
92 0.342535
93 0.340141
94 0.340141
95 0.340141
96 0.340141
97 0.345493
98 0.345211
99 0.343239
100 0.343239
101 0.343239
102 0.343239
103 0.343239
104 0.343239
105 0.343239
106 0.343239
107 0.343239
108 0.345915
109 0.345915
110 0.345915
111 0.344085
112 0.340845
113 0.340845
114 0.340845
115 0.340141
116 0.334789
117 0.334789
118 0.334789
119 0.334789
120 0.334789
121 0.336479
122 0.336479
123 0.337887
124 0.337887
125 0.338169
126 0.338169
127 0.337887
128 0.337887
129 0.337887
130 0.338169
131 0.338169
132 0.338169
133 0.338169
134 0.338169
135 0.338169
136 0.338169
137 0.338169
138 0.338169
139 0.336901
140 0.336901
141 0.336901
142 0.336901
143 0.336901
144 0.336901
145 0.336901
146 0.336901
147 0.336901
148 0.336901
149 0.336901
150 0.336901
151 0.336901
152 0.336901
153 0.336901
154 0.336901
155 0.336901
156 0.336901
157 0.336901
158 0.33831
159 0.33831
160 0.33831
161 0.33831
162 0.33831
163 0.33831
164 0.33831
165 0.33831
166 0.33831
167 0.33831
168 0.33831
169 0.33831
170 0.33831
171 0.338169
172 0.338169
173 0.338169
174 0.338169
175 0.338169
176 0.338169
177 0.338169
178 0.338169
179 0.338169
180 0.33831
181 0.33831
182 0.33831
183 0.33831
184 0.33831
185 0.33831
186 0.33831
187 0.33831
188 0.337042
189 0.337042
190 0.337042
191 0.337042
192 0.337042
193 0.337042
194 0.337042
195 0.337042
196 0.337042
197 0.337183
198 0.337183
199 0.335352
200 0.335352
201 0.335352
202 0.335352
203 0.335352
204 0.335352
205 0.335352
206 0.335352
207 0.335352
208 0.335352
209 0.335352
210 0.335352
211 0.335352
212 0.335352
213 0.335352
214 0.335352
215 0.335352
216 0.335352
217 0.335352
218 0.335352
219 0.335352
220 0.335352
221 0.335352
222 0.335352
223 0.335352
224 0.335352
225 0.335352
226 0.335352
227 0.335352
228 0.335352
229 0.335352
230 0.335352
231 0.335352
232 0.335352
233 0.335352
234 0.335634
235 0.335634
236 0.335634
237 0.335634
238 0.335634
239 0.336338
240 0.336338
241 0.336338
242 0.336338
243 0.336338
244 0.336338
245 0.336338
246 0.336338
247 0.336338
248 0.336338
249 0.335634
250 0.335634
251 0.335634
252 0.335634
253 0.335634
254 0.335634
255 0.335634
256 0.335634
257 0.335634
258 0.335634
259 0.335634
260 0.335634
261 0.335634
262 0.335634
263 0.335634
264 0.335634
265 0.335634
266 0.335915
267 0.335915
268 0.335915
269 0.335915
270 0.335915
271 0.336197
272 0.336197
273 0.336197
274 0.335352
275 0.335352
276 0.335352
277 0.335352
278 0.335352
279 0.335352
280 0.335915
281 0.335915
282 0.335915
283 0.335915
284 0.335915
285 0.336056
286 0.336056
287 0.336056
288 0.336056
289 0.336056
290 0.336056
291 0.336056
292 0.336056
293 0.336056
294 0.336056
295 0.336056
296 0.335915
297 0.335915
298 0.335915
299 0.335915
300 0.335915
301 0.335915
302 0.336056
303 0.334507
304 0.334507
305 0.334507
306 0.333944
307 0.334648
308 0.334648
309 0.334648
310 0.334648
311 0.334648
312 0.334648
313 0.334648
314 0.334366
315 0.334366
316 0.333662
317 0.333662
318 0.333662
319 0.333662
320 0.333662
321 0.333662
322 0.333662
323 0.333662
324 0.333662
325 0.333662
326 0.333662
327 0.333662
328 0.333662
329 0.333662
330 0.333662
331 0.333662
