0 0
1 0.17238
2 0.168654
3 0.171038
4 0.159016
5 0.158569
6 0.214307
7 0.225484
8 0.225484
9 0.227124
10 0.228465
11 0.229098
12 0.229098
13 0.236103
14 0.237258
15 0.246982
16 0.246982
17 0.262928
18 0.262928
19 0.26889
20 0.26889
21 0.272466
22 0.301031
23 0.30159
24 0.30159
25 0.3057
26 0.307154
27 0.307154
28 0.305216
29 0.305216
30 0.305216
31 0.305216
32 0.305216
33 0.305216
34 0.307004
35 0.307004
36 0.307004
37 0.307004
38 0.307004
39 0.307004
40 0.307004
41 0.307004
42 0.307004
43 0.307004
44 0.307004
45 0.307004
46 0.307004
47 0.307004
48 0.307004
49 0.307004
50 0.307004
51 0.307004
52 0.307004
53 0.307004
54 0.307004
55 0.307004
56 0.307004
57 0.307004
58 0.307004
59 0.307004
60 0.307004
61 0.307004
62 0.325845
63 0.325845
64 0.325845
65 0.325845
66 0.326379
67 0.326379
68 0.326379
69 0.326379
70 0.326379
71 0.326379
72 0.326379
73 0.326379
74 0.326379
75 0.335917
76 0.335917
77 0.336215
78 0.336215
79 0.336215
80 0.336215
81 0.336513
82 0.336513
83 0.336513
84 0.336513
85 0.333979
86 0.337556
87 0.337556
88 0.335618
89 0.337705
90 0.337705
91 0.337705
92 0.337705
93 0.340984
94 0.340984
95 0.340984
96 0.340984
97 0.338897
98 0.338003
99 0.338301
100 0.338301
101 0.338301
102 0.338301
103 0.338301
104 0.338301
105 0.338301
106 0.338301
107 0.338301
108 0.336364
109 0.336364
110 0.336364
111 0.339046
112 0.340089
113 0.340089
114 0.340089
115 0.339493
116 0.338152
117 0.338152
118 0.338152
119 0.338152
120 0.338152
121 0.340686
122 0.340686
123 0.339344
124 0.339344
125 0.340089
126 0.340089
127 0.339344
128 0.339344
129 0.339344
130 0.340089
131 0.340089
132 0.340089
133 0.340089
134 0.340089
135 0.340089
136 0.340089
137 0.340089
138 0.340089
139 0.33994
140 0.33994
141 0.33994
142 0.33994
143 0.33994
144 0.33994
145 0.33994
146 0.33994
147 0.33994
148 0.33994
149 0.33994
150 0.33994
151 0.33994
152 0.33994
153 0.33994
154 0.33994
155 0.33994
156 0.33994
157 0.33994
158 0.339493
159 0.339493
160 0.339493
161 0.339493
162 0.339493
163 0.339493
164 0.339493
165 0.339493
166 0.339493
167 0.339493
168 0.339493
169 0.339493
170 0.339493
171 0.339642
172 0.339642
173 0.339642
174 0.339642
175 0.339642
176 0.339642
177 0.339642
178 0.339642
179 0.339642
180 0.339791
181 0.339791
182 0.339791
183 0.339791
184 0.339791
185 0.339791
186 0.339791
187 0.339791
188 0.337258
189 0.337258
190 0.337258
191 0.337258
192 0.337258
193 0.337258
194 0.337258
195 0.337258
196 0.337258
197 0.337258
198 0.337258
199 0.338897
200 0.338897
201 0.338897
202 0.338897
203 0.338897
204 0.338897
205 0.338897
206 0.338897
207 0.338897
208 0.338897
209 0.338897
210 0.338897
211 0.338897
212 0.338897
213 0.338897
214 0.338897
215 0.338897
216 0.338897
217 0.338897
218 0.338897
219 0.338897
220 0.338897
221 0.338897
222 0.338897
223 0.338897
224 0.338897
225 0.338897
226 0.338897
227 0.338897
228 0.338897
229 0.338897
230 0.339046
231 0.339046
232 0.339046
233 0.339046
234 0.338748
235 0.338748
236 0.338748
237 0.338748
238 0.338748
239 0.336066
240 0.336066
241 0.336066
242 0.336066
243 0.336066
244 0.336066
245 0.336066
246 0.336066
247 0.336066
248 0.336066
249 0.339046
250 0.339046
251 0.339046
252 0.339046
253 0.339046
254 0.339046
255 0.339046
256 0.339046
257 0.339046
258 0.339046
259 0.339046
260 0.339046
261 0.339046
262 0.339046
263 0.338897
264 0.338897
265 0.338897
266 0.339046
267 0.339046
268 0.339046
269 0.339046
270 0.339046
271 0.338748
272 0.338748
273 0.338748
274 0.338897
275 0.338897
276 0.338897
277 0.338897
278 0.338897
279 0.338897
280 0.340238
281 0.340238
282 0.340238
283 0.340238
284 0.340238
285 0.340089
286 0.340089
287 0.340089
288 0.340089
289 0.340089
290 0.340089
291 0.340089
292 0.340089
293 0.340089
294 0.340089
295 0.340089
296 0.340238
297 0.340238
298 0.340238
299 0.340238
300 0.340238
301 0.340238
302 0.341133
303 0.338003
304 0.338003
305 0.338003
306 0.33845
307 0.339344
308 0.339344
309 0.339344
310 0.339493
311 0.339493
312 0.339493
313 0.339493
314 0.339046
315 0.339046
316 0.339344
317 0.339344
318 0.339344
319 0.339344
320 0.339344
321 0.339344
322 0.339344
323 0.339344
324 0.339344
325 0.339344
326 0.339344
327 0.339344
328 0.339344
329 0.339344
330 0.339344
331 0.339344
