0 0
1 0.08
2 0.16
3 0.116667
4 0.116667
5 0.22
6 0.22
7 0.22
8 0.225
9 0.225
10 0.220833
11 0.224167
12 0.2275
13 0.2425
14 0.243333
15 0.243333
16 0.243333
17 0.245
18 0.254167
19 0.255
20 0.255
21 0.255
22 0.255
23 0.255
24 0.255
25 0.255833
26 0.255833
27 0.253333
28 0.253333
29 0.253333
30 0.253333
31 0.244167
32 0.244167
33 0.244167
34 0.1725
35 0.1725
36 0.1725
37 0.1725
38 0.1725
39 0.1725
40 0.1725
41 0.1725
42 0.1725
43 0.1725
44 0.1725
45 0.1725
46 0.176667
47 0.176667
48 0.176667
49 0.176667
50 0.176667
51 0.176667
52 0.176667
53 0.176667
54 0.176667
55 0.176667
56 0.205
57 0.200833
58 0.200833
59 0.176667
60 0.176667
61 0.176667
62 0.176667
63 0.176667
64 0.176667
65 0.176667
66 0.176667
67 0.176667
68 0.233333
69 0.233333
70 0.233333
71 0.233333
72 0.183333
73 0.183333
74 0.183333
75 0.183333
76 0.183333
77 0.230833
78 0.230833
79 0.23
80 0.2325
81 0.2325
82 0.2325
83 0.2325
84 0.2325
85 0.2325
86 0.2325
87 0.2325
88 0.215833
89 0.215833
90 0.215833
91 0.215833
92 0.215833
93 0.215833
94 0.215833
95 0.215833
96 0.2075
97 0.2
98 0.2
99 0.2
100 0.2
101 0.241667
102 0.241667
103 0.241667
104 0.241667
105 0.241667
106 0.244167
107 0.244167
108 0.241667
109 0.241667
110 0.241667
111 0.241667
112 0.244167
113 0.244167
114 0.244167
115 0.243333
116 0.243333
117 0.243333
118 0.243333
119 0.243333
120 0.244167
121 0.244167
122 0.244167
123 0.244167
124 0.244167
125 0.244167
126 0.244167
127 0.244167
128 0.244167
129 0.244167
130 0.244167
131 0.244167
132 0.24
133 0.244167
134 0.244167
135 0.244167
136 0.244167
137 0.244167
138 0.244167
139 0.244167
140 0.289167
141 0.289167
142 0.289167
143 0.289167
144 0.289167
145 0.289167
146 0.289167
147 0.289167
148 0.289167
149 0.289167
150 0.289167
151 0.289167
152 0.289167
153 0.289167
154 0.289167
155 0.289167
156 0.289167
157 0.289167
158 0.289167
159 0.289167
160 0.289167
161 0.289167
162 0.289167
163 0.289167
164 0.289167
165 0.289167
166 0.289167
167 0.289167
168 0.289167
169 0.289167
170 0.285
171 0.285
172 0.285
173 0.285
174 0.285
175 0.289167
176 0.289167
177 0.289167
178 0.289167
179 0.289167
180 0.289167
181 0.289167
182 0.289167
183 0.289167
184 0.289167
185 0.289167
186 0.289167
187 0.285
188 0.285
189 0.285
190 0.285
191 0.285
192 0.285
193 0.285
194 0.285
195 0.285
196 0.300833
197 0.300833
198 0.300833
199 0.300833
200 0.300833
201 0.300833
202 0.300833
203 0.300833
204 0.300833
205 0.300833
206 0.300833
207 0.300833
208 0.300833
209 0.300833
210 0.300833
211 0.300833
212 0.300833
213 0.300833
214 0.300833
215 0.300833
216 0.300833
217 0.300833
218 0.300833
219 0.300833
220 0.300833
221 0.300833
222 0.300833
223 0.300833
224 0.300833
225 0.300833
226 0.300833
227 0.300833
228 0.300833
229 0.300833
230 0.300833
231 0.300833
232 0.300833
233 0.300833
234 0.300833
235 0.300833
236 0.300833
237 0.300833
238 0.300833
239 0.300833
240 0.300833
241 0.300833
242 0.300833
243 0.300833
244 0.300833
245 0.300833
246 0.300833
247 0.300833
248 0.300833
249 0.300833
250 0.300833
251 0.300833
252 0.300833
253 0.300833
254 0.300833
255 0.300833
256 0.300833
257 0.300833
258 0.300833
259 0.300833
260 0.300833
261 0.300833
262 0.300833
263 0.300833
264 0.291667
265 0.291667
266 0.291667
267 0.291667
268 0.291667
269 0.291667
270 0.291667
271 0.291667
272 0.291667
273 0.291667
274 0.291667
275 0.291667
276 0.291667
277 0.291667
278 0.291667
279 0.291667
280 0.291667
281 0.291667
282 0.291667
283 0.291667
284 0.291667
285 0.291667
286 0.291667
287 0.291667
288 0.291667
289 0.291667
290 0.291667
291 0.291667
292 0.291667
293 0.291667
294 0.291667
