0 0
1 0.116605
2 0.156217
3 0.160238
4 0.160238
5 0.20968
6 0.20968
7 0.20968
8 0.232167
9 0.232167
10 0.236585
11 0.24274
12 0.255101
13 0.261355
14 0.261653
15 0.261653
16 0.261802
17 0.266567
18 0.27446
19 0.276396
20 0.276396
21 0.276396
22 0.276396
23 0.276396
24 0.276396
25 0.276396
26 0.276396
27 0.276992
28 0.276992
29 0.276992
30 0.277141
31 0.27863
32 0.27863
33 0.27863
34 0.324944
35 0.324944
36 0.324944
37 0.324944
38 0.324944
39 0.324944
40 0.324944
41 0.325242
42 0.325242
43 0.325242
44 0.325242
45 0.325242
46 0.326136
47 0.326136
48 0.326136
49 0.326136
50 0.326136
51 0.326136
52 0.326136
53 0.326136
54 0.326136
55 0.326136
56 0.338496
57 0.341474
58 0.341474
59 0.345793
60 0.345793
61 0.345793
62 0.345793
63 0.345793
64 0.345793
65 0.345793
66 0.345793
67 0.345793
68 0.347431
69 0.347431
70 0.347431
71 0.347431
72 0.348176
73 0.348176
74 0.348176
75 0.348176
76 0.348176
77 0.349069
78 0.349069
79 0.349218
80 0.35041
81 0.35041
82 0.35041
83 0.351154
84 0.351154
85 0.351154
86 0.351303
87 0.351303
88 0.35309
89 0.35309
90 0.35309
91 0.35309
92 0.35309
93 0.35309
94 0.35309
95 0.35309
96 0.353487
97 0.354877
98 0.354877
99 0.354877
100 0.354877
101 0.359643
102 0.359643
103 0.359643
104 0.359643
105 0.359643
106 0.359643
107 0.359643
108 0.35994
109 0.35994
110 0.35994
111 0.360387
112 0.360759
113 0.360759
114 0.360759
115 0.360983
116 0.360983
117 0.360983
118 0.360983
119 0.360983
120 0.361281
121 0.361579
122 0.361579
123 0.361579
124 0.361579
125 0.361727
126 0.361727
127 0.361727
128 0.361727
129 0.361876
130 0.361876
131 0.361876
132 0.361876
133 0.362025
134 0.362025
135 0.362025
136 0.362025
137 0.362025
138 0.362025
139 0.362025
140 0.370464
141 0.370464
142 0.370464
143 0.370464
144 0.370464
145 0.370911
146 0.370911
147 0.370911
148 0.370911
149 0.370911
150 0.370911
151 0.370911
152 0.370911
153 0.370911
154 0.370911
155 0.370911
156 0.372251
157 0.372251
158 0.372251
159 0.372251
160 0.372251
161 0.372251
162 0.372251
163 0.372251
164 0.372251
165 0.372251
166 0.372251
167 0.372251
168 0.372251
169 0.372996
170 0.372996
171 0.372996
172 0.372996
173 0.373294
174 0.373294
175 0.374336
176 0.374336
177 0.374336
178 0.374336
179 0.374336
180 0.374336
181 0.374336
182 0.374336
183 0.374336
184 0.374336
185 0.374336
186 0.374336
187 0.374485
188 0.374485
189 0.374485
190 0.374485
191 0.374932
192 0.374932
193 0.374932
194 0.374932
195 0.374932
196 0.375974
197 0.375974
198 0.375974
199 0.377612
200 0.377612
201 0.377612
202 0.377612
203 0.377612
204 0.377612
205 0.377612
206 0.377612
207 0.377612
208 0.377612
209 0.377612
210 0.377612
211 0.377612
212 0.377612
213 0.377612
214 0.377612
215 0.377612
216 0.377612
217 0.377612
218 0.377612
219 0.377612
220 0.377612
221 0.378357
222 0.378357
223 0.378357
224 0.378357
225 0.378357
226 0.378804
227 0.378804
228 0.378804
229 0.378804
230 0.378804
231 0.378804
232 0.378804
233 0.378804
234 0.378804
235 0.378804
236 0.378804
237 0.378804
238 0.378804
239 0.378804
240 0.378804
241 0.378804
242 0.378804
243 0.378804
244 0.378953
245 0.378953
246 0.378953
247 0.378953
248 0.378953
249 0.378953
250 0.378953
251 0.378953
252 0.378953
253 0.378953
254 0.378953
255 0.378953
256 0.378953
257 0.378953
258 0.378953
259 0.378953
260 0.378953
261 0.378953
262 0.378953
263 0.378953
264 0.381484
265 0.381484
266 0.381484
267 0.381484
268 0.381782
269 0.381782
270 0.381782
271 0.381782
272 0.381931
273 0.381931
274 0.381931
275 0.381931
276 0.381931
277 0.381931
278 0.382229
279 0.382229
280 0.382229
281 0.382229
282 0.382229
283 0.382229
284 0.382229
285 0.382229
286 0.382229
287 0.382229
288 0.382229
289 0.382229
290 0.382229
291 0.382229
292 0.382229
293 0.382229
294 0.382229
