0 0
1 0.171485
2 0.169399
3 0.236215
4 0.237506
5 0.274069
6 0.274069
7 0.274069
8 0.274069
9 0.274069
10 0.274069
11 0.274069
12 0.274069
13 0.274069
14 0.274069
15 0.274069
16 0.274069
17 0.274069
18 0.274069
19 0.274069
20 0.272466
21 0.272466
22 0.271324
23 0.271324
24 0.271324
25 0.271324
26 0.269685
27 0.269685
28 0.269685
29 0.269685
30 0.269685
31 0.269685
32 0.3057
33 0.3057
34 0.3057
35 0.3057
36 0.3057
37 0.3057
38 0.305812
39 0.305812
40 0.305812
41 0.305216
42 0.305216
43 0.305216
44 0.305216
45 0.305216
46 0.301639
47 0.301639
48 0.301639
49 0.302235
50 0.302235
51 0.302235
52 0.301341
53 0.301788
54 0.301788
55 0.301639
56 0.301639
57 0.301341
58 0.301341
59 0.308048
60 0.327471
61 0.327471
62 0.324491
63 0.324491
64 0.324491
65 0.332886
66 0.332886
67 0.332886
68 0.332886
69 0.336612
70 0.336612
71 0.335457
72 0.332886
73 0.332886
74 0.332886
75 0.3308
76 0.3308
77 0.334526
78 0.34425
79 0.34425
80 0.34425
81 0.34425
82 0.339928
83 0.339928
84 0.337593
85 0.337593
86 0.337593
87 0.338736
88 0.335618
89 0.335618
90 0.335618
91 0.335618
92 0.335618
93 0.335618
94 0.335618
95 0.335618
96 0.335618
97 0.335618
98 0.335618
99 0.335618
100 0.335618
101 0.335618
102 0.335618
103 0.335618
104 0.33532
105 0.33532
106 0.339344
107 0.339344
108 0.339344
109 0.339344
110 0.339344
111 0.339344
112 0.339344
113 0.339344
114 0.339344
115 0.339344
116 0.339344
117 0.339344
118 0.339344
119 0.339344
120 0.339344
121 0.339344
122 0.340984
123 0.340984
124 0.339642
125 0.339344
126 0.339344
127 0.339344
128 0.339344
129 0.339344
130 0.339344
131 0.339344
132 0.339344
133 0.339344
134 0.339344
135 0.339344
136 0.339344
137 0.339344
138 0.339344
139 0.339344
140 0.338152
141 0.338152
142 0.338152
143 0.338152
144 0.337854
145 0.337854
146 0.337854
147 0.337854
148 0.337854
149 0.337854
150 0.337854
151 0.337854
152 0.337854
153 0.337854
154 0.337854
155 0.338152
156 0.338152
157 0.338152
158 0.338152
159 0.338152
160 0.338152
161 0.338152
162 0.338152
163 0.338152
164 0.338152
165 0.338152
166 0.338152
167 0.337407
168 0.338152
169 0.338152
170 0.338152
171 0.338152
172 0.338152
173 0.338152
174 0.338152
175 0.338152
176 0.338152
177 0.338152
178 0.338152
179 0.338152
180 0.338152
181 0.338152
182 0.338152
183 0.338152
184 0.338152
185 0.337705
186 0.337705
187 0.337854
188 0.337854
189 0.337854
190 0.337854
191 0.337854
192 0.337109
193 0.337109
194 0.338897
195 0.338897
196 0.338897
197 0.338897
198 0.338897
199 0.338897
200 0.338897
201 0.338897
202 0.336215
203 0.336215
204 0.336215
205 0.336215
206 0.336215
207 0.336215
208 0.336215
209 0.336215
210 0.336364
211 0.336364
212 0.336364
213 0.336364
214 0.336364
215 0.336364
216 0.336364
217 0.336364
218 0.336364
219 0.336364
220 0.336364
221 0.336364
222 0.336364
223 0.336364
224 0.339642
225 0.339642
226 0.339642
227 0.339642
228 0.339642
229 0.339642
230 0.339642
231 0.339642
232 0.339642
233 0.339642
234 0.339642
235 0.340238
236 0.340238
237 0.340238
238 0.340238
239 0.340238
240 0.340238
241 0.340238
242 0.340238
243 0.340238
244 0.340238
245 0.340238
246 0.340238
247 0.340238
248 0.340238
249 0.340238
250 0.340238
251 0.340238
252 0.340238
253 0.340238
254 0.340238
255 0.340238
256 0.340238
257 0.340238
258 0.339791
259 0.339791
260 0.340238
261 0.340238
262 0.340238
263 0.340238
264 0.340238
265 0.340238
266 0.340238
267 0.340238
268 0.340238
269 0.340238
270 0.340238
271 0.340238
272 0.340238
273 0.340238
274 0.340238
275 0.340238
276 0.340238
277 0.340238
278 0.340238
279 0.340238
280 0.340238
281 0.340238
282 0.340238
283 0.340238
284 0.340238
285 0.340238
286 0.340238
287 0.340238
288 0.340238
289 0.340238
290 0.340238
291 0.340238
292 0.340238
293 0.340238
294 0.340238
295 0.338897
296 0.338301
297 0.338301
298 0.339195
299 0.339195
300 0.339195
301 0.339195
302 0.339195
303 0.339195
304 0.339195
305 0.339195
306 0.339195
307 0.339195
308 0.339195
309 0.339195
310 0.339195
311 0.339195
312 0.339195
313 0.339195
314 0.339195
315 0.339195
316 0.339195
317 0.339195
318 0.339195
