0 0
1 0.143818
2 0.141295
3 0.142977
4 0.142304
5 0.138267
6 0.154415
7 0.172582
8 0.190412
9 0.242557
10 0.248612
11 0.248612
12 0.248612
13 0.248612
14 0.247939
15 0.281077
16 0.310008
17 0.321951
18 0.320606
19 0.305467
20 0.305467
21 0.305467
22 0.285786
23 0.305971
24 0.288646
25 0.288646
26 0.288646
27 0.30513
28 0.326997
29 0.302944
30 0.302944
31 0.355257
32 0.355257
33 0.355257
34 0.355257
35 0.329352
36 0.329352
37 0.329352
38 0.330362
39 0.333053
40 0.333053
41 0.333726
42 0.338604
43 0.338604
44 0.338604
45 0.338604
46 0.338604
47 0.336585
48 0.336585
49 0.336585
50 0.336585
51 0.336585
52 0.341127
53 0.341127
54 0.33524
55 0.33524
56 0.33524
57 0.33524
58 0.33524
59 0.33524
60 0.33894
61 0.328007
62 0.328007
63 0.338772
64 0.338772
65 0.32582
66 0.32582
67 0.32582
68 0.32582
69 0.32582
70 0.331707
71 0.32767
72 0.32767
73 0.32767
74 0.32868
75 0.329352
76 0.329352
77 0.329352
78 0.351892
79 0.351892
80 0.351892
81 0.351892
82 0.351892
83 0.351892
84 0.351892
85 0.351892
86 0.351892
87 0.351892
88 0.351892
89 0.351892
90 0.351892
91 0.351892
92 0.351892
93 0.351892
94 0.351892
95 0.351892
96 0.351892
97 0.351892
98 0.351892
99 0.376619
100 0.376619
101 0.376619
102 0.376619
103 0.376619
104 0.376619
105 0.376619
106 0.376619
107 0.376619
108 0.376619
109 0.376619
110 0.376619
111 0.376619
112 0.376619
113 0.376619
114 0.376619
115 0.376619
116 0.376619
117 0.376619
118 0.376619
119 0.376619
120 0.376619
121 0.376619
122 0.376619
123 0.376619
124 0.377796
125 0.377796
126 0.377796
127 0.377796
128 0.377796
129 0.377796
130 0.377796
131 0.377796
132 0.377796
133 0.377796
134 0.377796
135 0.377796
136 0.377796
137 0.377796
138 0.377796
139 0.377796
140 0.377796
141 0.377796
142 0.377796
143 0.377796
144 0.377796
145 0.377796
146 0.377796
147 0.377796
148 0.377796
149 0.377796
150 0.377796
151 0.377796
152 0.377796
153 0.377796
154 0.377796
155 0.377796
156 0.377796
157 0.377796
158 0.377965
159 0.377965
160 0.377965
161 0.377965
162 0.377965
163 0.377965
164 0.377965
165 0.377965
166 0.377965
167 0.377965
168 0.377965
169 0.377965
170 0.377965
171 0.37746
172 0.37746
173 0.377796
174 0.377796
175 0.377965
176 0.377965
177 0.377965
178 0.377965
179 0.376955
180 0.376619
181 0.376619
182 0.367536
183 0.367536
184 0.367536
185 0.367536
186 0.367536
187 0.367536
188 0.367536
189 0.367536
190 0.367536
191 0.367536
192 0.367536
193 0.367536
194 0.367536
195 0.367536
196 0.367536
197 0.367536
198 0.367536
199 0.367536
200 0.367536
201 0.367536
202 0.367536
203 0.367536
204 0.367536
205 0.367536
206 0.367536
207 0.367536
208 0.367536
209 0.367536
210 0.367536
211 0.367536
212 0.367536
213 0.368209
214 0.368209
215 0.368209
216 0.368209
217 0.368209
218 0.368209
219 0.368209
220 0.368209
221 0.368209
222 0.368209
223 0.368209
224 0.368209
225 0.368209
226 0.368209
227 0.368209
228 0.368209
229 0.368209
230 0.368209
231 0.368209
232 0.368209
233 0.368209
234 0.368209
235 0.368209
236 0.368209
237 0.368209
238 0.368209
239 0.368209
240 0.368209
241 0.368209
242 0.368209
243 0.368209
244 0.368209
245 0.368209
246 0.368209
247 0.368209
248 0.368209
249 0.368209
250 0.367536
251 0.367536
252 0.367536
253 0.367536
254 0.367536
255 0.367536
256 0.367536
257 0.367536
258 0.367536
259 0.367536
260 0.367536
261 0.367536
262 0.367536
263 0.367536
264 0.367536
265 0.367536
266 0.367536
267 0.367536
268 0.367536
269 0.367536
270 0.367536
271 0.367704
272 0.367704
273 0.367704
274 0.367704
275 0.367704
276 0.367704
277 0.367704
278 0.367872
279 0.367872
280 0.365685
281 0.365685
282 0.367872
283 0.367872
284 0.367872
285 0.367872
286 0.367872
287 0.367872
288 0.367872
289 0.365685
290 0.365685
291 0.365685
292 0.368545
293 0.368545
294 0.368545
295 0.368545
296 0.368545
297 0.368545
298 0.368545
299 0.368545
300 0.368545
301 0.368545
302 0.368545
303 0.368545
304 0.368545
305 0.368545
306 0.368545
307 0.368545
308 0.368545
309 0.368545
310 0.368545
311 0.368881
