0 0
1 0.157558
2 0.157558
3 0.224423
4 0.227848
5 0.269993
6 0.269993
7 0.269993
8 0.269993
9 0.269993
10 0.269993
11 0.269993
12 0.269993
13 0.269993
14 0.269993
15 0.269993
16 0.269993
17 0.269993
18 0.269993
19 0.269993
20 0.271035
21 0.271035
22 0.273418
23 0.273418
24 0.273418
25 0.273418
26 0.275652
27 0.275652
28 0.275652
29 0.275652
30 0.275652
31 0.275652
32 0.321519
33 0.321519
34 0.321519
35 0.321519
36 0.321519
37 0.321519
38 0.323455
39 0.323455
40 0.324051
41 0.324944
42 0.324944
43 0.324944
44 0.324944
45 0.324944
46 0.325093
47 0.325093
48 0.325093
49 0.325242
50 0.325242
51 0.325242
52 0.325838
53 0.325838
54 0.325838
55 0.325838
56 0.325838
57 0.325838
58 0.325838
59 0.326433
60 0.341921
61 0.341921
62 0.34341
63 0.34341
64 0.34341
65 0.347729
66 0.347729
67 0.347729
68 0.347729
69 0.349665
70 0.349665
71 0.350558
72 0.350707
73 0.350707
74 0.350707
75 0.351005
76 0.351452
77 0.353537
78 0.355026
79 0.355175
80 0.355175
81 0.355771
82 0.356664
83 0.356664
84 0.357558
85 0.357558
86 0.357558
87 0.357707
88 0.361727
89 0.361727
90 0.361727
91 0.361727
92 0.361727
93 0.361727
94 0.361727
95 0.361727
96 0.361727
97 0.361727
98 0.361727
99 0.361727
100 0.361727
101 0.361727
102 0.361727
103 0.361727
104 0.361727
105 0.361727
106 0.370464
107 0.370464
108 0.370464
109 0.370464
110 0.370464
111 0.370464
112 0.370464
113 0.370464
114 0.370464
115 0.370464
116 0.370464
117 0.370464
118 0.370464
119 0.370464
120 0.370464
121 0.370464
122 0.370613
123 0.370613
124 0.370911
125 0.371209
126 0.371209
127 0.371209
128 0.371209
129 0.371209
130 0.371209
131 0.371209
132 0.371209
133 0.371209
134 0.371209
135 0.371209
136 0.371209
137 0.371209
138 0.371209
139 0.371209
140 0.371655
141 0.371655
142 0.371655
143 0.371655
144 0.371655
145 0.371655
146 0.371655
147 0.371655
148 0.371655
149 0.371655
150 0.371655
151 0.371655
152 0.371655
153 0.371655
154 0.371655
155 0.371655
156 0.371655
157 0.371655
158 0.371655
159 0.371655
160 0.371655
161 0.371804
162 0.371804
163 0.371804
164 0.371804
165 0.371804
166 0.371804
167 0.372549
168 0.372996
169 0.372996
170 0.372996
171 0.372996
172 0.372996
173 0.372996
174 0.372996
175 0.372996
176 0.372996
177 0.372996
178 0.372996
179 0.373443
180 0.373443
181 0.373443
182 0.373443
183 0.37374
184 0.37374
185 0.37374
186 0.37374
187 0.373889
188 0.374187
189 0.374187
190 0.374187
191 0.374187
192 0.374485
193 0.374485
194 0.375676
195 0.375676
196 0.375676
197 0.375676
198 0.375676
199 0.375676
200 0.375676
201 0.375676
202 0.375974
203 0.375974
204 0.375974
205 0.375974
206 0.375974
207 0.375974
208 0.375974
209 0.375974
210 0.375974
211 0.375974
212 0.375974
213 0.375974
214 0.375974
215 0.375974
216 0.375974
217 0.375974
218 0.375974
219 0.375974
220 0.375974
221 0.375974
222 0.375974
223 0.375974
224 0.377612
225 0.377612
226 0.377612
227 0.377612
228 0.377612
229 0.377612
230 0.377612
231 0.377612
232 0.377612
233 0.377612
234 0.377612
235 0.378357
236 0.378357
237 0.378357
238 0.378357
239 0.378357
240 0.378804
241 0.378804
242 0.378804
243 0.378804
244 0.378804
245 0.378804
246 0.378804
247 0.378804
248 0.378804
249 0.378804
250 0.378804
251 0.378804
252 0.378804
253 0.378804
254 0.378804
255 0.378804
256 0.378804
257 0.378804
258 0.378804
259 0.378804
260 0.378804
261 0.378804
262 0.378804
263 0.378804
264 0.378804
265 0.378953
266 0.378953
267 0.378953
268 0.378953
269 0.378953
270 0.378953
271 0.378953
272 0.378953
273 0.378953
274 0.378953
275 0.378953
276 0.378953
277 0.378953
278 0.378953
279 0.378953
280 0.378953
281 0.378953
282 0.378953
283 0.378953
284 0.378953
285 0.378953
286 0.378953
287 0.378953
288 0.378953
289 0.378953
290 0.378953
291 0.378953
292 0.378953
293 0.378953
294 0.378953
295 0.381484
296 0.381782
297 0.381782
298 0.382229
299 0.382229
300 0.382229
301 0.382229
302 0.382229
303 0.382229
304 0.382229
305 0.382229
306 0.382229
307 0.382229
308 0.382229
309 0.382229
310 0.382229
311 0.382229
312 0.382229
313 0.382229
314 0.382229
315 0.382229
316 0.382229
317 0.382229
318 0.382229
