0 0
1 0.158789
2 0.158621
3 0.217494
4 0.217494
5 0.238183
6 0.238183
7 0.246257
8 0.246257
9 0.246594
10 0.246594
11 0.246594
12 0.262574
13 0.270816
14 0.280908
15 0.280908
16 0.280908
17 0.281749
18 0.279226
19 0.279226
20 0.279226
21 0.279226
22 0.280404
23 0.280404
24 0.280404
25 0.280404
26 0.192935
27 0.192935
28 0.192935
29 0.19344
30 0.325315
31 0.325315
32 0.325315
33 0.325315
34 0.325315
35 0.325315
36 0.325315
37 0.325315
38 0.325315
39 0.325315
40 0.325315
41 0.325315
42 0.325315
43 0.325315
44 0.325315
45 0.325315
46 0.325315
47 0.325315
48 0.325315
49 0.325315
50 0.325315
51 0.325315
52 0.325315
53 0.325315
54 0.325315
55 0.325315
56 0.325315
57 0.325315
58 0.325315
59 0.325315
60 0.325315
61 0.325315
62 0.325315
63 0.325315
64 0.325315
65 0.325315
66 0.325315
67 0.325315
68 0.325315
69 0.325315
70 0.325315
71 0.325315
72 0.325315
73 0.325315
74 0.325315
75 0.325315
76 0.325315
77 0.325315
78 0.325315
79 0.325315
80 0.325315
81 0.325315
82 0.325315
83 0.325315
84 0.325315
85 0.325315
86 0.325315
87 0.325315
88 0.325315
89 0.325315
90 0.325315
91 0.325315
92 0.325315
93 0.325315
94 0.325315
95 0.325315
96 0.325315
97 0.325315
98 0.325315
99 0.325315
100 0.325315
101 0.325315
102 0.325315
103 0.325315
104 0.325315
105 0.325315
106 0.325315
107 0.325315
108 0.325315
109 0.365181
110 0.365181
111 0.365181
112 0.365181
113 0.36148
114 0.36148
115 0.36148
116 0.362153
117 0.362153
118 0.362153
119 0.362153
120 0.362153
121 0.362153
122 0.356602
123 0.356602
124 0.356602
125 0.356602
126 0.356602
127 0.356602
128 0.356602
129 0.356602
130 0.356602
131 0.356602
132 0.356602
133 0.356602
134 0.356602
135 0.357107
136 0.357107
137 0.357107
138 0.357107
139 0.357107
140 0.357107
141 0.357107
142 0.357611
143 0.357107
144 0.357107
145 0.357107
146 0.357107
147 0.357107
148 0.357443
149 0.357443
150 0.357443
151 0.357443
152 0.357443
153 0.357443
154 0.357443
155 0.357443
156 0.357443
157 0.357443
158 0.357443
159 0.362153
160 0.362153
161 0.362153
162 0.362153
163 0.362153
164 0.362153
165 0.362153
166 0.362153
167 0.362153
168 0.362153
169 0.362153
170 0.362153
171 0.362153
172 0.362153
173 0.362153
174 0.362153
175 0.362153
176 0.362153
177 0.362153
178 0.362153
179 0.362153
180 0.362153
181 0.361648
182 0.361648
183 0.361648
184 0.361312
185 0.361312
186 0.361312
187 0.361312
188 0.361312
189 0.361312
190 0.377796
191 0.377796
192 0.377796
193 0.377796
194 0.377796
195 0.377796
196 0.377796
197 0.377796
198 0.377796
199 0.377796
200 0.377796
201 0.377796
202 0.377796
203 0.377796
204 0.377796
205 0.378638
206 0.378638
207 0.378638
208 0.378638
209 0.377796
210 0.377796
211 0.377796
212 0.377796
213 0.377796
214 0.377796
215 0.377965
216 0.377965
217 0.377965
218 0.377965
219 0.377965
220 0.376619
221 0.376619
222 0.376619
223 0.376619
224 0.376619
225 0.376619
226 0.376619
227 0.376619
228 0.376619
229 0.377124
230 0.377124
231 0.377124
232 0.377124
233 0.377124
234 0.377124
235 0.377124
236 0.377124
237 0.377124
238 0.377124
239 0.377124
240 0.377124
241 0.377124
242 0.377124
243 0.377124
244 0.377124
245 0.377124
246 0.377124
247 0.377124
248 0.376451
249 0.376451
250 0.368881
251 0.368881
252 0.368881
253 0.368881
254 0.368881
255 0.368881
256 0.368881
257 0.368881
258 0.367536
259 0.367536
260 0.367536
261 0.367536
262 0.367536
263 0.367536
264 0.367536
265 0.367536
266 0.367536
267 0.367536
268 0.367536
269 0.367536
270 0.367536
271 0.367536
272 0.367536
273 0.367536
274 0.367536
275 0.367536
276 0.367536
277 0.367536
278 0.367536
279 0.367536
280 0.367536
281 0.367536
282 0.367536
283 0.367536
284 0.367536
285 0.367536
286 0.367536
287 0.367536
288 0.367536
289 0.367536
290 0.367536
291 0.367536
292 0.371741
293 0.371741
294 0.371741
295 0.371741
296 0.371741
297 0.371741
298 0.371741
299 0.371741
300 0.371741
301 0.371741
302 0.371741
303 0.371741
304 0.371741
305 0.3709
306 0.3709
307 0.3709
308 0.371741
309 0.369722
310 0.369722
311 0.369722
312 0.369722
313 0.369722
314 0.368881
315 0.368881
316 0.368881
317 0.368881
318 0.368881
319 0.368881
320 0.368209
321 0.368209
322 0.368209
323 0.368209
324 0.368209
325 0.368209
326 0.368209
327 0.368209
328 0.368209
329 0.368545
330 0.368545
331 0.368545
