0 0
1 0.152295
2 0.151387
3 0.150025
4 0.151387
5 0.152143
6 0.174987
7 0.191175
8 0.199798
9 0.236258
10 0.239435
11 0.239435
12 0.239435
13 0.239435
14 0.240797
15 0.252748
16 0.255371
17 0.263843
18 0.275492
19 0.305396
20 0.305396
21 0.305396
22 0.297428
23 0.30706
24 0.304791
25 0.304791
26 0.304791
27 0.30827
28 0.305598
29 0.305245
30 0.305245
31 0.326626
32 0.326626
33 0.326626
34 0.326626
35 0.323147
36 0.323147
37 0.323147
38 0.325567
39 0.325567
40 0.325567
41 0.326475
42 0.329652
43 0.329652
44 0.329652
45 0.329652
46 0.329652
47 0.329955
48 0.329955
49 0.329955
50 0.329047
51 0.329047
52 0.334796
53 0.334796
54 0.32829
55 0.32829
56 0.32829
57 0.327837
58 0.327837
59 0.327837
60 0.329047
61 0.335098
62 0.335098
63 0.329803
64 0.329803
65 0.33298
66 0.33298
67 0.33298
68 0.33298
69 0.33298
70 0.327988
71 0.333737
72 0.333737
73 0.333737
74 0.332678
75 0.331921
76 0.331921
77 0.331921
78 0.349622
79 0.349622
80 0.349622
81 0.349622
82 0.349622
83 0.349622
84 0.349622
85 0.349622
86 0.349622
87 0.349622
88 0.349622
89 0.349622
90 0.349622
91 0.349622
92 0.349622
93 0.349622
94 0.349622
95 0.349622
96 0.349622
97 0.349622
98 0.349622
99 0.349924
100 0.349924
101 0.349924
102 0.349924
103 0.349924
104 0.349924
105 0.349924
106 0.349924
107 0.349924
108 0.349924
109 0.349924
110 0.349924
111 0.349924
112 0.349924
113 0.349924
114 0.349924
115 0.349924
116 0.349924
117 0.349924
118 0.34947
119 0.34947
120 0.34947
121 0.34947
122 0.34947
123 0.34947
124 0.35053
125 0.35053
126 0.35053
127 0.35053
128 0.35053
129 0.35053
130 0.35053
131 0.35053
132 0.35053
133 0.35053
134 0.35053
135 0.35053
136 0.35053
137 0.35053
138 0.350076
139 0.350076
140 0.350076
141 0.350076
142 0.350076
143 0.350076
144 0.350076
145 0.350076
146 0.350076
147 0.350076
148 0.350076
149 0.350076
150 0.349319
151 0.349319
152 0.349319
153 0.349319
154 0.34947
155 0.34947
156 0.34947
157 0.34947
158 0.350378
159 0.350378
160 0.350378
161 0.350378
162 0.350378
163 0.350378
164 0.350378
165 0.350378
166 0.350378
167 0.350378
168 0.350378
169 0.350378
170 0.350378
171 0.349773
172 0.349773
173 0.349017
174 0.349017
175 0.351437
176 0.351437
177 0.351437
178 0.351437
179 0.351135
180 0.348411
181 0.348411
182 0.349168
183 0.349168
184 0.349168
185 0.349168
186 0.349168
187 0.349168
188 0.349168
189 0.349168
190 0.349168
191 0.349168
192 0.349168
193 0.349168
194 0.349168
195 0.349168
196 0.349168
197 0.349168
198 0.349168
199 0.349168
200 0.349168
201 0.349168
202 0.349168
203 0.349017
204 0.349017
205 0.349017
206 0.349017
207 0.349017
208 0.349017
209 0.349017
210 0.349017
211 0.349017
212 0.349017
213 0.349168
214 0.349168
215 0.349168
216 0.349168
217 0.349168
218 0.349168
219 0.349168
220 0.349168
221 0.349168
222 0.349168
223 0.349168
224 0.349168
225 0.349168
226 0.349168
227 0.349168
228 0.349168
229 0.349168
230 0.349168
231 0.349168
232 0.349168
233 0.349168
234 0.349168
235 0.349168
236 0.349168
237 0.349168
238 0.349168
239 0.349168
240 0.349168
241 0.349168
242 0.349168
243 0.349168
244 0.349168
245 0.349168
246 0.349168
247 0.349168
248 0.349168
249 0.349168
250 0.349168
251 0.349168
252 0.349168
253 0.349168
254 0.349168
255 0.349168
256 0.349168
257 0.349168
258 0.349168
259 0.349168
260 0.349168
261 0.349168
262 0.349168
263 0.349168
264 0.349168
265 0.349168
266 0.349168
267 0.349168
268 0.349168
269 0.349168
270 0.349168
271 0.348865
272 0.348865
273 0.348865
274 0.348865
275 0.348865
276 0.348865
277 0.348865
278 0.348714
279 0.348714
280 0.349622
281 0.349622
282 0.349017
283 0.349017
284 0.349017
285 0.349017
286 0.349017
287 0.349017
288 0.349017
289 0.34947
290 0.34947
291 0.34947
292 0.348411
293 0.348411
294 0.348411
295 0.348411
296 0.348714
297 0.349622
298 0.349622
299 0.349622
300 0.349622
301 0.349622
302 0.349622
303 0.349622
304 0.349622
305 0.349622
306 0.349622
307 0.349622
308 0.349622
309 0.349622
310 0.350227
311 0.350378
