0 0
1 0.122581
2 0.264516
3 0.277419
4 0.290323
5 0.245161
6 0.193548
7 0.258065
8 0.258065
9 0.258065
10 0.341935
11 0.341935
12 0.341935
13 0.341935
14 0.296774
15 0.316129
16 0.348387
17 0.348387
18 0.316129
19 0.348387
20 0.348387
21 0.348387
22 0.251613
23 0.251613
24 0.251613
25 0.251613
26 0.219355
27 0.251613
28 0.251613
29 0.251613
30 0.283871
31 0.283871
32 0.283871
33 0.316129
34 0.316129
35 0.283871
36 0.251613
37 0.251613
38 0.270968
39 0.270968
40 0.270968
41 0.270968
42 0.270968
43 0.270968
44 0.270968
45 0.270968
46 0.270968
47 0.296774
48 0.296774
49 0.296774
50 0.296774
51 0.296774
52 0.296774
53 0.296774
54 0.296774
55 0.296774
56 0.296774
57 0.296774
58 0.348387
59 0.348387
60 0.348387
61 0.348387
62 0.348387
63 0.348387
64 0.348387
65 0.348387
66 0.348387
67 0.348387
68 0.348387
69 0.367742
70 0.367742
71 0.367742
72 0.367742
73 0.367742
74 0.367742
75 0.367742
76 0.335484
77 0.335484
78 0.335484
79 0.335484
80 0.335484
81 0.335484
82 0.335484
83 0.335484
84 0.335484
85 0.335484
86 0.335484
87 0.335484
88 0.335484
89 0.335484
90 0.335484
91 0.335484
92 0.335484
93 0.316129
94 0.335484
95 0.335484
96 0.335484
97 0.335484
98 0.335484
99 0.335484
100 0.335484
101 0.335484
102 0.335484
103 0.335484
104 0.335484
105 0.335484
106 0.335484
107 0.335484
108 0.335484
109 0.335484
110 0.335484
111 0.335484
112 0.335484
113 0.335484
114 0.335484
115 0.335484
116 0.335484
117 0.335484
118 0.335484
119 0.335484
120 0.335484
121 0.335484
122 0.335484
123 0.335484
124 0.335484
125 0.335484
126 0.335484
127 0.335484
128 0.335484
129 0.335484
130 0.335484
131 0.335484
132 0.335484
133 0.335484
134 0.335484
135 0.335484
136 0.335484
137 0.335484
138 0.335484
139 0.335484
140 0.335484
141 0.335484
142 0.335484
143 0.335484
144 0.335484
145 0.335484
146 0.335484
147 0.335484
148 0.335484
149 0.335484
150 0.335484
151 0.335484
152 0.335484
153 0.335484
154 0.335484
155 0.335484
156 0.335484
157 0.335484
158 0.335484
159 0.335484
160 0.335484
161 0.335484
162 0.335484
163 0.335484
164 0.335484
165 0.335484
166 0.335484
167 0.335484
168 0.335484
169 0.335484
170 0.335484
171 0.335484
172 0.335484
173 0.335484
174 0.335484
175 0.322581
176 0.322581
177 0.322581
178 0.322581
179 0.322581
180 0.322581
181 0.322581
182 0.322581
183 0.322581
184 0.322581
185 0.322581
186 0.322581
187 0.322581
188 0.322581
189 0.322581
190 0.322581
191 0.322581
192 0.322581
193 0.322581
194 0.322581
195 0.322581
196 0.322581
197 0.322581
198 0.322581
199 0.322581
200 0.322581
201 0.322581
202 0.322581
203 0.322581
204 0.322581
205 0.322581
206 0.322581
207 0.322581
208 0.322581
209 0.322581
210 0.322581
211 0.322581
212 0.322581
213 0.322581
214 0.322581
215 0.322581
216 0.322581
217 0.322581
218 0.322581
219 0.322581
220 0.322581
221 0.322581
222 0.322581
223 0.335484
224 0.335484
225 0.335484
226 0.335484
227 0.335484
228 0.335484
229 0.322581
230 0.322581
231 0.322581
232 0.322581
233 0.322581
234 0.322581
235 0.322581
236 0.322581
237 0.322581
238 0.322581
239 0.322581
240 0.322581
241 0.322581
242 0.322581
243 0.322581
244 0.322581
245 0.322581
246 0.322581
247 0.322581
248 0.322581
249 0.322581
250 0.322581
251 0.322581
252 0.322581
253 0.322581
254 0.322581
255 0.322581
256 0.322581
257 0.322581
258 0.322581
259 0.322581
260 0.322581
261 0.322581
262 0.322581
