0 0
1 0.264516
2 0.283871
3 0.264516
4 0.219355
5 0.219355
6 0.251613
7 0.290323
8 0.290323
9 0.296774
10 0.316129
11 0.258065
12 0.258065
13 0.290323
14 0.290323
15 0.290323
16 0.290323
17 0.348387
18 0.348387
19 0.348387
20 0.348387
21 0.316129
22 0.23871
23 0.23871
24 0.23871
25 0.23871
26 0.23871
27 0.23871
28 0.290323
29 0.290323
30 0.290323
31 0.290323
32 0.290323
33 0.290323
34 0.290323
35 0.290323
36 0.290323
37 0.290323
38 0.290323
39 0.290323
40 0.290323
41 0.290323
42 0.290323
43 0.290323
44 0.290323
45 0.290323
46 0.290323
47 0.290323
48 0.290323
49 0.290323
50 0.290323
51 0.290323
52 0.290323
53 0.290323
54 0.290323
55 0.290323
56 0.290323
57 0.290323
58 0.290323
59 0.290323
60 0.290323
61 0.290323
62 0.264516
63 0.264516
64 0.264516
65 0.264516
66 0.225806
67 0.225806
68 0.225806
69 0.225806
70 0.225806
71 0.225806
72 0.225806
73 0.225806
74 0.225806
75 0.348387
76 0.348387
77 0.348387
78 0.348387
79 0.348387
80 0.348387
81 0.367742
82 0.367742
83 0.367742
84 0.367742
85 0.296774
86 0.348387
87 0.348387
88 0.329032
89 0.348387
90 0.348387
91 0.348387
92 0.348387
93 0.348387
94 0.348387
95 0.348387
96 0.348387
97 0.348387
98 0.348387
99 0.348387
100 0.348387
101 0.348387
102 0.348387
103 0.348387
104 0.348387
105 0.348387
106 0.348387
107 0.348387
108 0.335484
109 0.335484
110 0.335484
111 0.348387
112 0.4
113 0.4
114 0.4
115 0.335484
116 0.335484
117 0.335484
118 0.335484
119 0.335484
120 0.335484
121 0.335484
122 0.335484
123 0.335484
124 0.335484
125 0.335484
126 0.335484
127 0.335484
128 0.335484
129 0.335484
130 0.335484
131 0.335484
132 0.335484
133 0.335484
134 0.335484
135 0.335484
136 0.335484
137 0.335484
138 0.335484
139 0.335484
140 0.335484
141 0.335484
142 0.335484
143 0.335484
144 0.335484
145 0.335484
146 0.335484
147 0.335484
148 0.335484
149 0.335484
150 0.335484
151 0.335484
152 0.335484
153 0.335484
154 0.335484
155 0.335484
156 0.335484
157 0.335484
158 0.335484
159 0.335484
160 0.335484
161 0.335484
162 0.335484
163 0.335484
164 0.335484
165 0.335484
166 0.335484
167 0.335484
168 0.335484
169 0.335484
170 0.335484
171 0.335484
172 0.335484
173 0.335484
174 0.335484
175 0.335484
176 0.335484
177 0.335484
178 0.335484
179 0.335484
180 0.335484
181 0.335484
182 0.335484
183 0.335484
184 0.335484
185 0.335484
186 0.335484
187 0.335484
188 0.335484
189 0.335484
190 0.335484
191 0.335484
192 0.335484
193 0.335484
194 0.335484
195 0.335484
196 0.335484
197 0.335484
198 0.335484
199 0.322581
200 0.322581
201 0.322581
202 0.322581
203 0.322581
204 0.322581
205 0.322581
206 0.322581
207 0.322581
208 0.322581
209 0.322581
210 0.322581
211 0.322581
212 0.322581
213 0.322581
214 0.322581
215 0.322581
216 0.322581
217 0.322581
218 0.322581
219 0.322581
220 0.322581
221 0.322581
222 0.322581
223 0.322581
224 0.322581
225 0.322581
226 0.322581
227 0.322581
228 0.322581
229 0.322581
230 0.322581
231 0.322581
232 0.322581
233 0.322581
234 0.322581
235 0.322581
236 0.322581
237 0.322581
238 0.322581
239 0.322581
240 0.322581
241 0.322581
242 0.322581
243 0.322581
244 0.322581
245 0.322581
246 0.322581
247 0.322581
248 0.322581
249 0.322581
250 0.322581
251 0.322581
252 0.322581
253 0.322581
254 0.322581
255 0.322581
256 0.322581
257 0.322581
258 0.322581
259 0.322581
260 0.322581
261 0.322581
262 0.322581
263 0.322581
264 0.322581
265 0.322581
266 0.322581
267 0.322581
268 0.322581
269 0.322581
270 0.322581
271 0.322581
272 0.322581
273 0.322581
274 0.322581
275 0.322581
276 0.322581
277 0.322581
278 0.322581
279 0.322581
280 0.322581
281 0.322581
282 0.322581
283 0.322581
284 0.322581
285 0.322581
286 0.322581
287 0.322581
288 0.322581
289 0.322581
290 0.322581
291 0.322581
292 0.322581
293 0.322581
294 0.322581
295 0.322581
296 0.322581
297 0.322581
298 0.322581
299 0.322581
300 0.322581
301 0.322581
302 0.322581
303 0.322581
304 0.322581
305 0.322581
306 0.322581
307 0.322581
308 0.322581
309 0.322581
310 0.322581
311 0.322581
312 0.322581
313 0.322581
314 0.322581
315 0.322581
316 0.322581
317 0.322581
318 0.322581
319 0.322581
320 0.322581
321 0.322581
322 0.322581
323 0.322581
324 0.322581
325 0.322581
326 0.322581
327 0.322581
328 0.322581
329 0.322581
330 0.322581
331 0.322581
