0 0
1 0.151084
2 0.228442
3 0.228896
4 0.22829
5 0.22829
6 0.22829
7 0.234745
8 0.227786
9 0.227786
10 0.229299
11 0.229299
12 0.248058
13 0.248058
14 0.250933
15 0.250479
16 0.250479
17 0.247605
18 0.247605
19 0.250933
20 0.248512
21 0.250479
22 0.282098
23 0.282098
24 0.282098
25 0.282098
26 0.282098
27 0.282098
28 0.287141
29 0.279375
30 0.292587
31 0.304539
32 0.305144
33 0.303631
34 0.320424
35 0.320424
36 0.320424
37 0.315683
38 0.315683
39 0.325517
40 0.325517
41 0.325517
42 0.325517
43 0.332325
44 0.331871
45 0.332022
46 0.332022
47 0.332022
48 0.340797
49 0.340797
50 0.340797
51 0.340797
52 0.340797
53 0.341402
54 0.341402
55 0.341402
56 0.341402
57 0.341402
58 0.341402
59 0.341402
60 0.341402
61 0.338275
62 0.338275
63 0.338275
64 0.338275
65 0.338275
66 0.338275
67 0.338275
68 0.338275
69 0.338275
70 0.338225
71 0.338225
72 0.338225
73 0.338225
74 0.337519
75 0.337519
76 0.337519
77 0.337519
78 0.337519
79 0.337519
80 0.338225
81 0.338225
82 0.338225
83 0.338729
84 0.338729
85 0.338729
86 0.338729
87 0.338729
88 0.338729
89 0.338729
90 0.338124
91 0.343116
92 0.343268
93 0.342965
94 0.342965
95 0.342965
96 0.342965
97 0.342965
98 0.344024
99 0.346899
100 0.346899
101 0.346899
102 0.346899
103 0.347655
104 0.347655
105 0.347655
106 0.347655
107 0.349924
108 0.351286
109 0.351286
110 0.351286
111 0.351286
112 0.351286
113 0.351286
114 0.351286
115 0.351286
116 0.351286
117 0.351286
118 0.351286
119 0.351286
120 0.351286
121 0.353555
122 0.353555
123 0.353555
124 0.353555
125 0.353555
126 0.35053
127 0.35053
128 0.35053
129 0.35053
130 0.35053
131 0.35053
132 0.35053
133 0.35053
134 0.35053
135 0.35053
136 0.35053
137 0.35053
138 0.351135
139 0.351135
140 0.351135
141 0.351135
142 0.351135
143 0.351135
144 0.351135
145 0.351135
146 0.351135
147 0.351135
148 0.351135
149 0.351135
150 0.351135
151 0.351135
152 0.351135
153 0.349168
154 0.349168
155 0.349168
156 0.349168
157 0.349168
158 0.349168
159 0.349168
160 0.349168
161 0.349168
162 0.349168
163 0.349168
164 0.349168
165 0.350983
166 0.350983
167 0.350983
168 0.350983
169 0.34826
170 0.34826
171 0.34826
172 0.34826
173 0.34826
174 0.349773
175 0.349773
176 0.349773
177 0.349773
178 0.349773
179 0.349773
180 0.349773
181 0.349773
182 0.349773
183 0.349773
184 0.349773
185 0.349773
186 0.349773
187 0.349773
188 0.349773
189 0.349168
190 0.349168
191 0.349168
192 0.349168
193 0.349168
194 0.349168
195 0.349168
196 0.349168
197 0.349168
198 0.349168
199 0.349168
200 0.349168
201 0.349168
202 0.349168
203 0.349168
204 0.349168
205 0.349168
206 0.349168
207 0.349168
208 0.349168
209 0.349168
210 0.349168
211 0.349168
212 0.349168
213 0.349168
214 0.349168
215 0.349168
216 0.349168
217 0.349168
218 0.349168
219 0.349168
220 0.349168
221 0.348714
222 0.348714
223 0.348714
224 0.348714
225 0.348714
226 0.348714
227 0.348714
228 0.348714
229 0.348714
230 0.348714
231 0.348714
232 0.349168
233 0.349168
234 0.349168
235 0.349168
236 0.349168
237 0.349168
238 0.349168
239 0.349168
240 0.349168
241 0.349168
242 0.349168
243 0.349168
244 0.349168
245 0.349168
246 0.349168
247 0.349168
248 0.349168
249 0.349168
250 0.349168
251 0.349168
252 0.349168
253 0.349168
254 0.349168
255 0.349168
256 0.349168
257 0.349168
258 0.349168
259 0.349168
260 0.349168
261 0.349168
262 0.349168
263 0.349168
264 0.349168
265 0.349168
266 0.349168
267 0.349168
268 0.349168
269 0.349168
270 0.349168
271 0.349168
272 0.349168
273 0.349017
274 0.349017
275 0.349017
276 0.349017
277 0.349017
278 0.349017
279 0.349017
280 0.351135
281 0.351135
282 0.351135
283 0.351135
284 0.351135
285 0.351135
286 0.35174
287 0.35053
288 0.35053
289 0.34947
290 0.349017
291 0.349017
292 0.349017
293 0.349017
294 0.349017
295 0.349017
296 0.34947
297 0.34947
298 0.34947
299 0.34947
300 0.34947
301 0.34947
302 0.34947
303 0.34947
304 0.34947
305 0.34947
306 0.34947
307 0.34947
