0 0
1 0.121162
2 0.171932
3 0.169511
4 0.169511
5 0.223038
6 0.223038
7 0.223038
8 0.240946
9 0.242536
10 0.244548
11 0.254682
12 0.261736
13 0.267101
14 0.264568
15 0.264568
16 0.266207
17 0.267101
18 0.272827
19 0.274615
20 0.274615
21 0.274615
22 0.274615
23 0.274615
24 0.274615
25 0.277149
26 0.277149
27 0.27685
28 0.27685
29 0.27685
30 0.277
31 0.280576
32 0.280576
33 0.280576
34 0.305216
35 0.305216
36 0.305216
37 0.305216
38 0.305216
39 0.305216
40 0.305216
41 0.305216
42 0.305216
43 0.305216
44 0.305216
45 0.305216
46 0.307004
47 0.307004
48 0.307004
49 0.307004
50 0.307004
51 0.307004
52 0.307004
53 0.307004
54 0.307004
55 0.307004
56 0.324491
57 0.334426
58 0.334426
59 0.328825
60 0.328825
61 0.328825
62 0.328825
63 0.328825
64 0.328825
65 0.328825
66 0.328825
67 0.328825
68 0.3308
69 0.3308
70 0.3308
71 0.3308
72 0.331408
73 0.331408
74 0.331408
75 0.331408
76 0.331408
77 0.330539
78 0.330539
79 0.323348
80 0.327521
81 0.327521
82 0.327521
83 0.327968
84 0.327968
85 0.327968
86 0.329309
87 0.329309
88 0.328912
89 0.328912
90 0.328912
91 0.328912
92 0.328912
93 0.328912
94 0.328912
95 0.328912
96 0.328018
97 0.32623
98 0.32623
99 0.32623
100 0.32623
101 0.341617
102 0.341617
103 0.341617
104 0.341617
105 0.341617
106 0.343356
107 0.343356
108 0.341617
109 0.341617
110 0.342064
111 0.342362
112 0.342623
113 0.342623
114 0.342437
115 0.343852
116 0.343852
117 0.343852
118 0.343852
119 0.343852
120 0.342958
121 0.342958
122 0.342958
123 0.342958
124 0.342958
125 0.342958
126 0.342958
127 0.342958
128 0.342958
129 0.342362
130 0.342362
131 0.342362
132 0.342362
133 0.342958
134 0.342958
135 0.342958
136 0.342958
137 0.342958
138 0.342958
139 0.342958
140 0.339344
141 0.339344
142 0.339344
143 0.339344
144 0.339344
145 0.338599
146 0.338599
147 0.338599
148 0.338599
149 0.338599
150 0.338599
151 0.338599
152 0.338599
153 0.338599
154 0.338599
155 0.338599
156 0.340835
157 0.340835
158 0.340835
159 0.340835
160 0.340835
161 0.340835
162 0.340835
163 0.340835
164 0.340835
165 0.340835
166 0.340835
167 0.340835
168 0.340835
169 0.338897
170 0.339642
171 0.339642
172 0.339642
173 0.339344
174 0.339344
175 0.336662
176 0.336662
177 0.336662
178 0.336662
179 0.336662
180 0.336662
181 0.336662
182 0.336662
183 0.336662
184 0.336662
185 0.336662
186 0.336662
187 0.338599
188 0.338599
189 0.338599
190 0.338599
191 0.338003
192 0.338003
193 0.338003
194 0.338003
195 0.338599
196 0.336215
197 0.336215
198 0.336215
199 0.339642
200 0.339642
201 0.339642
202 0.339642
203 0.339642
204 0.339642
205 0.339642
206 0.339642
207 0.339642
208 0.339642
209 0.339642
210 0.339642
211 0.339642
212 0.339642
213 0.339642
214 0.339642
215 0.339642
216 0.339642
217 0.339642
218 0.339642
219 0.339642
220 0.339642
221 0.340238
222 0.340238
223 0.340238
224 0.340238
225 0.340238
226 0.340238
227 0.340238
228 0.340238
229 0.340238
230 0.340238
231 0.340238
232 0.340238
233 0.340238
234 0.340238
235 0.340238
236 0.340238
237 0.340238
238 0.340238
239 0.340238
240 0.340238
241 0.340238
242 0.340238
243 0.340238
244 0.340089
245 0.340089
246 0.340089
247 0.340089
248 0.340089
249 0.340089
250 0.340089
251 0.340089
252 0.340089
253 0.340089
254 0.340089
255 0.340089
256 0.340089
257 0.340089
258 0.340089
259 0.340089
260 0.340089
261 0.340089
262 0.340089
263 0.340089
264 0.338897
265 0.338897
266 0.338897
267 0.338003
268 0.339195
269 0.339195
270 0.339195
271 0.339195
272 0.339046
273 0.339046
274 0.339046
275 0.339046
276 0.339046
277 0.339046
278 0.338152
279 0.338152
280 0.338152
281 0.338152
282 0.338152
283 0.338152
284 0.338152
285 0.338152
286 0.338152
287 0.338152
288 0.338152
289 0.338152
290 0.338152
291 0.338152
292 0.338152
293 0.338152
294 0.338152
