0 0
1 0.0878873
2 0.154366
3 0.157746
4 0.157465
5 0.165915
6 0.175634
7 0.185915
8 0.185915
9 0.185915
10 0.191549
11 0.200563
12 0.200563
13 0.200704
14 0.208873
15 0.225493
16 0.228732
17 0.228732
18 0.232958
19 0.24
20 0.238592
21 0.238592
22 0.251408
23 0.251408
24 0.251408
25 0.251408
26 0.260563
27 0.255211
28 0.255211
29 0.255211
30 0.250704
31 0.250704
32 0.250704
33 0.280563
34 0.280563
35 0.280563
36 0.26169
37 0.264789
38 0.315352
39 0.315352
40 0.315352
41 0.315352
42 0.315352
43 0.315352
44 0.315352
45 0.315352
46 0.315352
47 0.321972
48 0.321972
49 0.321972
50 0.321972
51 0.321972
52 0.321972
53 0.325352
54 0.325352
55 0.325352
56 0.325352
57 0.325493
58 0.339014
59 0.339014
60 0.339014
61 0.339014
62 0.339014
63 0.339014
64 0.334789
65 0.33493
66 0.33493
67 0.33493
68 0.33493
69 0.348451
70 0.348451
71 0.348169
72 0.347606
73 0.347606
74 0.34831
75 0.348451
76 0.352958
77 0.352958
78 0.352958
79 0.352958
80 0.352958
81 0.352958
82 0.352958
83 0.352958
84 0.352958
85 0.352958
86 0.345352
87 0.345352
88 0.345352
89 0.345352
90 0.345352
91 0.345352
92 0.345352
93 0.349296
94 0.349155
95 0.349155
96 0.358451
97 0.358451
98 0.358451
99 0.358451
100 0.358451
101 0.358451
102 0.358451
103 0.337887
104 0.337887
105 0.337887
106 0.337887
107 0.337887
108 0.337887
109 0.337887
110 0.337887
111 0.337887
112 0.337887
113 0.337887
114 0.337746
115 0.337746
116 0.337746
117 0.337746
118 0.337746
119 0.337746
120 0.337746
121 0.337746
122 0.337746
123 0.337746
124 0.337746
125 0.337746
126 0.337746
127 0.337746
128 0.337746
129 0.337746
130 0.337746
131 0.337746
132 0.337746
133 0.337887
134 0.337887
135 0.337887
136 0.337746
137 0.337324
138 0.337324
139 0.337183
140 0.337183
141 0.337183
142 0.337183
143 0.337183
144 0.337183
145 0.337183
146 0.337183
147 0.337183
148 0.337183
149 0.337183
150 0.337183
151 0.337183
152 0.337183
153 0.337183
154 0.337183
155 0.337183
156 0.337183
157 0.337183
158 0.337183
159 0.337183
160 0.337606
161 0.337606
162 0.337606
163 0.337606
164 0.337606
165 0.337606
166 0.337606
167 0.337606
168 0.337606
169 0.337606
170 0.337606
171 0.337606
172 0.337606
173 0.337606
174 0.337606
175 0.335211
176 0.335211
177 0.335211
178 0.335211
179 0.335211
180 0.335211
181 0.335211
182 0.335211
183 0.335211
184 0.335211
185 0.335211
186 0.335211
187 0.335211
188 0.335211
189 0.335211
190 0.335211
191 0.335211
192 0.335211
193 0.335775
194 0.335775
195 0.335775
196 0.335775
197 0.335775
198 0.335775
199 0.335775
200 0.335775
201 0.335775
202 0.335775
203 0.335775
204 0.335775
205 0.335775
206 0.335775
207 0.335775
208 0.335775
209 0.335775
210 0.335775
211 0.334225
212 0.334225
213 0.332535
214 0.332535
215 0.332535
216 0.332535
217 0.332535
218 0.332535
219 0.332535
220 0.332535
221 0.333239
222 0.333239
223 0.334507
224 0.334507
225 0.334507
226 0.334789
227 0.334789
228 0.334789
229 0.335634
230 0.335634
231 0.335634
232 0.334225
233 0.334225
234 0.334225
235 0.335915
236 0.335915
237 0.334366
238 0.334366
239 0.334366
240 0.334366
241 0.334366
242 0.334366
243 0.334366
244 0.334366
245 0.334648
246 0.334648
247 0.334648
248 0.334648
249 0.334648
250 0.334648
251 0.334648
252 0.334648
253 0.336338
254 0.336338
255 0.336338
256 0.336338
257 0.336338
258 0.336338
259 0.336338
260 0.336338
261 0.336338
262 0.336338
