0 0
1 0.106505
2 0.152143
3 0.152143
4 0.152143
5 0.202068
6 0.202068
7 0.202068
8 0.223046
9 0.219617
10 0.221785
11 0.233838
12 0.239788
13 0.24947
14 0.255371
15 0.255371
16 0.257035
17 0.24947
18 0.257892
19 0.256682
20 0.256682
21 0.256682
22 0.256682
23 0.256682
24 0.256682
25 0.263187
26 0.263187
27 0.263641
28 0.263641
29 0.263641
30 0.262885
31 0.261674
32 0.261674
33 0.261674
34 0.307564
35 0.307564
36 0.307564
37 0.307564
38 0.307564
39 0.307564
40 0.307564
41 0.305144
42 0.305144
43 0.305144
44 0.305144
45 0.305144
46 0.307867
47 0.307867
48 0.307867
49 0.307867
50 0.307867
51 0.307867
52 0.307867
53 0.307867
54 0.307867
55 0.307867
56 0.325517
57 0.332375
58 0.332375
59 0.332022
60 0.332022
61 0.332022
62 0.332022
63 0.332022
64 0.332022
65 0.332022
66 0.332022
67 0.332022
68 0.332224
69 0.332224
70 0.332224
71 0.332224
72 0.338275
73 0.338275
74 0.338275
75 0.338275
76 0.338275
77 0.33646
78 0.33646
79 0.33056
80 0.333737
81 0.333737
82 0.333737
83 0.333737
84 0.333737
85 0.333737
86 0.332829
87 0.332829
88 0.336006
89 0.336006
90 0.336006
91 0.336006
92 0.336006
93 0.336006
94 0.336006
95 0.336006
96 0.336309
97 0.336611
98 0.336611
99 0.336611
100 0.336611
101 0.34947
102 0.34947
103 0.34947
104 0.34947
105 0.34947
106 0.350378
107 0.350378
108 0.34947
109 0.34947
110 0.35053
111 0.350076
112 0.351135
113 0.351135
114 0.35053
115 0.353101
116 0.353101
117 0.353101
118 0.353101
119 0.353101
120 0.351891
121 0.352042
122 0.352042
123 0.352042
124 0.352042
125 0.351135
126 0.351135
127 0.351135
128 0.351135
129 0.35053
130 0.35053
131 0.35053
132 0.35053
133 0.351891
134 0.351891
135 0.351891
136 0.351891
137 0.351891
138 0.351891
139 0.351891
140 0.35053
141 0.35053
142 0.35053
143 0.35053
144 0.35053
145 0.351135
146 0.351135
147 0.351135
148 0.351135
149 0.351135
150 0.351135
151 0.351135
152 0.351135
153 0.351135
154 0.351135
155 0.351135
156 0.349319
157 0.349319
158 0.349319
159 0.349319
160 0.349319
161 0.349319
162 0.349319
163 0.349319
164 0.349319
165 0.349319
166 0.349319
167 0.349319
168 0.349319
169 0.348714
170 0.34826
171 0.34826
172 0.34826
173 0.34826
174 0.34826
175 0.349773
176 0.349773
177 0.349773
178 0.349773
179 0.349773
180 0.349773
181 0.349773
182 0.349773
183 0.349773
184 0.349773
185 0.349773
186 0.349773
187 0.348714
188 0.348714
189 0.348714
190 0.348714
191 0.348714
192 0.348714
193 0.348714
194 0.348714
195 0.348714
196 0.349168
197 0.349168
198 0.349168
199 0.349168
200 0.349168
201 0.349168
202 0.349168
203 0.349168
204 0.349168
205 0.349168
206 0.349168
207 0.349168
208 0.349168
209 0.349168
210 0.349168
211 0.349168
212 0.349168
213 0.349168
214 0.349168
215 0.349168
216 0.349168
217 0.349168
218 0.349168
219 0.349168
220 0.349168
221 0.349168
222 0.349168
223 0.349168
224 0.349168
225 0.349168
226 0.349168
227 0.349168
228 0.349168
229 0.349168
230 0.349168
231 0.349168
232 0.349168
233 0.349168
234 0.349168
235 0.349168
236 0.349168
237 0.349168
238 0.349168
239 0.349168
240 0.349168
241 0.349168
242 0.349168
243 0.349168
244 0.349017
245 0.349017
246 0.349017
247 0.349017
248 0.349017
249 0.349017
250 0.349017
251 0.349017
252 0.349017
253 0.349017
254 0.349017
255 0.349017
256 0.349017
257 0.349017
258 0.349017
259 0.349017
260 0.349017
261 0.349017
262 0.349017
263 0.349017
264 0.348411
265 0.348411
266 0.348411
267 0.34947
268 0.348714
269 0.348714
270 0.348714
271 0.348714
272 0.349622
273 0.349622
274 0.349622
275 0.349622
276 0.349622
277 0.349622
278 0.34947
279 0.34947
280 0.34947
281 0.34947
282 0.34947
283 0.34947
284 0.34947
285 0.34947
286 0.34947
287 0.34947
288 0.34947
289 0.34947
290 0.34947
291 0.34947
292 0.34947
293 0.34947
294 0.34947
