0 0
1 0.0576955
2 0.142809
3 0.138267
4 0.138267
5 0.212447
6 0.212447
7 0.212447
8 0.237511
9 0.237511
10 0.234987
11 0.243061
12 0.256686
13 0.262405
14 0.266274
15 0.266274
16 0.266442
17 0.266442
18 0.279394
19 0.285282
20 0.285282
21 0.285282
22 0.285282
23 0.285282
24 0.285282
25 0.285114
26 0.285114
27 0.281413
28 0.281413
29 0.281413
30 0.282086
31 0.274348
32 0.274348
33 0.274348
34 0.324474
35 0.324474
36 0.324474
37 0.324474
38 0.324474
39 0.324474
40 0.324474
41 0.327839
42 0.327839
43 0.327839
44 0.327839
45 0.327839
46 0.325315
47 0.325315
48 0.325315
49 0.325315
50 0.325315
51 0.325315
52 0.325315
53 0.325315
54 0.325315
55 0.325315
56 0.339613
57 0.334567
58 0.334567
59 0.334567
60 0.334567
61 0.334567
62 0.334567
63 0.334567
64 0.334567
65 0.334567
66 0.334567
67 0.334567
68 0.347014
69 0.347014
70 0.347014
71 0.347014
72 0.326661
73 0.326661
74 0.326661
75 0.326661
76 0.326661
77 0.348865
78 0.348865
79 0.348528
80 0.351892
81 0.351892
82 0.351892
83 0.352733
84 0.352733
85 0.352733
86 0.356098
87 0.356098
88 0.341968
89 0.341968
90 0.341968
91 0.341968
92 0.341968
93 0.341968
94 0.341968
95 0.341968
96 0.337258
97 0.340622
98 0.340622
99 0.340622
100 0.340622
101 0.360135
102 0.360135
103 0.360135
104 0.360135
105 0.360135
106 0.361985
107 0.361985
108 0.360135
109 0.360135
110 0.361144
111 0.361648
112 0.362489
113 0.362489
114 0.362658
115 0.363331
116 0.363331
117 0.363331
118 0.363331
119 0.363331
120 0.362489
121 0.363331
122 0.363331
123 0.363331
124 0.363331
125 0.362658
126 0.362658
127 0.362658
128 0.362658
129 0.363162
130 0.363162
131 0.363162
132 0.363162
133 0.362658
134 0.362658
135 0.362658
136 0.362658
137 0.362658
138 0.362658
139 0.362658
140 0.377796
141 0.377796
142 0.377796
143 0.377796
144 0.377796
145 0.376451
146 0.376451
147 0.376451
148 0.376451
149 0.376451
150 0.376451
151 0.376451
152 0.376451
153 0.376451
154 0.376451
155 0.376451
156 0.377796
157 0.377796
158 0.377796
159 0.377796
160 0.377796
161 0.377796
162 0.377796
163 0.377796
164 0.377796
165 0.377796
166 0.377796
167 0.377796
168 0.377796
169 0.378301
170 0.378301
171 0.378301
172 0.378301
173 0.378301
174 0.378301
175 0.376619
176 0.376619
177 0.376619
178 0.376619
179 0.376619
180 0.376619
181 0.376619
182 0.376619
183 0.376619
184 0.376619
185 0.376619
186 0.376619
187 0.378301
188 0.378301
189 0.378301
190 0.378301
191 0.378301
192 0.378301
193 0.378301
194 0.378301
195 0.378301
196 0.367536
197 0.367536
198 0.367536
199 0.368209
200 0.368209
201 0.368209
202 0.368209
203 0.368209
204 0.368209
205 0.368209
206 0.368209
207 0.36905
208 0.36905
209 0.36905
210 0.36905
211 0.36905
212 0.36905
213 0.36905
214 0.36905
215 0.36905
216 0.36905
217 0.36905
218 0.36905
219 0.36905
220 0.36905
221 0.367536
222 0.367536
223 0.367536
224 0.367536
225 0.368377
226 0.367536
227 0.367536
228 0.367536
229 0.367536
230 0.367536
231 0.367536
232 0.367536
233 0.367536
234 0.367536
235 0.367536
236 0.367536
237 0.367536
238 0.367536
239 0.367536
240 0.367536
241 0.367536
242 0.367536
243 0.367536
244 0.367536
245 0.367536
246 0.367536
247 0.367536
248 0.367536
249 0.367536
250 0.367536
251 0.367536
252 0.367536
253 0.367536
254 0.367536
255 0.367536
256 0.367536
257 0.367536
258 0.367536
259 0.367536
260 0.367536
261 0.367536
262 0.367536
263 0.367536
264 0.368545
265 0.368545
266 0.368545
267 0.368545
268 0.368545
269 0.368545
270 0.368545
271 0.368545
272 0.368545
273 0.368545
274 0.368545
275 0.368545
276 0.368545
277 0.368545
278 0.368545
279 0.368545
280 0.368545
281 0.368545
282 0.368545
283 0.368545
284 0.368545
285 0.368545
286 0.368545
287 0.368545
288 0.368545
289 0.368545
290 0.368545
291 0.368545
292 0.368545
293 0.368545
294 0.368545
