0 0
1 0.141127
2 0.144659
3 0.139445
4 0.119596
5 0.119428
6 0.185029
7 0.203701
8 0.203701
9 0.201514
10 0.203869
11 0.223549
12 0.223549
13 0.223381
14 0.223381
15 0.226577
16 0.226577
17 0.259714
18 0.259714
19 0.265601
20 0.265601
21 0.273507
22 0.305467
23 0.304458
24 0.304458
25 0.306644
26 0.305635
27 0.305635
28 0.324474
29 0.324474
30 0.324474
31 0.324474
32 0.324474
33 0.324474
34 0.325315
35 0.325315
36 0.325315
37 0.325315
38 0.325315
39 0.325315
40 0.325315
41 0.325315
42 0.325315
43 0.325315
44 0.325315
45 0.325315
46 0.325315
47 0.325315
48 0.325315
49 0.325315
50 0.325315
51 0.325315
52 0.325315
53 0.325315
54 0.325315
55 0.325315
56 0.325315
57 0.325315
58 0.325315
59 0.325315
60 0.325315
61 0.325315
62 0.320101
63 0.320101
64 0.320101
65 0.320101
66 0.33524
67 0.33524
68 0.33524
69 0.33524
70 0.33524
71 0.33524
72 0.33524
73 0.33524
74 0.33524
75 0.355761
76 0.355761
77 0.355761
78 0.355761
79 0.355761
80 0.355761
81 0.364844
82 0.364844
83 0.364844
84 0.364844
85 0.355929
86 0.357275
87 0.357275
88 0.351892
89 0.35778
90 0.35778
91 0.35778
92 0.35778
93 0.361648
94 0.361648
95 0.361648
96 0.361648
97 0.357275
98 0.357107
99 0.356602
100 0.356602
101 0.356602
102 0.356602
103 0.356602
104 0.356602
105 0.356602
106 0.356602
107 0.356602
108 0.360135
109 0.360135
110 0.360135
111 0.355593
112 0.365349
113 0.365349
114 0.365349
115 0.37931
116 0.379983
117 0.379983
118 0.379983
119 0.379983
120 0.379983
121 0.382506
122 0.382506
123 0.377796
124 0.377796
125 0.377796
126 0.377796
127 0.377796
128 0.377796
129 0.377796
130 0.377796
131 0.377796
132 0.377796
133 0.377796
134 0.377796
135 0.377796
136 0.377796
137 0.377796
138 0.377796
139 0.377796
140 0.377796
141 0.377796
142 0.377796
143 0.377796
144 0.377796
145 0.377796
146 0.377796
147 0.377796
148 0.377796
149 0.377796
150 0.377796
151 0.377796
152 0.377796
153 0.377796
154 0.377796
155 0.377796
156 0.377796
157 0.377796
158 0.377796
159 0.377796
160 0.377796
161 0.377796
162 0.377796
163 0.377796
164 0.377796
165 0.377796
166 0.377796
167 0.377796
168 0.377796
169 0.377796
170 0.377796
171 0.377796
172 0.377796
173 0.377796
174 0.377796
175 0.377796
176 0.377796
177 0.377796
178 0.377796
179 0.377796
180 0.377796
181 0.377796
182 0.377796
183 0.377796
184 0.377796
185 0.377965
186 0.377965
187 0.377965
188 0.368545
189 0.368545
190 0.368545
191 0.368545
192 0.368545
193 0.368545
194 0.368545
195 0.368545
196 0.368545
197 0.368545
198 0.368545
199 0.36905
200 0.36905
201 0.36905
202 0.36905
203 0.36905
204 0.36905
205 0.36905
206 0.36905
207 0.36905
208 0.36905
209 0.36905
210 0.36905
211 0.36905
212 0.36905
213 0.36905
214 0.36905
215 0.36905
216 0.36905
217 0.36905
218 0.36905
219 0.36905
220 0.36905
221 0.36905
222 0.36905
223 0.36905
224 0.36905
225 0.36905
226 0.36905
227 0.36905
228 0.36905
229 0.36905
230 0.368881
231 0.368881
232 0.368881
233 0.368881
234 0.36905
235 0.36905
236 0.36905
237 0.36905
238 0.36905
239 0.370059
240 0.370059
241 0.370059
242 0.370059
243 0.370059
244 0.370059
245 0.370059
246 0.370059
247 0.370059
248 0.370059
249 0.36905
250 0.36905
251 0.36905
252 0.36905
253 0.36905
254 0.36905
255 0.36905
256 0.36905
257 0.36905
258 0.36905
259 0.36905
260 0.36905
261 0.36905
262 0.36905
263 0.36905
264 0.36905
265 0.36905
266 0.36905
267 0.36905
268 0.36905
269 0.36905
270 0.36905
271 0.36905
272 0.36905
273 0.36905
274 0.36905
275 0.36905
276 0.36905
277 0.36905
278 0.36905
279 0.36905
280 0.367536
281 0.367536
282 0.367536
283 0.367536
284 0.367536
285 0.367536
286 0.367536
287 0.367536
288 0.367536
289 0.367536
290 0.367536
291 0.367536
292 0.367536
293 0.367536
294 0.367536
295 0.367536
296 0.367199
297 0.367199
298 0.367199
299 0.367199
300 0.367199
301 0.367199
302 0.367199
303 0.368545
304 0.368545
305 0.368545
306 0.368545
307 0.368545
308 0.368545
309 0.368545
310 0.368545
311 0.368545
312 0.368545
313 0.368545
314 0.368545
315 0.368545
316 0.368545
317 0.368545
318 0.368545
319 0.368545
320 0.368545
321 0.368545
322 0.368545
323 0.368545
324 0.368545
325 0.368545
326 0.368545
327 0.368545
328 0.368545
329 0.368545
330 0.368545
331 0.368545
