0 0
1 0.164167
2 0.163333
3 0.159167
4 0.166667
5 0.155
6 0.155
7 0.155
8 0.155
9 0.155
10 0.17
11 0.225
12 0.231667
13 0.2525
14 0.223333
15 0.223333
16 0.223333
17 0.235833
18 0.235833
19 0.251667
20 0.2525
21 0.2525
22 0.2525
23 0.2525
24 0.2525
25 0.183333
26 0.121667
27 0.120833
28 0.138333
29 0.138333
30 0.1475
31 0.1475
32 0.1475
33 0.1475
34 0.1475
35 0.1475
36 0.1475
37 0.1475
38 0.1475
39 0.1475
40 0.1475
41 0.1475
42 0.1475
43 0.1475
44 0.1475
45 0.19
46 0.19
47 0.1975
48 0.1975
49 0.205
50 0.205
51 0.251667
52 0.251667
53 0.251667
54 0.253333
55 0.221667
56 0.184167
57 0.211667
58 0.2125
59 0.2125
60 0.2125
61 0.24
62 0.24
63 0.24
64 0.24
65 0.238333
66 0.238333
67 0.2425
68 0.2475
69 0.2475
70 0.238333
71 0.24
72 0.24
73 0.24
74 0.24
75 0.230833
76 0.230833
77 0.230833
78 0.230833
79 0.230833
80 0.234167
81 0.234167
82 0.234167
83 0.234167
84 0.289167
85 0.289167
86 0.289167
87 0.289167
88 0.289167
89 0.289167
90 0.289167
91 0.289167
92 0.289167
93 0.289167
94 0.289167
95 0.289167
96 0.289167
97 0.289167
98 0.289167
99 0.289167
100 0.289167
101 0.289167
102 0.289167
103 0.289167
104 0.289167
105 0.289167
106 0.288333
107 0.288333
108 0.288333
109 0.288333
110 0.289167
111 0.289167
112 0.289167
113 0.289167
114 0.289167
115 0.289167
116 0.289167
117 0.289167
118 0.289167
119 0.289167
120 0.289167
121 0.289167
122 0.289167
123 0.289167
124 0.289167
125 0.289167
126 0.289167
127 0.289167
128 0.289167
129 0.289167
130 0.289167
131 0.289167
132 0.289167
133 0.289167
134 0.289167
135 0.289167
136 0.289167
137 0.289167
138 0.289167
139 0.289167
140 0.289167
141 0.289167
142 0.289167
143 0.289167
144 0.289167
145 0.289167
146 0.289167
147 0.289167
148 0.289167
149 0.289167
150 0.289167
151 0.289167
152 0.289167
153 0.289167
154 0.289167
155 0.289167
156 0.289167
157 0.289167
158 0.289167
159 0.289167
160 0.289167
161 0.289167
162 0.289167
163 0.289167
164 0.289167
165 0.300833
166 0.300833
167 0.300833
168 0.300833
169 0.300833
170 0.300833
171 0.300833
172 0.300833
173 0.289167
174 0.289167
175 0.289167
176 0.289167
177 0.289167
178 0.289167
179 0.289167
180 0.289167
181 0.289167
182 0.300833
183 0.300833
184 0.300833
185 0.3025
186 0.3025
187 0.3025
188 0.3025
189 0.3025
190 0.3025
191 0.3025
192 0.3025
193 0.3025
194 0.3025
195 0.3025
196 0.3025
197 0.3025
198 0.3025
199 0.300833
200 0.300833
201 0.300833
202 0.300833
203 0.300833
204 0.300833
205 0.300833
206 0.300833
207 0.300833
208 0.300833
209 0.300833
210 0.300833
211 0.300833
212 0.300833
213 0.300833
214 0.300833
215 0.300833
216 0.300833
217 0.300833
218 0.300833
219 0.300833
220 0.300833
221 0.300833
222 0.300833
223 0.300833
224 0.300833
225 0.300833
226 0.300833
227 0.300833
228 0.300833
229 0.300833
230 0.300833
231 0.300833
232 0.300833
233 0.300833
234 0.300833
235 0.300833
236 0.300833
237 0.300833
238 0.300833
239 0.300833
240 0.300833
241 0.300833
242 0.300833
243 0.300833
244 0.300833
245 0.291667
246 0.291667
247 0.291667
248 0.291667
249 0.291667
250 0.291667
251 0.291667
252 0.291667
253 0.2875
254 0.291667
255 0.291667
256 0.291667
257 0.291667
258 0.291667
259 0.291667
260 0.291667
261 0.291667
262 0.291667
263 0.291667
264 0.291667
265 0.291667
266 0.291667
267 0.291667
268 0.291667
269 0.291667
270 0.291667
271 0.291667
272 0.291667
273 0.291667
274 0.291667
275 0.291667
276 0.291667
277 0.291667
278 0.291667
279 0.291667
