0 0
1 0.145
2 0.146667
3 0.148333
4 0.148333
5 0.205
6 0.205
7 0.205
8 0.19
9 0.189167
10 0.189167
11 0.189167
12 0.0466667
13 0.0666667
14 0.0508333
15 0.115833
16 0.0525
17 0.135833
18 0.135833
19 0.150833
20 0.150833
21 0.0625
22 0.0625
23 0.0625
24 0.0625
25 0.0625
26 0.0625
27 0.0591667
28 0.0616667
29 0.0616667
30 0.0616667
31 0.0616667
32 0.0616667
33 0.0616667
34 0.0616667
35 0.0616667
36 0.0616667
37 0.0566667
38 0.0716667
39 0.0716667
40 0.0716667
41 0.06
42 0.0666667
43 0.1925
44 0.1925
45 0.1925
46 0.1925
47 0.1925
48 0.1925
49 0.200833
50 0.200833
51 0.200833
52 0.2575
53 0.2575
54 0.2575
55 0.2875
56 0.2875
57 0.2875
58 0.2875
59 0.213333
60 0.213333
61 0.213333
62 0.295
63 0.295
64 0.291667
65 0.291667
66 0.291667
67 0.291667
68 0.3
69 0.3
70 0.3
71 0.3
72 0.3
73 0.295833
74 0.295833
75 0.295833
76 0.295833
77 0.295833
78 0.291667
79 0.291667
80 0.291667
81 0.283333
82 0.283333
83 0.283333
84 0.289167
85 0.289167
86 0.289167
87 0.289167
88 0.289167
89 0.289167
90 0.289167
91 0.289167
92 0.289167
93 0.289167
94 0.289167
95 0.289167
96 0.289167
97 0.289167
98 0.288333
99 0.288333
100 0.288333
101 0.288333
102 0.288333
103 0.288333
104 0.288333
105 0.288333
106 0.288333
107 0.288333
108 0.288333
109 0.288333
110 0.288333
111 0.288333
112 0.288333
113 0.288333
114 0.288333
115 0.288333
116 0.288333
117 0.288333
118 0.289167
119 0.289167
120 0.289167
121 0.288333
122 0.288333
123 0.288333
124 0.288333
125 0.289167
126 0.289167
127 0.289167
128 0.289167
129 0.289167
130 0.289167
131 0.289167
132 0.289167
133 0.289167
134 0.289167
135 0.289167
136 0.289167
137 0.289167
138 0.289167
139 0.289167
140 0.289167
141 0.289167
142 0.289167
143 0.289167
144 0.289167
145 0.289167
146 0.289167
147 0.289167
148 0.289167
149 0.289167
150 0.2925
151 0.2925
152 0.2925
153 0.2925
154 0.2925
155 0.2925
156 0.289167
157 0.289167
158 0.289167
159 0.289167
160 0.289167
161 0.289167
162 0.289167
163 0.289167
164 0.289167
165 0.289167
166 0.289167
167 0.289167
168 0.289167
169 0.289167
170 0.289167
171 0.289167
172 0.289167
173 0.289167
174 0.289167
175 0.289167
176 0.289167
177 0.289167
178 0.289167
179 0.289167
180 0.289167
181 0.300833
182 0.300833
183 0.300833
184 0.300833
185 0.300833
186 0.300833
187 0.300833
188 0.300833
189 0.300833
190 0.300833
191 0.300833
192 0.300833
193 0.300833
194 0.300833
195 0.300833
196 0.300833
197 0.300833
198 0.300833
199 0.300833
200 0.300833
201 0.300833
202 0.300833
203 0.300833
204 0.300833
205 0.300833
206 0.300833
207 0.300833
208 0.300833
209 0.300833
210 0.300833
211 0.300833
212 0.300833
213 0.300833
214 0.300833
215 0.300833
216 0.300833
217 0.300833
218 0.300833
219 0.300833
220 0.300833
221 0.300833
222 0.300833
223 0.300833
224 0.300833
225 0.300833
226 0.300833
227 0.300833
228 0.300833
229 0.300833
230 0.300833
231 0.300833
232 0.300833
233 0.300833
234 0.300833
235 0.300833
236 0.300833
237 0.300833
238 0.300833
239 0.300833
240 0.300833
241 0.300833
242 0.300833
243 0.300833
244 0.300833
245 0.300833
246 0.300833
247 0.300833
248 0.300833
249 0.300833
250 0.300833
251 0.300833
252 0.300833
253 0.300833
254 0.300833
255 0.300833
256 0.300833
257 0.300833
258 0.300833
259 0.300833
260 0.300833
261 0.300833
262 0.300833
263 0.300833
264 0.300833
265 0.300833
266 0.300833
267 0.300833
268 0.300833
269 0.300833
270 0.300833
271 0.300833
272 0.300833
273 0.300833
274 0.300833
275 0.300833
276 0.300833
277 0.300833
278 0.300833
279 0.300833
280 0.300833
281 0.300833
282 0.300833
283 0.300833
284 0.291667
285 0.291667
286 0.291667
287 0.291667
288 0.291667
289 0.291667
290 0.291667
291 0.291667
292 0.2875
293 0.2875
294 0.2875
295 0.2875
296 0.2875
297 0.2875
298 0.2875
299 0.2875
300 0.2875
301 0.2875
302 0.2875
303 0.2875
304 0.2875
305 0.2875
306 0.2875
307 0.291667
308 0.291667
309 0.291667
310 0.291667
311 0.291667
312 0.291667
313 0.291667
314 0.291667
315 0.291667
316 0.291667
317 0.291667
318 0.291667
