0 0
1 0.15169
2 0.15169
3 0.15169
4 0.19493
5 0.197746
6 0.20169
7 0.20169
8 0.227746
9 0.229859
10 0.232113
11 0.232254
12 0.232254
13 0.228873
14 0.238028
15 0.238028
16 0.238028
17 0.238028
18 0.238028
19 0.237324
20 0.237324
21 0.237324
22 0.238028
23 0.238028
24 0.238028
25 0.237324
26 0.237324
27 0.239577
28 0.239577
29 0.239577
30 0.239577
31 0.238873
32 0.238873
33 0.238873
34 0.238873
35 0.238873
36 0.238873
37 0.251972
38 0.25169
39 0.326197
40 0.326197
41 0.326197
42 0.326197
43 0.326197
44 0.326197
45 0.328592
46 0.328592
47 0.328592
48 0.338732
49 0.338732
50 0.338732
51 0.338732
52 0.340563
53 0.340563
54 0.340423
55 0.340423
56 0.340423
57 0.340423
58 0.340563
59 0.340563
60 0.339437
61 0.339437
62 0.339437
63 0.339437
64 0.340845
65 0.340845
66 0.34169
67 0.34169
68 0.34169
69 0.341972
70 0.341972
71 0.341972
72 0.341972
73 0.341972
74 0.341972
75 0.341972
76 0.341972
77 0.340141
78 0.340141
79 0.340141
80 0.340141
81 0.340141
82 0.350563
83 0.350563
84 0.350563
85 0.350563
86 0.350563
87 0.350563
88 0.350563
89 0.350563
90 0.350563
91 0.350563
92 0.350563
93 0.350563
94 0.350563
95 0.350563
96 0.350563
97 0.350563
98 0.350563
99 0.350563
100 0.350563
101 0.350563
102 0.350563
103 0.350563
104 0.350563
105 0.350563
106 0.350563
107 0.350563
108 0.350563
109 0.350563
110 0.351972
111 0.351972
112 0.355634
113 0.355634
114 0.355634
115 0.355634
116 0.351127
117 0.33831
118 0.33831
119 0.33831
120 0.33831
121 0.33831
122 0.33831
123 0.33831
124 0.33831
125 0.33831
126 0.33831
127 0.33831
128 0.33831
129 0.33831
130 0.33831
131 0.33831
132 0.33831
133 0.33831
134 0.33831
135 0.33831
136 0.33831
137 0.33831
138 0.33831
139 0.33831
140 0.33831
141 0.33831
142 0.33831
143 0.33831
144 0.338169
145 0.337887
146 0.337887
147 0.337887
148 0.337887
149 0.338028
150 0.338028
151 0.338028
152 0.338028
153 0.338028
154 0.337887
155 0.337887
156 0.337887
157 0.337887
158 0.337887
159 0.337887
160 0.337887
161 0.337887
162 0.337887
163 0.337887
164 0.336901
165 0.336901
166 0.336901
167 0.336338
168 0.336338
169 0.336338
170 0.337042
171 0.337042
172 0.337042
173 0.337042
174 0.337042
175 0.337042
176 0.337042
177 0.337042
178 0.337042
179 0.337183
180 0.337183
181 0.337183
182 0.337183
183 0.337183
184 0.337183
185 0.337183
186 0.337183
187 0.337183
188 0.336197
189 0.337606
190 0.337606
191 0.337606
192 0.337606
193 0.337606
194 0.337606
195 0.337606
196 0.337606
197 0.337606
198 0.337606
199 0.337606
200 0.337606
201 0.337606
202 0.337606
203 0.337606
204 0.337606
205 0.337606
206 0.337606
207 0.337606
208 0.337606
209 0.33831
210 0.33831
211 0.33831
212 0.33831
213 0.33831
214 0.33831
215 0.33831
216 0.33831
217 0.33831
218 0.335211
219 0.335211
220 0.335211
221 0.33507
222 0.33507
223 0.335211
224 0.335211
225 0.335211
226 0.335211
227 0.335211
228 0.335211
229 0.335211
230 0.335211
231 0.335211
232 0.336197
233 0.336197
234 0.336197
235 0.336197
236 0.33662
237 0.33662
238 0.33662
239 0.33662
240 0.334789
241 0.334789
242 0.334789
243 0.334789
244 0.334789
245 0.334789
246 0.334789
247 0.334789
248 0.334789
249 0.336056
250 0.336056
251 0.336056
252 0.336056
253 0.336056
254 0.336056
255 0.336056
256 0.336056
257 0.336056
258 0.336056
259 0.336056
260 0.336056
261 0.334789
262 0.334789
263 0.334789
264 0.334789
265 0.334789
266 0.334789
267 0.335352
268 0.335352
269 0.334085
270 0.334085
271 0.334085
272 0.334085
273 0.334085
274 0.334085
275 0.334085
276 0.334085
277 0.334085
278 0.334225
279 0.334225
280 0.334225
281 0.33338
282 0.334789
283 0.334789
284 0.334789
285 0.334789
286 0.334789
287 0.334789
288 0.334789
289 0.334789
290 0.334789
291 0.334789
292 0.334789
293 0.334789
294 0.334789
