0 0
1 0.148966
2 0.149269
3 0.152748
4 0.149773
5 0.150227
6 0.201967
7 0.21407
8 0.21407
9 0.213313
10 0.214221
11 0.217247
12 0.217247
13 0.229198
14 0.230862
15 0.239032
16 0.239032
17 0.247958
18 0.247958
19 0.254917
20 0.254917
21 0.253404
22 0.305396
23 0.304186
24 0.304186
25 0.30711
26 0.307716
27 0.307716
28 0.307716
29 0.307716
30 0.307716
31 0.307564
32 0.307564
33 0.307564
34 0.308018
35 0.308018
36 0.308018
37 0.308018
38 0.308018
39 0.308018
40 0.308018
41 0.308018
42 0.308018
43 0.308018
44 0.308018
45 0.307564
46 0.307564
47 0.308018
48 0.308018
49 0.308018
50 0.308018
51 0.308018
52 0.308018
53 0.308018
54 0.308018
55 0.307564
56 0.307564
57 0.307564
58 0.307564
59 0.307564
60 0.307564
61 0.307564
62 0.340797
63 0.340797
64 0.340797
65 0.340797
66 0.32829
67 0.32829
68 0.32829
69 0.32829
70 0.32829
71 0.32829
72 0.32829
73 0.32829
74 0.32829
75 0.339183
76 0.339183
77 0.339486
78 0.339486
79 0.339486
80 0.339486
81 0.344478
82 0.344478
83 0.344478
84 0.344478
85 0.350983
86 0.339637
87 0.339637
88 0.349622
89 0.341604
90 0.341604
91 0.341604
92 0.341604
93 0.343116
94 0.343116
95 0.343116
96 0.343116
97 0.343116
98 0.343116
99 0.342965
100 0.342965
101 0.342965
102 0.342965
103 0.342965
104 0.342965
105 0.342965
106 0.342965
107 0.342965
108 0.34357
109 0.34357
110 0.34357
111 0.344024
112 0.34584
113 0.34584
114 0.34584
115 0.35053
116 0.349924
117 0.349924
118 0.349924
119 0.349924
120 0.349924
121 0.350227
122 0.350227
123 0.35053
124 0.35053
125 0.351286
126 0.351286
127 0.35053
128 0.35053
129 0.35053
130 0.351286
131 0.351286
132 0.351286
133 0.351286
134 0.351286
135 0.351286
136 0.351286
137 0.351286
138 0.351286
139 0.350076
140 0.350076
141 0.350076
142 0.350076
143 0.350076
144 0.350076
145 0.350076
146 0.350076
147 0.350076
148 0.350076
149 0.350076
150 0.350076
151 0.350076
152 0.350076
153 0.350076
154 0.350076
155 0.350076
156 0.350076
157 0.350076
158 0.349319
159 0.349319
160 0.349319
161 0.349319
162 0.349319
163 0.349319
164 0.349319
165 0.349319
166 0.349319
167 0.349319
168 0.349319
169 0.349319
170 0.349319
171 0.34947
172 0.34947
173 0.34947
174 0.34947
175 0.34947
176 0.34947
177 0.34947
178 0.34947
179 0.34947
180 0.350378
181 0.350378
182 0.350378
183 0.350378
184 0.350378
185 0.349622
186 0.349622
187 0.349622
188 0.349168
189 0.349168
190 0.349168
191 0.349168
192 0.349168
193 0.349168
194 0.349168
195 0.349168
196 0.349168
197 0.349168
198 0.349168
199 0.34826
200 0.34826
201 0.34826
202 0.34826
203 0.34826
204 0.34826
205 0.34826
206 0.34826
207 0.34826
208 0.34826
209 0.34826
210 0.34826
211 0.34826
212 0.34826
213 0.34826
214 0.34826
215 0.34826
216 0.34826
217 0.34826
218 0.34826
219 0.34826
220 0.34826
221 0.34826
222 0.34826
223 0.34826
224 0.34826
225 0.34826
226 0.34826
227 0.34826
228 0.34826
229 0.34826
230 0.347504
231 0.347504
232 0.347504
233 0.347504
234 0.34826
235 0.34826
236 0.34826
237 0.34826
238 0.34826
239 0.348563
240 0.348563
241 0.348563
242 0.348563
243 0.348563
244 0.348563
245 0.348563
246 0.348563
247 0.348563
248 0.348563
249 0.348563
250 0.348563
251 0.348563
252 0.348563
253 0.348563
254 0.348563
255 0.348563
256 0.348563
257 0.348563
258 0.348563
259 0.348563
260 0.348563
261 0.348563
262 0.348563
263 0.349017
264 0.349017
265 0.349017
266 0.348563
267 0.348563
268 0.348563
269 0.348563
270 0.348563
271 0.349017
272 0.349017
273 0.349017
274 0.348563
275 0.348563
276 0.348563
277 0.348563
278 0.348563
279 0.348563
280 0.349168
281 0.349168
282 0.349168
283 0.349168
284 0.349168
285 0.349017
286 0.349017
287 0.349017
288 0.349017
289 0.349017
290 0.349017
291 0.349017
292 0.349017
293 0.349017
294 0.349017
295 0.349017
296 0.348411
297 0.348411
298 0.348411
299 0.348411
300 0.348411
301 0.348411
302 0.348714
303 0.34947
304 0.34947
305 0.34947
306 0.34947
307 0.34947
308 0.34947
309 0.34947
310 0.348865
311 0.348865
312 0.348865
313 0.348865
314 0.349622
315 0.349622
316 0.348865
317 0.348865
318 0.348865
319 0.348865
320 0.348865
321 0.348865
322 0.348865
323 0.348865
324 0.348865
325 0.348865
326 0.348865
327 0.348865
328 0.348865
329 0.348865
330 0.348865
331 0.348865
