0 0
1 0.258065
2 0.277419
3 0.270968
4 0.264516
5 0.258065
6 0.225806
7 0.225806
8 0.251613
9 0.322581
10 0.322581
11 0.322581
12 0.322581
13 0.322581
14 0.322581
15 0.36129
16 0.329032
17 0.36129
18 0.393548
19 0.23871
20 0.23871
21 0.23871
22 0.264516
23 0.23871
24 0.264516
25 0.264516
26 0.264516
27 0.23871
28 0.290323
29 0.264516
30 0.264516
31 0.335484
32 0.335484
33 0.335484
34 0.335484
35 0.23871
36 0.23871
37 0.23871
38 0.23871
39 0.23871
40 0.23871
41 0.23871
42 0.283871
43 0.283871
44 0.283871
45 0.283871
46 0.283871
47 0.283871
48 0.283871
49 0.283871
50 0.225806
51 0.225806
52 0.251613
53 0.251613
54 0.225806
55 0.225806
56 0.225806
57 0.225806
58 0.225806
59 0.225806
60 0.283871
61 0.283871
62 0.283871
63 0.283871
64 0.283871
65 0.316129
66 0.316129
67 0.316129
68 0.316129
69 0.316129
70 0.251613
71 0.303226
72 0.303226
73 0.303226
74 0.303226
75 0.303226
76 0.303226
77 0.303226
78 0.329032
79 0.329032
80 0.329032
81 0.329032
82 0.329032
83 0.329032
84 0.329032
85 0.329032
86 0.329032
87 0.329032
88 0.329032
89 0.329032
90 0.329032
91 0.329032
92 0.329032
93 0.329032
94 0.329032
95 0.329032
96 0.329032
97 0.329032
98 0.329032
99 0.367742
100 0.367742
101 0.367742
102 0.367742
103 0.367742
104 0.367742
105 0.367742
106 0.367742
107 0.367742
108 0.367742
109 0.367742
110 0.367742
111 0.367742
112 0.367742
113 0.367742
114 0.367742
115 0.367742
116 0.367742
117 0.367742
118 0.367742
119 0.367742
120 0.367742
121 0.367742
122 0.367742
123 0.367742
124 0.335484
125 0.335484
126 0.335484
127 0.335484
128 0.335484
129 0.335484
130 0.335484
131 0.335484
132 0.335484
133 0.335484
134 0.335484
135 0.335484
136 0.335484
137 0.335484
138 0.335484
139 0.335484
140 0.335484
141 0.335484
142 0.335484
143 0.335484
144 0.335484
145 0.335484
146 0.335484
147 0.335484
148 0.335484
149 0.335484
150 0.335484
151 0.335484
152 0.335484
153 0.335484
154 0.335484
155 0.335484
156 0.335484
157 0.335484
158 0.335484
159 0.335484
160 0.335484
161 0.335484
162 0.335484
163 0.335484
164 0.335484
165 0.335484
166 0.335484
167 0.335484
168 0.335484
169 0.335484
170 0.335484
171 0.335484
172 0.335484
173 0.335484
174 0.335484
175 0.335484
176 0.335484
177 0.335484
178 0.335484
179 0.335484
180 0.335484
181 0.335484
182 0.335484
183 0.335484
184 0.335484
185 0.335484
186 0.335484
187 0.335484
188 0.335484
189 0.335484
190 0.335484
191 0.335484
192 0.335484
193 0.335484
194 0.335484
195 0.335484
196 0.335484
197 0.335484
198 0.335484
199 0.335484
200 0.335484
201 0.335484
202 0.335484
203 0.335484
204 0.335484
205 0.335484
206 0.335484
207 0.335484
208 0.335484
209 0.335484
210 0.335484
211 0.335484
212 0.335484
213 0.322581
214 0.322581
215 0.322581
216 0.322581
217 0.322581
218 0.322581
219 0.322581
220 0.322581
221 0.322581
222 0.322581
223 0.322581
224 0.322581
225 0.322581
226 0.322581
227 0.322581
228 0.322581
229 0.322581
230 0.322581
231 0.322581
232 0.322581
233 0.322581
234 0.322581
235 0.322581
236 0.322581
237 0.322581
238 0.322581
239 0.322581
240 0.322581
241 0.322581
242 0.322581
243 0.322581
244 0.322581
245 0.322581
246 0.322581
247 0.322581
248 0.322581
249 0.322581
250 0.322581
251 0.322581
252 0.322581
253 0.322581
254 0.322581
255 0.322581
256 0.322581
257 0.322581
258 0.322581
259 0.322581
260 0.322581
261 0.322581
262 0.322581
263 0.322581
264 0.322581
265 0.322581
266 0.322581
267 0.322581
268 0.322581
269 0.322581
270 0.322581
271 0.322581
272 0.322581
273 0.322581
274 0.322581
275 0.322581
276 0.322581
277 0.322581
278 0.322581
279 0.322581
280 0.322581
281 0.322581
282 0.322581
283 0.322581
284 0.322581
285 0.322581
286 0.322581
287 0.322581
288 0.322581
289 0.322581
290 0.322581
291 0.322581
292 0.322581
293 0.322581
294 0.322581
295 0.322581
296 0.322581
297 0.322581
298 0.322581
299 0.322581
300 0.322581
301 0.322581
302 0.322581
303 0.322581
304 0.322581
305 0.322581
306 0.322581
307 0.322581
308 0.322581
309 0.322581
310 0.322581
311 0.322581
