0 0
1 0.169167
2 0.165
3 0.163333
4 0.1625
5 0.116667
6 0.124167
7 0.1675
8 0.19
9 0.2525
10 0.26
11 0.26
12 0.26
13 0.26
14 0.26
15 0.206667
16 0.225833
17 0.240833
18 0.2525
19 0.163333
20 0.163333
21 0.163333
22 0.1475
23 0.163333
24 0.149167
25 0.149167
26 0.149167
27 0.163333
28 0.176667
29 0.1575
30 0.1575
31 0.2325
32 0.2325
33 0.2325
34 0.2325
35 0.183333
36 0.183333
37 0.183333
38 0.183333
39 0.185
40 0.185
41 0.185
42 0.1925
43 0.1925
44 0.1925
45 0.1925
46 0.1925
47 0.200833
48 0.200833
49 0.200833
50 0.200833
51 0.200833
52 0.2075
53 0.2075
54 0.191667
55 0.191667
56 0.191667
57 0.191667
58 0.191667
59 0.191667
60 0.2
61 0.195
62 0.195
63 0.2
64 0.2
65 0.185833
66 0.185833
67 0.185833
68 0.185833
69 0.185833
70 0.188333
71 0.19
72 0.19
73 0.19
74 0.194167
75 0.181667
76 0.181667
77 0.181667
78 0.259167
79 0.259167
80 0.259167
81 0.259167
82 0.259167
83 0.259167
84 0.259167
85 0.259167
86 0.259167
87 0.259167
88 0.259167
89 0.259167
90 0.259167
91 0.259167
92 0.259167
93 0.259167
94 0.259167
95 0.259167
96 0.259167
97 0.259167
98 0.259167
99 0.294167
100 0.294167
101 0.294167
102 0.294167
103 0.294167
104 0.294167
105 0.294167
106 0.294167
107 0.294167
108 0.294167
109 0.294167
110 0.294167
111 0.294167
112 0.294167
113 0.294167
114 0.294167
115 0.294167
116 0.294167
117 0.294167
118 0.294167
119 0.294167
120 0.294167
121 0.294167
122 0.294167
123 0.294167
124 0.289167
125 0.289167
126 0.289167
127 0.289167
128 0.289167
129 0.289167
130 0.289167
131 0.289167
132 0.289167
133 0.289167
134 0.289167
135 0.289167
136 0.289167
137 0.289167
138 0.289167
139 0.289167
140 0.289167
141 0.289167
142 0.289167
143 0.289167
144 0.289167
145 0.289167
146 0.289167
147 0.289167
148 0.289167
149 0.289167
150 0.289167
151 0.289167
152 0.289167
153 0.289167
154 0.289167
155 0.289167
156 0.289167
157 0.289167
158 0.289167
159 0.289167
160 0.289167
161 0.289167
162 0.289167
163 0.289167
164 0.289167
165 0.289167
166 0.289167
167 0.289167
168 0.289167
169 0.289167
170 0.289167
171 0.289167
172 0.289167
173 0.289167
174 0.289167
175 0.289167
176 0.289167
177 0.289167
178 0.289167
179 0.289167
180 0.289167
181 0.289167
182 0.300833
183 0.300833
184 0.300833
185 0.300833
186 0.300833
187 0.300833
188 0.300833
189 0.300833
190 0.300833
191 0.300833
192 0.300833
193 0.300833
194 0.300833
195 0.300833
196 0.300833
197 0.300833
198 0.300833
199 0.300833
200 0.300833
201 0.300833
202 0.300833
203 0.300833
204 0.300833
205 0.300833
206 0.300833
207 0.300833
208 0.300833
209 0.300833
210 0.300833
211 0.300833
212 0.300833
213 0.300833
214 0.300833
215 0.300833
216 0.300833
217 0.300833
218 0.300833
219 0.300833
220 0.300833
221 0.300833
222 0.300833
223 0.300833
224 0.300833
225 0.300833
226 0.300833
227 0.300833
228 0.300833
229 0.300833
230 0.300833
231 0.300833
232 0.300833
233 0.300833
234 0.300833
235 0.300833
236 0.300833
237 0.300833
238 0.300833
239 0.300833
240 0.300833
241 0.300833
242 0.300833
243 0.300833
244 0.300833
245 0.300833
246 0.300833
247 0.300833
248 0.300833
249 0.300833
250 0.300833
251 0.300833
252 0.300833
253 0.300833
254 0.300833
255 0.300833
256 0.300833
257 0.300833
258 0.300833
259 0.300833
260 0.300833
261 0.300833
262 0.300833
263 0.300833
264 0.300833
265 0.300833
266 0.300833
267 0.300833
268 0.300833
269 0.300833
270 0.300833
271 0.300833
272 0.300833
273 0.300833
274 0.300833
275 0.300833
276 0.300833
277 0.300833
278 0.300833
279 0.300833
280 0.301667
281 0.301667
282 0.300833
283 0.300833
284 0.300833
285 0.300833
286 0.300833
287 0.300833
288 0.300833
289 0.301667
290 0.301667
291 0.301667
292 0.291667
293 0.291667
294 0.291667
295 0.291667
296 0.291667
297 0.291667
298 0.291667
299 0.291667
300 0.291667
301 0.291667
302 0.291667
303 0.291667
304 0.291667
305 0.291667
306 0.291667
307 0.291667
308 0.291667
309 0.291667
310 0.291667
311 0.291667
