0 0
1 0.197645
2 0.197645
3 0.197645
4 0.197813
5 0.20471
6 0.20471
7 0.203869
8 0.207569
9 0.210765
10 0.207065
11 0.207065
12 0.207065
13 0.280908
14 0.280908
15 0.280908
16 0.280908
17 0.278049
18 0.273844
19 0.278553
20 0.279226
21 0.279226
22 0.280067
23 0.280067
24 0.280404
25 0.281245
26 0.281245
27 0.281245
28 0.280404
29 0.280404
30 0.282927
31 0.282927
32 0.282927
33 0.324474
34 0.324474
35 0.305803
36 0.305803
37 0.334567
38 0.334567
39 0.334567
40 0.334567
41 0.334567
42 0.334567
43 0.334567
44 0.32868
45 0.32868
46 0.32868
47 0.32868
48 0.32868
49 0.32868
50 0.32868
51 0.32868
52 0.349874
53 0.349874
54 0.33524
55 0.33524
56 0.33524
57 0.33524
58 0.33524
59 0.33524
60 0.33524
61 0.33524
62 0.33524
63 0.341968
64 0.339108
65 0.339108
66 0.339108
67 0.339108
68 0.339108
69 0.342641
70 0.338772
71 0.338772
72 0.343314
73 0.343314
74 0.343314
75 0.351892
76 0.351892
77 0.361648
78 0.361648
79 0.361648
80 0.361648
81 0.361648
82 0.361985
83 0.364844
84 0.364844
85 0.364844
86 0.364844
87 0.364844
88 0.364844
89 0.364844
90 0.364844
91 0.364844
92 0.364844
93 0.364844
94 0.364844
95 0.364844
96 0.364844
97 0.364844
98 0.364844
99 0.364844
100 0.364844
101 0.364844
102 0.364844
103 0.363835
104 0.364844
105 0.365181
106 0.365181
107 0.365181
108 0.365181
109 0.365181
110 0.365181
111 0.365181
112 0.365181
113 0.365181
114 0.365181
115 0.364844
116 0.377796
117 0.377796
118 0.377796
119 0.377796
120 0.376955
121 0.376955
122 0.376955
123 0.376955
124 0.376955
125 0.376955
126 0.376955
127 0.376955
128 0.376955
129 0.376955
130 0.376955
131 0.376955
132 0.376955
133 0.376955
134 0.376955
135 0.376955
136 0.376955
137 0.376955
138 0.376955
139 0.376955
140 0.376955
141 0.376955
142 0.376955
143 0.376955
144 0.376955
145 0.376955
146 0.376955
147 0.376955
148 0.376955
149 0.376955
150 0.376955
151 0.376955
152 0.376955
153 0.376955
154 0.376955
155 0.376955
156 0.378638
157 0.378638
158 0.378638
159 0.378638
160 0.378638
161 0.378638
162 0.378638
163 0.378638
164 0.378638
165 0.368545
166 0.368545
167 0.368545
168 0.368545
169 0.368545
170 0.368545
171 0.368545
172 0.367536
173 0.367536
174 0.367536
175 0.367536
176 0.367536
177 0.367536
178 0.367536
179 0.367536
180 0.367536
181 0.367536
182 0.367536
183 0.367536
184 0.367536
185 0.367536
186 0.367536
187 0.367536
188 0.367536
189 0.367536
190 0.367536
191 0.367536
192 0.367536
193 0.367536
194 0.368209
195 0.368209
196 0.368209
197 0.368209
198 0.368209
199 0.368209
200 0.368209
201 0.368209
202 0.368209
203 0.368209
204 0.368209
205 0.368209
206 0.367536
207 0.367536
208 0.367536
209 0.367536
210 0.367536
211 0.367536
212 0.367536
213 0.367536
214 0.367536
215 0.367536
216 0.367536
217 0.366695
218 0.367536
219 0.366695
220 0.368713
221 0.368713
222 0.368377
223 0.368377
224 0.368377
225 0.368377
226 0.368377
227 0.368377
228 0.368377
229 0.368377
230 0.368377
231 0.368377
232 0.368377
233 0.368377
234 0.368377
235 0.368377
236 0.368377
237 0.368377
238 0.368377
239 0.368377
240 0.368377
241 0.368377
242 0.368377
243 0.368377
244 0.367536
245 0.367536
246 0.367536
247 0.367536
248 0.367536
249 0.367536
250 0.367536
251 0.367536
252 0.367536
253 0.371741
254 0.371741
255 0.371741
256 0.371741
257 0.371741
258 0.371741
259 0.371741
260 0.371741
261 0.370395
262 0.370395
263 0.370395
264 0.370395
265 0.370395
266 0.370395
267 0.370395
268 0.368545
269 0.368545
270 0.368545
271 0.368545
272 0.368545
273 0.368545
274 0.368545
275 0.368545
276 0.36905
277 0.36905
278 0.36905
279 0.36905
280 0.36905
281 0.36905
282 0.36905
283 0.369386
284 0.369722
285 0.369386
286 0.369386
287 0.369386
288 0.369386
289 0.369386
290 0.369386
291 0.369386
292 0.369386
