0 0
1 0.146382
2 0.219109
3 0.218924
4 0.218924
5 0.219109
6 0.219295
7 0.256772
8 0.23692
9 0.23692
10 0.237848
11 0.236178
12 0.270872
13 0.270872
14 0.269202
15 0.270686
16 0.270686
17 0.273655
18 0.273655
19 0.272913
20 0.272913
21 0.276067
22 0.153803
23 0.153803
24 0.153803
25 0.153803
26 0.153803
27 0.153803
28 0.181818
29 0.246568
30 0.176252
31 0.161781
32 0.167532
33 0.171429
34 0.288312
35 0.288312
36 0.288312
37 0.319852
38 0.319852
39 0.315213
40 0.315213
41 0.315213
42 0.315213
43 0.311503
44 0.309276
45 0.307792
46 0.307792
47 0.307792
48 0.291837
49 0.291837
50 0.291837
51 0.291837
52 0.291837
53 0.299072
54 0.299072
55 0.299072
56 0.299072
57 0.299072
58 0.299072
59 0.299072
60 0.299072
61 0.302041
62 0.302041
63 0.302041
64 0.302041
65 0.302041
66 0.302041
67 0.302041
68 0.302041
69 0.302041
70 0.302041
71 0.302041
72 0.302041
73 0.302041
74 0.303154
75 0.303154
76 0.303154
77 0.303154
78 0.303154
79 0.303154
80 0.297774
81 0.297774
82 0.297774
83 0.298145
84 0.298145
85 0.298145
86 0.298145
87 0.298145
88 0.298145
89 0.298145
90 0.300742
91 0.31744
92 0.312616
93 0.320037
94 0.320037
95 0.320037
96 0.320037
97 0.320037
98 0.323377
99 0.342301
100 0.342301
101 0.342301
102 0.342301
103 0.343785
104 0.343785
105 0.343785
106 0.343785
107 0.350278
108 0.328942
109 0.328942
110 0.328942
111 0.328942
112 0.328942
113 0.328942
114 0.328942
115 0.328942
116 0.328942
117 0.328942
118 0.328942
119 0.328942
120 0.328942
121 0.319852
122 0.319852
123 0.319852
124 0.319852
125 0.319852
126 0.345269
127 0.345269
128 0.345269
129 0.345269
130 0.345269
131 0.345269
132 0.345269
133 0.345269
134 0.345269
135 0.345269
136 0.345269
137 0.345269
138 0.344898
139 0.344898
140 0.344898
141 0.344898
142 0.344898
143 0.344898
144 0.344898
145 0.344898
146 0.344898
147 0.344898
148 0.344898
149 0.344898
150 0.344898
151 0.344898
152 0.344898
153 0.345269
154 0.345269
155 0.345269
156 0.345269
157 0.345269
158 0.345269
159 0.345269
160 0.345269
161 0.345269
162 0.345269
163 0.345269
164 0.345269
165 0.344341
166 0.344341
167 0.344341
168 0.344341
169 0.344527
170 0.344527
171 0.344527
172 0.344527
173 0.344527
174 0.345083
175 0.345083
176 0.345083
177 0.345083
178 0.345083
179 0.345083
180 0.345083
181 0.345083
182 0.345083
183 0.345083
184 0.345083
185 0.345083
186 0.345083
187 0.345083
188 0.345083
189 0.340445
190 0.340445
191 0.340445
192 0.340445
193 0.340445
194 0.340445
195 0.340445
196 0.340445
197 0.341002
198 0.341002
199 0.341002
200 0.341002
201 0.341002
202 0.341002
203 0.341002
204 0.341002
205 0.341002
206 0.341002
207 0.341002
208 0.341002
209 0.341002
210 0.341002
211 0.341002
212 0.341002
213 0.341002
214 0.341002
215 0.341002
216 0.341002
217 0.341002
218 0.341002
219 0.341002
220 0.341002
221 0.341002
222 0.341002
223 0.341002
224 0.341002
225 0.341002
226 0.341002
227 0.341002
228 0.341002
229 0.341002
230 0.341002
231 0.341002
232 0.338404
233 0.338404
234 0.338404
235 0.338404
236 0.338404
237 0.338404
238 0.338404
239 0.338404
240 0.338404
241 0.338404
242 0.338404
243 0.338404
244 0.338404
245 0.339332
246 0.339332
247 0.339332
248 0.339332
249 0.339332
250 0.339332
251 0.339332
252 0.339332
253 0.339332
254 0.339332
255 0.339332
256 0.339332
257 0.339332
258 0.338776
259 0.338776
260 0.338776
261 0.338776
262 0.338776
263 0.338776
264 0.338776
265 0.338776
266 0.338776
267 0.338776
268 0.338776
269 0.338776
270 0.338776
271 0.338776
272 0.338776
273 0.338776
274 0.338776
275 0.338776
276 0.338776
277 0.338776
278 0.338776
279 0.338776
280 0.338219
281 0.338219
282 0.338219
283 0.338219
284 0.338219
285 0.338219
286 0.337662
287 0.339332
288 0.33859
289 0.33692
290 0.338776
291 0.338776
292 0.338776
293 0.338776
294 0.338776
295 0.338776
296 0.342857
297 0.342857
298 0.342857
299 0.342857
300 0.342857
301 0.342857
302 0.342857
303 0.342857
304 0.342857
305 0.342857
306 0.342857
307 0.342857
