0 0
1 0.148052
2 0.146011
3 0.219109
4 0.231725
5 0.283302
6 0.283302
7 0.283302
8 0.283302
9 0.283302
10 0.283302
11 0.283302
12 0.283302
13 0.283302
14 0.283302
15 0.283302
16 0.283302
17 0.283302
18 0.283302
19 0.283302
20 0.283117
21 0.283117
22 0.274397
23 0.274397
24 0.274397
25 0.274397
26 0.241002
27 0.241002
28 0.241002
29 0.241002
30 0.241002
31 0.241002
32 0.288126
33 0.288126
34 0.288126
35 0.288126
36 0.288126
37 0.288126
38 0.2859
39 0.2859
40 0.2859
41 0.293692
42 0.293692
43 0.293692
44 0.293692
45 0.293692
46 0.292393
47 0.292393
48 0.292393
49 0.284601
50 0.284601
51 0.284601
52 0.293878
53 0.292393
54 0.292393
55 0.292393
56 0.292393
57 0.293878
58 0.293878
59 0.29462
60 0.349165
61 0.349165
62 0.293321
63 0.293321
64 0.293321
65 0.344156
66 0.344156
67 0.344156
68 0.344156
69 0.349351
70 0.349351
71 0.347495
72 0.344341
73 0.344341
74 0.344341
75 0.34898
76 0.34898
77 0.335622
78 0.346197
79 0.346011
80 0.346011
81 0.346011
82 0.333395
83 0.333395
84 0.333952
85 0.333952
86 0.333952
87 0.334694
88 0.314657
89 0.314657
90 0.314657
91 0.314657
92 0.314657
93 0.314657
94 0.314657
95 0.314657
96 0.314657
97 0.314657
98 0.314657
99 0.314657
100 0.314657
101 0.314657
102 0.314657
103 0.314657
104 0.316512
105 0.316512
106 0.345269
107 0.345269
108 0.345269
109 0.345269
110 0.345269
111 0.345269
112 0.345269
113 0.345269
114 0.345269
115 0.345269
116 0.345269
117 0.345269
118 0.345269
119 0.345269
120 0.345269
121 0.345269
122 0.345269
123 0.345269
124 0.345269
125 0.345269
126 0.345269
127 0.345269
128 0.345269
129 0.345269
130 0.345269
131 0.345269
132 0.345269
133 0.345269
134 0.345269
135 0.345269
136 0.345269
137 0.345269
138 0.345269
139 0.345269
140 0.344527
141 0.344527
142 0.344527
143 0.344527
144 0.344527
145 0.344527
146 0.344527
147 0.344527
148 0.344527
149 0.344527
150 0.344527
151 0.344527
152 0.344527
153 0.344527
154 0.344527
155 0.34397
156 0.34397
157 0.34397
158 0.34397
159 0.34397
160 0.34397
161 0.344527
162 0.344527
163 0.344527
164 0.344527
165 0.344527
166 0.344527
167 0.344527
168 0.34397
169 0.34397
170 0.34397
171 0.34397
172 0.34397
173 0.34397
174 0.34397
175 0.34397
176 0.34397
177 0.34397
178 0.34397
179 0.344527
180 0.344527
181 0.344527
182 0.344527
183 0.344527
184 0.344527
185 0.344527
186 0.344527
187 0.344527
188 0.344527
189 0.344527
190 0.344527
191 0.344527
192 0.344527
193 0.344527
194 0.342115
195 0.342115
196 0.342115
197 0.342115
198 0.342115
199 0.342115
200 0.342115
201 0.342115
202 0.341002
203 0.341002
204 0.341002
205 0.341002
206 0.341002
207 0.341002
208 0.341002
209 0.341002
210 0.341187
211 0.341187
212 0.341187
213 0.341187
214 0.341187
215 0.341187
216 0.341187
217 0.341187
218 0.341187
219 0.341187
220 0.341187
221 0.341187
222 0.341187
223 0.341187
224 0.338961
225 0.338961
226 0.338961
227 0.338961
228 0.338961
229 0.338961
230 0.338961
231 0.338961
232 0.338404
233 0.338404
234 0.338404
235 0.338776
236 0.338776
237 0.338776
238 0.338776
239 0.338776
240 0.338776
241 0.338776
242 0.338776
243 0.338776
244 0.338776
245 0.338776
246 0.338776
247 0.338776
248 0.338776
249 0.338776
250 0.338776
251 0.338776
252 0.338776
253 0.338776
254 0.338776
255 0.338776
256 0.338776
257 0.338776
258 0.338776
259 0.338776
260 0.338776
261 0.338776
262 0.338776
263 0.338776
264 0.338776
265 0.338219
266 0.338219
267 0.338219
268 0.338219
269 0.338219
270 0.338219
271 0.338219
272 0.338219
273 0.338219
274 0.338219
275 0.338219
276 0.338219
277 0.338219
278 0.338219
279 0.338219
280 0.338219
281 0.338219
282 0.338219
283 0.338219
284 0.338219
285 0.338219
286 0.338219
287 0.338219
288 0.338219
289 0.338219
290 0.338219
291 0.338219
292 0.338219
293 0.338219
294 0.338219
295 0.342857
296 0.342857
297 0.342857
298 0.342857
299 0.342857
300 0.342857
301 0.342857
302 0.342857
303 0.342857
304 0.342857
305 0.342857
306 0.342857
307 0.342857
308 0.342857
309 0.342857
310 0.342857
311 0.342857
312 0.342857
313 0.342857
314 0.342857
315 0.342857
316 0.342857
317 0.342857
318 0.342857
