0 0
1 0.152958
2 0.20831
3 0.20831
4 0.20831
5 0.208169
6 0.20831
7 0.219014
8 0.209718
9 0.209718
10 0.211408
11 0.210563
12 0.226901
13 0.226901
14 0.22662
15 0.227465
16 0.227465
17 0.232958
18 0.232958
19 0.229859
20 0.230704
21 0.232676
22 0.312113
23 0.312113
24 0.312113
25 0.312113
26 0.312113
27 0.312113
28 0.297324
29 0.296761
30 0.323803
31 0.340563
32 0.340423
33 0.34169
34 0.326197
35 0.326197
36 0.326197
37 0.311408
38 0.311408
39 0.328592
40 0.328592
41 0.328592
42 0.328592
43 0.336056
44 0.333239
45 0.342817
46 0.342817
47 0.342817
48 0.349014
49 0.349014
50 0.349014
51 0.349014
52 0.349014
53 0.349718
54 0.349718
55 0.349718
56 0.349718
57 0.349718
58 0.349718
59 0.349718
60 0.349718
61 0.345493
62 0.345493
63 0.345493
64 0.345493
65 0.345493
66 0.345493
67 0.345493
68 0.345493
69 0.345493
70 0.343521
71 0.343521
72 0.343521
73 0.343521
74 0.342394
75 0.342394
76 0.342394
77 0.342394
78 0.342394
79 0.342394
80 0.34169
81 0.34169
82 0.34169
83 0.35662
84 0.35662
85 0.35662
86 0.35662
87 0.35662
88 0.35662
89 0.35662
90 0.356901
91 0.349718
92 0.354648
93 0.343239
94 0.343239
95 0.343239
96 0.343239
97 0.343239
98 0.344085
99 0.341831
100 0.341831
101 0.341831
102 0.341831
103 0.343239
104 0.343239
105 0.343239
106 0.343239
107 0.339296
108 0.348028
109 0.348028
110 0.348028
111 0.348028
112 0.348028
113 0.348028
114 0.348028
115 0.348028
116 0.348028
117 0.348028
118 0.348028
119 0.348028
120 0.348028
121 0.34338
122 0.34338
123 0.34338
124 0.34338
125 0.34338
126 0.337887
127 0.337887
128 0.337887
129 0.337887
130 0.337887
131 0.337887
132 0.337887
133 0.337887
134 0.337887
135 0.337887
136 0.337887
137 0.337887
138 0.337746
139 0.337746
140 0.337746
141 0.337746
142 0.337746
143 0.337746
144 0.337746
145 0.337746
146 0.337746
147 0.337746
148 0.337746
149 0.337746
150 0.337746
151 0.337746
152 0.337746
153 0.337887
154 0.337887
155 0.337887
156 0.337887
157 0.337887
158 0.337887
159 0.337887
160 0.337887
161 0.337887
162 0.337887
163 0.337887
164 0.337887
165 0.336338
166 0.336338
167 0.336338
168 0.336338
169 0.337465
170 0.337465
171 0.337465
172 0.337465
173 0.337465
174 0.336197
175 0.336197
176 0.336197
177 0.336197
178 0.336197
179 0.336197
180 0.336197
181 0.336197
182 0.336197
183 0.336197
184 0.336197
185 0.336197
186 0.336197
187 0.336197
188 0.336197
189 0.337183
190 0.337183
191 0.337183
192 0.337183
193 0.337183
194 0.337183
195 0.337183
196 0.337183
197 0.337606
198 0.337606
199 0.337606
200 0.337606
201 0.337606
202 0.337606
203 0.337606
204 0.337606
205 0.337606
206 0.337606
207 0.337606
208 0.337606
209 0.337606
210 0.337606
211 0.337606
212 0.337606
213 0.337606
214 0.337606
215 0.337606
216 0.337606
217 0.337606
218 0.337606
219 0.337606
220 0.337606
221 0.337606
222 0.337606
223 0.337606
224 0.337606
225 0.337606
226 0.337606
227 0.337606
228 0.337606
229 0.337606
230 0.337606
231 0.336901
232 0.335211
233 0.335211
234 0.335211
235 0.335211
236 0.335211
237 0.335211
238 0.335211
239 0.336056
240 0.336056
241 0.336056
242 0.336056
243 0.336056
244 0.336056
245 0.33493
246 0.33493
247 0.33493
248 0.33493
249 0.33493
250 0.33493
251 0.33493
252 0.33493
253 0.33493
254 0.33493
255 0.33493
256 0.33493
257 0.33493
258 0.335775
259 0.335775
260 0.335775
261 0.335775
262 0.335775
263 0.335775
264 0.335775
265 0.335775
266 0.335775
267 0.335915
268 0.335915
269 0.335915
270 0.335915
271 0.335915
272 0.335915
273 0.336056
274 0.336056
275 0.336056
276 0.336056
277 0.336056
278 0.336056
279 0.336056
280 0.33662
281 0.33662
282 0.33662
283 0.33662
284 0.33662
285 0.33662
286 0.337183
287 0.337042
288 0.337324
289 0.334366
290 0.334789
291 0.334789
292 0.334789
293 0.334789
294 0.334789
295 0.334085
296 0.333239
297 0.333239
298 0.333239
299 0.333239
300 0.333239
301 0.333239
302 0.333239
303 0.333239
304 0.333239
305 0.333239
306 0.333239
307 0.333239
308 0.333239
