0 0
1 0.168528
2 0.168528
3 0.213999
4 0.213999
5 0.236634
6 0.236634
7 0.23857
8 0.23857
9 0.253909
10 0.253909
11 0.253909
12 0.258675
13 0.263738
14 0.273418
15 0.273418
16 0.273418
17 0.276098
18 0.276992
19 0.276992
20 0.276992
21 0.276992
22 0.277439
23 0.277439
24 0.277439
25 0.277439
26 0.286821
27 0.286821
28 0.286821
29 0.292182
30 0.326136
31 0.326136
32 0.326284
33 0.326284
34 0.326284
35 0.326284
36 0.326284
37 0.326284
38 0.326284
39 0.326284
40 0.326284
41 0.326284
42 0.326284
43 0.326284
44 0.326284
45 0.326284
46 0.326284
47 0.326284
48 0.326284
49 0.326284
50 0.326284
51 0.326284
52 0.326284
53 0.326284
54 0.326284
55 0.326284
56 0.326284
57 0.326284
58 0.326284
59 0.326284
60 0.326284
61 0.326284
62 0.326284
63 0.326284
64 0.326284
65 0.326284
66 0.326284
67 0.326284
68 0.326284
69 0.326284
70 0.326284
71 0.326284
72 0.326284
73 0.326284
74 0.326284
75 0.326284
76 0.326284
77 0.326284
78 0.326284
79 0.326284
80 0.326284
81 0.326284
82 0.326284
83 0.326284
84 0.326284
85 0.326284
86 0.326284
87 0.326284
88 0.326284
89 0.326284
90 0.326284
91 0.326284
92 0.326284
93 0.326284
94 0.326284
95 0.326284
96 0.326284
97 0.326284
98 0.326284
99 0.326284
100 0.326284
101 0.326284
102 0.326284
103 0.326284
104 0.326284
105 0.326284
106 0.326284
107 0.326284
108 0.326284
109 0.355175
110 0.355175
111 0.355175
112 0.355175
113 0.358898
114 0.358898
115 0.358898
116 0.359345
117 0.359345
118 0.359345
119 0.359345
120 0.359345
121 0.359345
122 0.364557
123 0.364557
124 0.364557
125 0.364557
126 0.364557
127 0.364557
128 0.364557
129 0.364557
130 0.364557
131 0.364557
132 0.364557
133 0.364557
134 0.364557
135 0.365302
136 0.365302
137 0.365302
138 0.365302
139 0.365302
140 0.365302
141 0.365302
142 0.365599
143 0.366791
144 0.366791
145 0.366791
146 0.366791
147 0.366791
148 0.367386
149 0.367386
150 0.367386
151 0.367386
152 0.367386
153 0.367386
154 0.367386
155 0.367386
156 0.367386
157 0.367386
158 0.367386
159 0.36828
160 0.36828
161 0.36828
162 0.36828
163 0.36828
164 0.36828
165 0.36828
166 0.36828
167 0.36828
168 0.36828
169 0.36828
170 0.36828
171 0.36828
172 0.36828
173 0.36828
174 0.36828
175 0.36828
176 0.36828
177 0.36828
178 0.36828
179 0.36828
180 0.36828
181 0.368677
182 0.368677
183 0.368677
184 0.368727
185 0.368727
186 0.368727
187 0.368727
188 0.368727
189 0.368727
190 0.37374
191 0.37374
192 0.37374
193 0.37374
194 0.37374
195 0.37374
196 0.37374
197 0.374038
198 0.374038
199 0.374038
200 0.374038
201 0.374038
202 0.374038
203 0.374336
204 0.374336
205 0.375081
206 0.375081
207 0.375081
208 0.375081
209 0.375081
210 0.375081
211 0.375081
212 0.375081
213 0.375081
214 0.375081
215 0.375379
216 0.375379
217 0.375379
218 0.375379
219 0.375379
220 0.375379
221 0.375379
222 0.375379
223 0.375379
224 0.375379
225 0.375379
226 0.375379
227 0.375379
228 0.375379
229 0.375825
230 0.375825
231 0.375825
232 0.375825
233 0.375825
234 0.375825
235 0.375825
236 0.375825
237 0.375825
238 0.375825
239 0.375825
240 0.375825
241 0.375825
242 0.375825
243 0.375825
244 0.375825
245 0.375825
246 0.375825
247 0.375825
248 0.375825
249 0.375825
250 0.375825
251 0.375825
252 0.375825
253 0.375825
254 0.375825
255 0.375825
256 0.375825
257 0.375825
258 0.378357
259 0.378357
260 0.378357
261 0.378357
262 0.378357
263 0.378357
264 0.378357
265 0.378357
266 0.378357
267 0.378357
268 0.378357
269 0.378357
270 0.378357
271 0.378357
272 0.378357
273 0.378357
274 0.378357
275 0.378357
276 0.378357
277 0.378357
278 0.378357
279 0.378804
280 0.378804
281 0.378804
282 0.378804
283 0.378804
284 0.378804
285 0.378804
286 0.378804
287 0.378804
288 0.378804
289 0.378804
290 0.378804
291 0.378804
292 0.380442
293 0.380442
294 0.380442
295 0.380442
296 0.380442
297 0.380442
298 0.380442
299 0.380442
300 0.380442
301 0.380442
302 0.380442
303 0.380442
304 0.380442
305 0.380591
306 0.380591
307 0.380591
308 0.38074
309 0.381782
310 0.381782
311 0.381782
312 0.381782
313 0.381782
314 0.381931
315 0.381931
316 0.381931
317 0.381931
318 0.381931
319 0.381931
320 0.38208
321 0.38208
322 0.38208
323 0.38208
324 0.38208
325 0.38208
326 0.38208
327 0.38208
328 0.38208
329 0.382229
330 0.382229
331 0.382229
