0 0
1 0.188
2 0.188
3 0.188
4 0.188
5 0.191111
6 0.191111
7 0.191556
8 0.190667
9 0.196
10 0.200444
11 0.200444
12 0.200444
13 0.246444
14 0.246444
15 0.246444
16 0.246444
17 0.247556
18 0.248296
19 0.258667
20 0.258667
21 0.258667
22 0.258667
23 0.258667
24 0.257778
25 0.257556
26 0.257556
27 0.257556
28 0.251111
29 0.251111
30 0.258667
31 0.258667
32 0.258667
33 0.262667
34 0.262667
35 0.262185
36 0.262185
37 0.252111
38 0.252111
39 0.252111
40 0.253222
41 0.253037
42 0.253037
43 0.253037
44 0.252111
45 0.252111
46 0.252111
47 0.25363
48 0.25363
49 0.25363
50 0.25363
51 0.25363
52 0.25663
53 0.25663
54 0.283333
55 0.283333
56 0.283333
57 0.283333
58 0.283333
59 0.283333
60 0.283333
61 0.283333
62 0.283333
63 0.282
64 0.282
65 0.282
66 0.282
67 0.282
68 0.282
69 0.282444
70 0.282667
71 0.282667
72 0.279333
73 0.279333
74 0.279333
75 0.280889
76 0.280889
77 0.275778
78 0.275778
79 0.275778
80 0.275778
81 0.275778
82 0.275778
83 0.265778
84 0.265778
85 0.265778
86 0.265778
87 0.265778
88 0.265778
89 0.265778
90 0.265778
91 0.265778
92 0.265778
93 0.265778
94 0.265778
95 0.265778
96 0.265778
97 0.265778
98 0.265778
99 0.265778
100 0.265778
101 0.265778
102 0.265778
103 0.267556
104 0.265778
105 0.267556
106 0.267556
107 0.267556
108 0.267556
109 0.267556
110 0.267556
111 0.267556
112 0.267556
113 0.267556
114 0.267556
115 0.267556
116 0.266889
117 0.266889
118 0.266889
119 0.266889
120 0.269111
121 0.269111
122 0.269111
123 0.269111
124 0.269111
125 0.269111
126 0.269111
127 0.269111
128 0.269111
129 0.269111
130 0.269111
131 0.269111
132 0.269111
133 0.269111
134 0.269111
135 0.269111
136 0.269111
137 0.269111
138 0.269111
139 0.269111
140 0.269111
141 0.269111
142 0.269111
143 0.269111
144 0.269111
145 0.269111
146 0.269111
147 0.269111
148 0.269111
149 0.269111
150 0.269111
151 0.269111
152 0.269111
153 0.269111
154 0.269111
155 0.269111
156 0.256444
157 0.256444
158 0.256444
159 0.256444
160 0.256444
161 0.256444
162 0.256444
163 0.256444
164 0.256444
165 0.251556
166 0.251556
167 0.251556
168 0.251556
169 0.251556
170 0.251556
171 0.251556
172 0.255111
173 0.255111
174 0.255111
175 0.255111
176 0.255111
177 0.255111
178 0.255111
179 0.255111
180 0.255111
181 0.255111
182 0.255111
183 0.255111
184 0.255111
185 0.255111
186 0.255111
187 0.255111
188 0.255111
189 0.255111
190 0.255111
191 0.255111
192 0.255111
193 0.255111
194 0.251111
195 0.251111
196 0.251111
197 0.254222
198 0.254222
199 0.254222
200 0.254222
201 0.254222
202 0.254222
203 0.254222
204 0.254222
205 0.254222
206 0.254667
207 0.254667
208 0.254667
209 0.254667
210 0.254667
211 0.254667
212 0.254667
213 0.254667
214 0.254667
215 0.254667
216 0.254667
217 0.256
218 0.254667
219 0.256
220 0.252889
221 0.252889
222 0.254222
223 0.254222
224 0.254222
225 0.254222
226 0.254222
227 0.254222
228 0.254222
229 0.254222
230 0.254222
231 0.254222
232 0.254222
233 0.254222
234 0.254222
235 0.254222
236 0.254222
237 0.254222
238 0.254222
239 0.254222
240 0.254222
241 0.254222
242 0.254222
243 0.254222
244 0.256
245 0.256
246 0.256
247 0.256
248 0.256
249 0.256
250 0.254222
251 0.254222
252 0.254222
253 0.257333
254 0.257333
255 0.257333
256 0.257333
257 0.257333
258 0.257333
259 0.257333
260 0.257333
261 0.257333
262 0.257333
263 0.257333
264 0.257333
265 0.257333
266 0.257333
267 0.257333
268 0.257778
269 0.257778
270 0.257778
271 0.257778
272 0.257778
273 0.257778
274 0.257778
275 0.257778
276 0.257333
277 0.257333
278 0.257333
279 0.257333
280 0.257333
281 0.257333
282 0.257333
283 0.256889
284 0.257333
285 0.26
286 0.26
287 0.26
288 0.26
289 0.26
290 0.26
291 0.26
292 0.26
