0 0
1 0.168654
2 0.167462
3 0.169399
4 0.170144
5 0.194933
6 0.194933
7 0.194933
8 0.194933
9 0.194933
10 0.21191
11 0.243852
12 0.24199
13 0.245094
14 0.256967
15 0.256967
16 0.256967
17 0.263823
18 0.263823
19 0.27033
20 0.290002
21 0.290002
22 0.290002
23 0.290002
24 0.285171
25 0.292089
26 0.296709
27 0.294921
28 0.299242
29 0.299242
30 0.310134
31 0.310134
32 0.310134
33 0.310134
34 0.310134
35 0.311028
36 0.311028
37 0.312966
38 0.312519
39 0.311475
40 0.312668
41 0.311475
42 0.31073
43 0.31073
44 0.31073
45 0.334662
46 0.334662
47 0.336153
48 0.336153
49 0.324491
50 0.324491
51 0.327471
52 0.327471
53 0.327471
54 0.326726
55 0.329893
56 0.326875
57 0.332427
58 0.332625
59 0.332625
60 0.332625
61 0.335556
62 0.335556
63 0.335556
64 0.335556
65 0.338102
66 0.338102
67 0.334811
68 0.336413
69 0.336413
70 0.33691
71 0.336153
72 0.336153
73 0.336153
74 0.336153
75 0.331334
76 0.331334
77 0.331334
78 0.331334
79 0.331334
80 0.329694
81 0.329694
82 0.329545
83 0.329545
84 0.329061
85 0.329061
86 0.329061
87 0.329061
88 0.329061
89 0.329061
90 0.329061
91 0.329061
92 0.329061
93 0.329061
94 0.329061
95 0.329657
96 0.329657
97 0.329657
98 0.329657
99 0.329657
100 0.329657
101 0.329657
102 0.329657
103 0.329657
104 0.329657
105 0.329657
106 0.328763
107 0.328763
108 0.328763
109 0.328763
110 0.339344
111 0.339344
112 0.339344
113 0.339344
114 0.339344
115 0.339344
116 0.339344
117 0.339344
118 0.339344
119 0.339344
120 0.339344
121 0.339344
122 0.338599
123 0.338599
124 0.338599
125 0.338599
126 0.338599
127 0.338599
128 0.338599
129 0.339344
130 0.339344
131 0.338152
132 0.338152
133 0.338152
134 0.338152
135 0.338152
136 0.338152
137 0.338152
138 0.338152
139 0.338152
140 0.338152
141 0.338152
142 0.338152
143 0.337854
144 0.337854
145 0.337854
146 0.337854
147 0.337854
148 0.337854
149 0.337854
150 0.340835
151 0.340835
152 0.340835
153 0.338301
154 0.338301
155 0.338301
156 0.338301
157 0.338897
158 0.339046
159 0.33994
160 0.33994
161 0.33994
162 0.33994
163 0.33994
164 0.341729
165 0.337258
166 0.337258
167 0.337258
168 0.337258
169 0.337258
170 0.337258
171 0.337258
172 0.337258
173 0.33845
174 0.33845
175 0.33845
176 0.33845
177 0.340387
178 0.340387
179 0.340387
180 0.340387
181 0.340387
182 0.336215
183 0.336215
184 0.336215
185 0.337258
186 0.337258
187 0.337258
188 0.337258
189 0.337258
190 0.337258
191 0.337258
192 0.337258
193 0.337258
194 0.337407
195 0.337407
196 0.337407
197 0.337407
198 0.337407
199 0.339642
200 0.339642
201 0.339642
202 0.339642
203 0.339642
204 0.339642
205 0.339642
206 0.339642
207 0.339642
208 0.339642
209 0.339642
210 0.339642
211 0.338897
212 0.341133
213 0.341133
214 0.340387
215 0.340387
216 0.340387
217 0.340387
218 0.340387
219 0.340387
220 0.340238
221 0.340238
222 0.340238
223 0.340238
224 0.340238
225 0.340238
226 0.340238
227 0.340238
228 0.340238
229 0.340238
230 0.340238
231 0.340238
232 0.340238
233 0.340238
234 0.340238
235 0.340238
236 0.340238
237 0.340238
238 0.340238
239 0.340238
240 0.340238
241 0.340238
242 0.340238
243 0.340238
244 0.340238
245 0.338152
246 0.338152
247 0.338152
248 0.338152
249 0.338152
250 0.338152
251 0.338152
252 0.338152
253 0.338599
254 0.339195
255 0.339195
256 0.339195
257 0.339195
258 0.339195
259 0.339195
260 0.339195
261 0.339046
262 0.339046
263 0.339046
264 0.339493
265 0.339493
266 0.339493
267 0.339493
268 0.339493
269 0.339493
270 0.339493
271 0.339493
272 0.339493
273 0.338748
274 0.338748
275 0.33532
276 0.33532
277 0.33532
278 0.33532
279 0.338897
