0 0
1 0.296774
2 0.283871
3 0.212903
4 0.309677
5 0.316129
6 0.316129
7 0.316129
8 0.316129
9 0.316129
10 0.316129
11 0.316129
12 0.316129
13 0.316129
14 0.316129
15 0.316129
16 0.316129
17 0.316129
18 0.316129
19 0.316129
20 0.316129
21 0.316129
22 0.316129
23 0.316129
24 0.316129
25 0.316129
26 0.309677
27 0.309677
28 0.309677
29 0.309677
30 0.309677
31 0.309677
32 0.23871
33 0.23871
34 0.23871
35 0.23871
36 0.23871
37 0.23871
38 0.270968
39 0.270968
40 0.270968
41 0.290323
42 0.290323
43 0.290323
44 0.290323
45 0.290323
46 0.270968
47 0.270968
48 0.270968
49 0.296774
50 0.296774
51 0.296774
52 0.270968
53 0.270968
54 0.270968
55 0.270968
56 0.270968
57 0.270968
58 0.270968
59 0.316129
60 0.335484
61 0.335484
62 0.296774
63 0.296774
64 0.296774
65 0.367742
66 0.367742
67 0.367742
68 0.367742
69 0.367742
70 0.367742
71 0.348387
72 0.367742
73 0.367742
74 0.367742
75 0.367742
76 0.367742
77 0.367742
78 0.367742
79 0.367742
80 0.367742
81 0.367742
82 0.335484
83 0.335484
84 0.335484
85 0.335484
86 0.335484
87 0.335484
88 0.329032
89 0.329032
90 0.329032
91 0.329032
92 0.329032
93 0.329032
94 0.329032
95 0.329032
96 0.329032
97 0.329032
98 0.329032
99 0.329032
100 0.329032
101 0.329032
102 0.329032
103 0.329032
104 0.329032
105 0.329032
106 0.335484
107 0.335484
108 0.335484
109 0.335484
110 0.335484
111 0.335484
112 0.335484
113 0.335484
114 0.335484
115 0.335484
116 0.335484
117 0.335484
118 0.335484
119 0.335484
120 0.335484
121 0.335484
122 0.335484
123 0.335484
124 0.335484
125 0.335484
126 0.335484
127 0.335484
128 0.335484
129 0.335484
130 0.335484
131 0.335484
132 0.335484
133 0.335484
134 0.335484
135 0.335484
136 0.335484
137 0.335484
138 0.335484
139 0.335484
140 0.335484
141 0.335484
142 0.335484
143 0.335484
144 0.335484
145 0.335484
146 0.335484
147 0.335484
148 0.335484
149 0.335484
150 0.335484
151 0.335484
152 0.335484
153 0.335484
154 0.335484
155 0.335484
156 0.335484
157 0.335484
158 0.335484
159 0.335484
160 0.335484
161 0.335484
162 0.335484
163 0.335484
164 0.335484
165 0.335484
166 0.335484
167 0.335484
168 0.335484
169 0.335484
170 0.335484
171 0.335484
172 0.335484
173 0.335484
174 0.335484
175 0.335484
176 0.335484
177 0.335484
178 0.335484
179 0.335484
180 0.335484
181 0.335484
182 0.335484
183 0.335484
184 0.335484
185 0.335484
186 0.335484
187 0.335484
188 0.335484
189 0.335484
190 0.335484
191 0.335484
192 0.335484
193 0.335484
194 0.322581
195 0.322581
196 0.322581
197 0.322581
198 0.322581
199 0.322581
200 0.322581
201 0.322581
202 0.335484
203 0.335484
204 0.335484
205 0.335484
206 0.335484
207 0.335484
208 0.335484
209 0.335484
210 0.335484
211 0.335484
212 0.335484
213 0.335484
214 0.335484
215 0.335484
216 0.335484
217 0.335484
218 0.335484
219 0.335484
220 0.335484
221 0.335484
222 0.335484
223 0.335484
224 0.322581
225 0.322581
226 0.322581
227 0.322581
228 0.322581
229 0.322581
230 0.322581
231 0.322581
232 0.322581
233 0.322581
234 0.322581
235 0.322581
236 0.322581
237 0.322581
238 0.322581
239 0.322581
240 0.322581
241 0.322581
242 0.322581
243 0.322581
244 0.322581
245 0.322581
246 0.322581
247 0.322581
248 0.322581
249 0.322581
250 0.322581
251 0.322581
252 0.322581
253 0.322581
254 0.322581
255 0.322581
256 0.322581
257 0.322581
258 0.322581
259 0.322581
260 0.322581
261 0.322581
262 0.322581
263 0.322581
264 0.322581
265 0.322581
266 0.322581
267 0.322581
268 0.322581
269 0.322581
270 0.322581
271 0.322581
272 0.322581
273 0.322581
274 0.322581
275 0.322581
276 0.322581
277 0.322581
278 0.322581
279 0.322581
280 0.322581
281 0.322581
282 0.322581
283 0.322581
284 0.322581
285 0.322581
286 0.322581
287 0.322581
288 0.322581
289 0.322581
290 0.322581
291 0.322581
292 0.322581
293 0.322581
294 0.322581
295 0.322581
296 0.322581
297 0.322581
298 0.322581
299 0.322581
300 0.322581
301 0.322581
302 0.322581
303 0.322581
304 0.322581
305 0.322581
306 0.322581
307 0.322581
308 0.322581
309 0.322581
310 0.322581
311 0.322581
312 0.322581
313 0.322581
314 0.322581
315 0.322581
316 0.322581
317 0.322581
318 0.322581
