0 0
1 0.202041
2 0.202041
3 0.202041
4 0.202041
5 0.208905
6 0.208905
7 0.210019
8 0.213915
9 0.216327
10 0.210204
11 0.210204
12 0.210204
13 0.274397
14 0.274397
15 0.274397
16 0.274397
17 0.274397
18 0.273098
19 0.279406
20 0.279221
21 0.279221
22 0.276623
23 0.276623
24 0.278108
25 0.280519
26 0.280519
27 0.280519
28 0.274026
29 0.274026
30 0.279592
31 0.279592
32 0.279592
33 0.293692
34 0.293692
35 0.287755
36 0.287755
37 0.319481
38 0.319481
39 0.319481
40 0.319481
41 0.322263
42 0.322263
43 0.322263
44 0.311688
45 0.311688
46 0.311688
47 0.314471
48 0.314471
49 0.314471
50 0.314471
51 0.314471
52 0.325417
53 0.325417
54 0.3
55 0.3
56 0.3
57 0.3
58 0.3
59 0.3
60 0.3
61 0.3
62 0.3
63 0.304638
64 0.30167
65 0.30167
66 0.30167
67 0.30167
68 0.30167
69 0.302968
70 0.30167
71 0.30167
72 0.300186
73 0.300186
74 0.300186
75 0.314657
76 0.314657
77 0.333024
78 0.333024
79 0.333024
80 0.333024
81 0.333024
82 0.332839
83 0.334694
84 0.334694
85 0.334694
86 0.334694
87 0.334694
88 0.334694
89 0.334694
90 0.334694
91 0.334694
92 0.334694
93 0.334694
94 0.334694
95 0.334694
96 0.334694
97 0.334694
98 0.334694
99 0.334694
100 0.334694
101 0.334694
102 0.334694
103 0.336735
104 0.334694
105 0.334694
106 0.334694
107 0.334694
108 0.334694
109 0.334694
110 0.334694
111 0.334694
112 0.334694
113 0.334694
114 0.334694
115 0.33525
116 0.345269
117 0.345269
118 0.345269
119 0.345269
120 0.34397
121 0.34397
122 0.34397
123 0.34397
124 0.34397
125 0.34397
126 0.34397
127 0.34397
128 0.34397
129 0.34397
130 0.34397
131 0.34397
132 0.34397
133 0.34397
134 0.34397
135 0.34397
136 0.34397
137 0.34397
138 0.34397
139 0.34397
140 0.34397
141 0.34397
142 0.34397
143 0.34397
144 0.34397
145 0.34397
146 0.34397
147 0.34397
148 0.34397
149 0.34397
150 0.34397
151 0.34397
152 0.34397
153 0.34397
154 0.34397
155 0.34397
156 0.344341
157 0.344341
158 0.344341
159 0.344341
160 0.344341
161 0.344341
162 0.344341
163 0.344341
164 0.344341
165 0.340445
166 0.340445
167 0.340445
168 0.340445
169 0.340445
170 0.340445
171 0.340445
172 0.341002
173 0.341002
174 0.341002
175 0.341002
176 0.341002
177 0.341002
178 0.341002
179 0.341002
180 0.341002
181 0.341002
182 0.341002
183 0.341002
184 0.341002
185 0.341002
186 0.341002
187 0.341002
188 0.341002
189 0.341002
190 0.341002
191 0.341002
192 0.341002
193 0.341002
194 0.34026
195 0.34026
196 0.34026
197 0.338961
198 0.338961
199 0.338961
200 0.338961
201 0.338961
202 0.338961
203 0.338961
204 0.338961
205 0.338961
206 0.338776
207 0.338776
208 0.338776
209 0.338776
210 0.338776
211 0.338776
212 0.338776
213 0.338776
214 0.338776
215 0.338776
216 0.338776
217 0.339703
218 0.338776
219 0.339703
220 0.339703
221 0.339703
222 0.339332
223 0.339332
224 0.339332
225 0.339332
226 0.339332
227 0.339332
228 0.339332
229 0.339332
230 0.339332
231 0.339332
232 0.339332
233 0.339332
234 0.339332
235 0.339332
236 0.339332
237 0.339332
238 0.339332
239 0.339332
240 0.339332
241 0.339332
242 0.339332
243 0.339332
244 0.338776
245 0.338776
246 0.338776
247 0.338776
248 0.338776
249 0.338776
250 0.338776
251 0.338776
252 0.338776
253 0.345269
254 0.345269
255 0.345269
256 0.345269
257 0.345269
258 0.345269
259 0.345269
260 0.345269
261 0.344341
262 0.344341
263 0.344341
264 0.344341
265 0.344341
266 0.344341
267 0.344341
268 0.342857
269 0.342857
270 0.342857
271 0.342857
272 0.342857
273 0.342857
274 0.342857
275 0.342857
276 0.342857
277 0.342857
278 0.342857
279 0.342857
280 0.342857
281 0.342857
282 0.342857
283 0.342301
284 0.341373
285 0.343785
286 0.343785
287 0.343785
288 0.343785
289 0.343785
290 0.343785
291 0.343785
292 0.343785
