0 0
1 0.0991679
2 0.170144
3 0.169548
4 0.172529
5 0.181619
6 0.186662
7 0.200845
8 0.200845
9 0.200845
10 0.21196
11 0.22618
12 0.22618
13 0.226329
14 0.241307
15 0.260755
16 0.268256
17 0.268256
18 0.270194
19 0.274019
20 0.276403
21 0.276403
22 0.266269
23 0.267014
24 0.267014
25 0.267014
26 0.268356
27 0.267312
28 0.267312
29 0.267312
30 0.269101
31 0.269101
32 0.269101
33 0.271038
34 0.271038
35 0.271038
36 0.265822
37 0.265822
38 0.301788
39 0.301788
40 0.301788
41 0.301788
42 0.301788
43 0.301788
44 0.301788
45 0.301788
46 0.301788
47 0.308495
48 0.308495
49 0.308495
50 0.308495
51 0.308495
52 0.308495
53 0.308793
54 0.308793
55 0.308793
56 0.308793
57 0.309687
58 0.335457
59 0.335457
60 0.335457
61 0.335457
62 0.335457
63 0.335457
64 0.332625
65 0.33188
66 0.33188
67 0.33188
68 0.33188
69 0.335904
70 0.335904
71 0.335904
72 0.337096
73 0.337096
74 0.33814
75 0.335606
76 0.33958
77 0.33958
78 0.33958
79 0.33958
80 0.33958
81 0.33958
82 0.33958
83 0.33958
84 0.33958
85 0.339431
86 0.337941
87 0.337941
88 0.337941
89 0.337941
90 0.337941
91 0.337941
92 0.337941
93 0.337941
94 0.338835
95 0.338835
96 0.342362
97 0.342362
98 0.342362
99 0.342362
100 0.342362
101 0.342362
102 0.342362
103 0.339344
104 0.339344
105 0.339344
106 0.339344
107 0.339344
108 0.339344
109 0.339344
110 0.339344
111 0.339344
112 0.339344
113 0.339344
114 0.338599
115 0.338599
116 0.338599
117 0.338599
118 0.338599
119 0.338599
120 0.338599
121 0.338599
122 0.338599
123 0.338599
124 0.338599
125 0.338599
126 0.338599
127 0.338599
128 0.338599
129 0.338599
130 0.338599
131 0.338599
132 0.338599
133 0.340387
134 0.340387
135 0.340387
136 0.33994
137 0.340089
138 0.340089
139 0.337258
140 0.337258
141 0.337258
142 0.337258
143 0.337258
144 0.337258
145 0.337258
146 0.337258
147 0.337258
148 0.337258
149 0.337258
150 0.337258
151 0.337258
152 0.337258
153 0.337109
154 0.337109
155 0.337407
156 0.337407
157 0.337407
158 0.337407
159 0.337407
160 0.336215
161 0.336215
162 0.336215
163 0.336215
164 0.336215
165 0.336215
166 0.336215
167 0.336215
168 0.336215
169 0.336215
170 0.336215
171 0.336215
172 0.336215
173 0.336215
174 0.336215
175 0.340238
176 0.340238
177 0.340238
178 0.340238
179 0.340238
180 0.340238
181 0.340238
182 0.340238
183 0.340238
184 0.340984
185 0.340984
186 0.340984
187 0.340984
188 0.340984
189 0.340984
190 0.340984
191 0.340984
192 0.340984
193 0.340238
194 0.340238
195 0.340238
196 0.340238
197 0.340238
198 0.340238
199 0.340238
200 0.340238
201 0.340238
202 0.340238
203 0.340238
204 0.340238
205 0.340238
206 0.340238
207 0.340238
208 0.340238
209 0.340238
210 0.340238
211 0.337407
212 0.337407
213 0.338301
214 0.338301
215 0.338301
216 0.338301
217 0.338301
218 0.338301
219 0.338301
220 0.338301
221 0.338003
222 0.338003
223 0.336066
224 0.336066
225 0.336066
226 0.337705
227 0.337705
228 0.337705
229 0.33532
230 0.33532
231 0.33532
232 0.339195
233 0.339195
234 0.339195
235 0.33532
236 0.33532
237 0.338897
238 0.338897
239 0.338897
240 0.338897
241 0.338897
242 0.338897
243 0.338897
244 0.338897
245 0.338897
246 0.338897
247 0.338897
248 0.338897
249 0.338897
250 0.338897
251 0.338897
252 0.338897
253 0.336066
254 0.336066
255 0.336066
256 0.336066
257 0.336066
258 0.336066
259 0.336066
260 0.336066
261 0.336066
262 0.336066
