0 0
1 0.147183
2 0.149155
3 0.167887
4 0.167887
5 0.17169
6 0.17169
7 0.17169
8 0.167606
9 0.180845
10 0.180845
11 0.180845
12 0.236761
13 0.233662
14 0.255352
15 0.245915
16 0.255493
17 0.282113
18 0.284648
19 0.28169
20 0.28169
21 0.312113
22 0.312113
23 0.312113
24 0.312113
25 0.312113
26 0.312113
27 0.31338
28 0.320845
29 0.320845
30 0.320845
31 0.320845
32 0.320845
33 0.320845
34 0.320845
35 0.320845
36 0.320845
37 0.310986
38 0.302817
39 0.302817
40 0.3
41 0.329577
42 0.341268
43 0.340282
44 0.340282
45 0.340282
46 0.340282
47 0.340282
48 0.340282
49 0.340141
50 0.340141
51 0.340141
52 0.346479
53 0.346479
54 0.346479
55 0.335211
56 0.335211
57 0.335211
58 0.335211
59 0.335493
60 0.335493
61 0.335493
62 0.33338
63 0.33338
64 0.331549
65 0.331549
66 0.331549
67 0.331549
68 0.33
69 0.33
70 0.33
71 0.33
72 0.33
73 0.331408
74 0.331408
75 0.331408
76 0.331408
77 0.331408
78 0.333099
79 0.333099
80 0.333099
81 0.335211
82 0.335211
83 0.335211
84 0.336197
85 0.336197
86 0.336197
87 0.336197
88 0.336197
89 0.336197
90 0.337606
91 0.33831
92 0.33831
93 0.33831
94 0.33831
95 0.33831
96 0.33831
97 0.33831
98 0.33831
99 0.33831
100 0.33831
101 0.33831
102 0.33831
103 0.33831
104 0.33831
105 0.33831
106 0.33831
107 0.33831
108 0.33831
109 0.33831
110 0.33831
111 0.33831
112 0.33831
113 0.33831
114 0.33831
115 0.33831
116 0.33831
117 0.33831
118 0.338028
119 0.338028
120 0.338028
121 0.33831
122 0.33831
123 0.33831
124 0.33831
125 0.33831
126 0.337887
127 0.337887
128 0.337887
129 0.337887
130 0.337887
131 0.337887
132 0.338169
133 0.337887
134 0.337887
135 0.337887
136 0.337887
137 0.337887
138 0.337887
139 0.337887
140 0.338169
141 0.33831
142 0.33831
143 0.33831
144 0.33831
145 0.33831
146 0.33831
147 0.33831
148 0.33831
149 0.337887
150 0.339155
151 0.339155
152 0.339155
153 0.339155
154 0.339155
155 0.339155
156 0.337887
157 0.337887
158 0.337887
159 0.337887
160 0.337887
161 0.337887
162 0.337887
163 0.338028
164 0.338028
165 0.338028
166 0.338028
167 0.338028
168 0.338028
169 0.338028
170 0.338028
171 0.338028
172 0.338028
173 0.338028
174 0.338028
175 0.338028
176 0.338028
177 0.338028
178 0.338028
179 0.338028
180 0.338028
181 0.337183
182 0.337183
183 0.337183
184 0.337183
185 0.337183
186 0.337183
187 0.337183
188 0.337183
189 0.337183
190 0.337183
191 0.337183
192 0.337183
193 0.335352
194 0.335352
195 0.335352
196 0.335352
197 0.335352
198 0.335352
199 0.334789
200 0.334789
201 0.334789
202 0.335211
203 0.335211
204 0.335211
205 0.335211
206 0.335493
207 0.335493
208 0.335493
209 0.335493
210 0.335493
211 0.335493
212 0.335493
213 0.335493
214 0.335493
215 0.335493
216 0.335493
217 0.335493
218 0.335493
219 0.335493
220 0.335493
221 0.335493
222 0.335493
223 0.335493
224 0.335493
225 0.335493
226 0.335493
227 0.335493
228 0.335493
229 0.335493
230 0.335493
231 0.335493
232 0.33493
233 0.33493
234 0.33493
235 0.33493
236 0.33493
237 0.33493
238 0.33493
239 0.33493
240 0.33493
241 0.33493
242 0.33493
243 0.33493
244 0.33493
245 0.33493
246 0.33493
247 0.33493
248 0.33493
249 0.33493
250 0.33493
251 0.33493
252 0.33493
253 0.33493
254 0.33493
255 0.33493
256 0.33493
257 0.33493
258 0.33493
259 0.33493
260 0.33493
261 0.33493
262 0.335915
263 0.335915
264 0.335915
265 0.335915
266 0.335915
267 0.335915
268 0.335915
269 0.335915
270 0.335915
271 0.335915
272 0.335915
273 0.335915
274 0.335915
275 0.335775
276 0.335775
277 0.335775
278 0.335775
279 0.335775
280 0.335775
281 0.335775
282 0.335775
283 0.335775
284 0.334507
285 0.334507
286 0.334507
287 0.334507
288 0.334507
289 0.334507
290 0.334507
291 0.334507
292 0.334225
293 0.332535
294 0.332535
295 0.332535
296 0.332535
297 0.332535
298 0.332535
299 0.332535
300 0.333803
301 0.333803
302 0.333803
303 0.333803
304 0.333803
305 0.333803
306 0.333803
307 0.333239
308 0.333239
309 0.333239
310 0.333239
311 0.333239
312 0.333239
313 0.333239
314 0.333239
315 0.333239
316 0.333239
317 0.333239
318 0.333239
