0 0
1 0.128667
2 0.171556
3 0.171556
4 0.172444
5 0.183111
6 0.154333
7 0.195667
8 0.195667
9 0.195667
10 0.185963
11 0.203667
12 0.203667
13 0.202667
14 0.209778
15 0.230444
16 0.246889
17 0.246889
18 0.245111
19 0.248667
20 0.25
21 0.25
22 0.252
23 0.252
24 0.252
25 0.252
26 0.250444
27 0.256444
28 0.256444
29 0.256444
30 0.251111
31 0.251111
32 0.251111
33 0.257778
34 0.257778
35 0.256889
36 0.256
37 0.256
38 0.262222
39 0.262222
40 0.262222
41 0.262222
42 0.262222
43 0.262222
44 0.262222
45 0.262222
46 0.262222
47 0.270222
48 0.270222
49 0.270222
50 0.270222
51 0.270222
52 0.270222
53 0.270667
54 0.270667
55 0.270667
56 0.270667
57 0.270667
58 0.250333
59 0.250333
60 0.250333
61 0.250333
62 0.250333
63 0.250333
64 0.244444
65 0.244444
66 0.244444
67 0.244444
68 0.244444
69 0.253778
70 0.253778
71 0.253333
72 0.256
73 0.256
74 0.256
75 0.254963
76 0.263852
77 0.263852
78 0.263852
79 0.263852
80 0.263852
81 0.263852
82 0.263852
83 0.263852
84 0.263852
85 0.263852
86 0.261185
87 0.261185
88 0.261185
89 0.261185
90 0.261185
91 0.261185
92 0.261185
93 0.26163
94 0.262074
95 0.262074
96 0.259741
97 0.259741
98 0.259741
99 0.259741
100 0.259741
101 0.259741
102 0.259741
103 0.266889
104 0.266889
105 0.266889
106 0.266889
107 0.266889
108 0.266889
109 0.266889
110 0.266889
111 0.266889
112 0.266889
113 0.266889
114 0.269111
115 0.269111
116 0.269111
117 0.269111
118 0.269111
119 0.269111
120 0.269111
121 0.269111
122 0.269111
123 0.269111
124 0.269111
125 0.269111
126 0.269111
127 0.269111
128 0.269111
129 0.269111
130 0.269111
131 0.269111
132 0.269111
133 0.268889
134 0.268889
135 0.268889
136 0.267444
137 0.268
138 0.268
139 0.251556
140 0.251556
141 0.251556
142 0.251556
143 0.251556
144 0.251556
145 0.251556
146 0.251556
147 0.251556
148 0.251556
149 0.251556
150 0.251556
151 0.251556
152 0.251556
153 0.251556
154 0.251556
155 0.251111
156 0.251111
157 0.251111
158 0.251111
159 0.251111
160 0.255111
161 0.255111
162 0.255111
163 0.255111
164 0.255111
165 0.255111
166 0.255111
167 0.255111
168 0.255111
169 0.255111
170 0.255111
171 0.255111
172 0.255111
173 0.255111
174 0.255111
175 0.254667
176 0.254667
177 0.254667
178 0.254667
179 0.254667
180 0.254667
181 0.254667
182 0.254667
183 0.254667
184 0.256
185 0.256
186 0.256
187 0.256
188 0.256
189 0.256
190 0.256
191 0.256
192 0.256
193 0.256
194 0.256
195 0.256
196 0.256
197 0.256
198 0.256
199 0.256
200 0.256
201 0.256
202 0.256
203 0.256
204 0.256
205 0.256
206 0.256
207 0.256
208 0.256
209 0.256
210 0.256
211 0.258667
212 0.258667
213 0.257333
214 0.257333
215 0.257333
216 0.257333
217 0.257333
218 0.257333
219 0.257333
220 0.257333
221 0.257333
222 0.257333
223 0.259556
224 0.259556
225 0.259556
226 0.259111
227 0.259111
228 0.259111
229 0.26
230 0.26
231 0.26
232 0.258222
233 0.258222
234 0.258222
235 0.26
236 0.26
237 0.257778
238 0.257778
239 0.257778
240 0.257778
241 0.257778
242 0.257778
243 0.257778
244 0.257778
245 0.258667
246 0.258667
247 0.258667
248 0.258667
249 0.258667
250 0.258667
251 0.258667
252 0.258667
253 0.259556
254 0.259556
255 0.259556
256 0.259556
257 0.259556
258 0.259556
259 0.259556
260 0.259556
261 0.259556
262 0.259556
