0 0
1 0.290323
2 0.264516
3 0.316129
4 0.316129
5 0.316129
6 0.316129
7 0.380645
8 0.380645
9 0.309677
10 0.309677
11 0.309677
12 0.309677
13 0.316129
14 0.316129
15 0.316129
16 0.316129
17 0.348387
18 0.348387
19 0.348387
20 0.348387
21 0.348387
22 0.316129
23 0.316129
24 0.316129
25 0.316129
26 0.148387
27 0.148387
28 0.148387
29 0.154839
30 0.290323
31 0.290323
32 0.290323
33 0.290323
34 0.290323
35 0.290323
36 0.290323
37 0.290323
38 0.290323
39 0.290323
40 0.290323
41 0.290323
42 0.290323
43 0.290323
44 0.290323
45 0.290323
46 0.290323
47 0.290323
48 0.290323
49 0.290323
50 0.290323
51 0.290323
52 0.290323
53 0.290323
54 0.290323
55 0.290323
56 0.290323
57 0.290323
58 0.290323
59 0.290323
60 0.290323
61 0.290323
62 0.290323
63 0.290323
64 0.290323
65 0.290323
66 0.290323
67 0.290323
68 0.290323
69 0.290323
70 0.290323
71 0.290323
72 0.290323
73 0.290323
74 0.290323
75 0.290323
76 0.290323
77 0.290323
78 0.290323
79 0.290323
80 0.290323
81 0.290323
82 0.290323
83 0.290323
84 0.290323
85 0.290323
86 0.290323
87 0.290323
88 0.290323
89 0.290323
90 0.290323
91 0.290323
92 0.290323
93 0.290323
94 0.290323
95 0.290323
96 0.290323
97 0.290323
98 0.290323
99 0.290323
100 0.290323
101 0.290323
102 0.290323
103 0.290323
104 0.290323
105 0.290323
106 0.290323
107 0.290323
108 0.290323
109 0.367742
110 0.367742
111 0.367742
112 0.367742
113 0.335484
114 0.335484
115 0.335484
116 0.335484
117 0.335484
118 0.335484
119 0.335484
120 0.335484
121 0.335484
122 0.348387
123 0.348387
124 0.348387
125 0.348387
126 0.348387
127 0.348387
128 0.348387
129 0.348387
130 0.348387
131 0.348387
132 0.348387
133 0.348387
134 0.348387
135 0.367742
136 0.367742
137 0.367742
138 0.367742
139 0.367742
140 0.367742
141 0.367742
142 0.335484
143 0.367742
144 0.367742
145 0.367742
146 0.367742
147 0.367742
148 0.335484
149 0.335484
150 0.335484
151 0.335484
152 0.335484
153 0.335484
154 0.335484
155 0.335484
156 0.335484
157 0.335484
158 0.335484
159 0.335484
160 0.335484
161 0.335484
162 0.335484
163 0.335484
164 0.335484
165 0.335484
166 0.335484
167 0.335484
168 0.335484
169 0.335484
170 0.335484
171 0.335484
172 0.335484
173 0.335484
174 0.335484
175 0.335484
176 0.335484
177 0.335484
178 0.335484
179 0.335484
180 0.335484
181 0.316129
182 0.316129
183 0.316129
184 0.316129
185 0.316129
186 0.316129
187 0.316129
188 0.316129
189 0.316129
190 0.335484
191 0.335484
192 0.335484
193 0.335484
194 0.335484
195 0.335484
196 0.335484
197 0.335484
198 0.335484
199 0.335484
200 0.335484
201 0.335484
202 0.335484
203 0.335484
204 0.335484
205 0.335484
206 0.335484
207 0.335484
208 0.335484
209 0.335484
210 0.335484
211 0.335484
212 0.335484
213 0.335484
214 0.335484
215 0.335484
216 0.335484
217 0.335484
218 0.335484
219 0.335484
220 0.335484
221 0.335484
222 0.335484
223 0.335484
224 0.335484
225 0.335484
226 0.335484
227 0.335484
228 0.335484
229 0.335484
230 0.335484
231 0.335484
232 0.335484
233 0.335484
234 0.335484
235 0.335484
236 0.335484
237 0.335484
238 0.335484
239 0.335484
240 0.335484
241 0.335484
242 0.335484
243 0.335484
244 0.335484
245 0.335484
246 0.335484
247 0.335484
248 0.335484
249 0.335484
250 0.322581
251 0.322581
252 0.322581
253 0.322581
254 0.322581
255 0.322581
256 0.322581
257 0.322581
258 0.322581
259 0.322581
260 0.322581
261 0.322581
262 0.322581
263 0.322581
264 0.322581
265 0.322581
266 0.322581
267 0.322581
268 0.322581
269 0.322581
270 0.322581
271 0.322581
272 0.322581
273 0.322581
274 0.322581
275 0.322581
276 0.322581
277 0.322581
278 0.322581
279 0.322581
280 0.322581
281 0.322581
282 0.322581
283 0.322581
284 0.322581
285 0.322581
286 0.322581
287 0.322581
288 0.322581
289 0.322581
290 0.322581
291 0.322581
292 0.322581
293 0.322581
294 0.322581
295 0.322581
296 0.322581
297 0.322581
298 0.322581
299 0.322581
300 0.322581
301 0.322581
302 0.322581
303 0.322581
304 0.322581
305 0.322581
306 0.322581
307 0.322581
308 0.322581
309 0.322581
310 0.322581
311 0.322581
312 0.322581
313 0.322581
314 0.322581
315 0.322581
316 0.322581
317 0.322581
318 0.322581
319 0.322581
320 0.322581
321 0.322581
322 0.322581
323 0.322581
324 0.322581
325 0.322581
326 0.322581
327 0.322581
328 0.322581
329 0.322581
330 0.322581
331 0.322581
