0 0
1 0.283871
2 0.232258
3 0.322581
4 0.322581
5 0.341935
6 0.341935
7 0.341935
8 0.341935
9 0.341935
10 0.341935
11 0.341935
12 0.341935
13 0.341935
14 0.341935
15 0.341935
16 0.341935
17 0.341935
18 0.193548
19 0.193548
20 0.245161
21 0.245161
22 0.245161
23 0.245161
24 0.245161
25 0.264516
26 0.335484
27 0.335484
28 0.335484
29 0.335484
30 0.335484
31 0.316129
32 0.303226
33 0.348387
34 0.348387
35 0.348387
36 0.283871
37 0.283871
38 0.283871
39 0.283871
40 0.283871
41 0.316129
42 0.316129
43 0.348387
44 0.348387
45 0.316129
46 0.348387
47 0.348387
48 0.316129
49 0.316129
50 0.316129
51 0.316129
52 0.316129
53 0.36129
54 0.380645
55 0.367742
56 0.225806
57 0.225806
58 0.225806
59 0.225806
60 0.225806
61 0.225806
62 0.225806
63 0.225806
64 0.225806
65 0.225806
66 0.225806
67 0.225806
68 0.329032
69 0.329032
70 0.329032
71 0.329032
72 0.335484
73 0.335484
74 0.335484
75 0.335484
76 0.335484
77 0.335484
78 0.335484
79 0.335484
80 0.335484
81 0.335484
82 0.335484
83 0.335484
84 0.335484
85 0.335484
86 0.335484
87 0.335484
88 0.335484
89 0.335484
90 0.335484
91 0.335484
92 0.335484
93 0.335484
94 0.335484
95 0.335484
96 0.335484
97 0.335484
98 0.335484
99 0.335484
100 0.335484
101 0.335484
102 0.335484
103 0.335484
104 0.335484
105 0.335484
106 0.335484
107 0.335484
108 0.335484
109 0.335484
110 0.335484
111 0.335484
112 0.335484
113 0.335484
114 0.335484
115 0.335484
116 0.335484
117 0.335484
118 0.335484
119 0.335484
120 0.335484
121 0.335484
122 0.335484
123 0.335484
124 0.335484
125 0.335484
126 0.335484
127 0.335484
128 0.335484
129 0.335484
130 0.335484
131 0.335484
132 0.335484
133 0.335484
134 0.335484
135 0.335484
136 0.335484
137 0.335484
138 0.335484
139 0.335484
140 0.335484
141 0.335484
142 0.335484
143 0.335484
144 0.335484
145 0.335484
146 0.335484
147 0.335484
148 0.335484
149 0.335484
150 0.335484
151 0.335484
152 0.335484
153 0.335484
154 0.335484
155 0.335484
156 0.335484
157 0.335484
158 0.335484
159 0.335484
160 0.335484
161 0.335484
162 0.335484
163 0.335484
164 0.335484
165 0.335484
166 0.335484
167 0.335484
168 0.335484
169 0.335484
170 0.335484
171 0.335484
172 0.335484
173 0.335484
174 0.335484
175 0.335484
176 0.335484
177 0.335484
178 0.335484
179 0.335484
180 0.335484
181 0.335484
182 0.322581
183 0.322581
184 0.322581
185 0.322581
186 0.322581
187 0.322581
188 0.322581
189 0.322581
190 0.322581
191 0.322581
192 0.322581
193 0.322581
194 0.322581
195 0.322581
196 0.322581
197 0.322581
198 0.322581
199 0.322581
200 0.322581
201 0.322581
202 0.322581
203 0.322581
204 0.322581
205 0.335484
206 0.335484
207 0.335484
208 0.335484
209 0.335484
210 0.335484
211 0.335484
212 0.335484
213 0.322581
214 0.322581
215 0.322581
216 0.322581
217 0.322581
218 0.322581
219 0.322581
220 0.322581
221 0.322581
222 0.322581
223 0.322581
224 0.322581
225 0.322581
226 0.322581
227 0.322581
228 0.322581
229 0.322581
230 0.322581
231 0.322581
232 0.322581
233 0.322581
234 0.322581
235 0.322581
236 0.322581
237 0.322581
238 0.322581
239 0.322581
240 0.322581
241 0.322581
242 0.322581
243 0.322581
244 0.322581
245 0.322581
246 0.322581
247 0.322581
248 0.322581
249 0.322581
250 0.322581
251 0.322581
252 0.322581
253 0.322581
254 0.322581
255 0.322581
256 0.322581
257 0.322581
258 0.322581
259 0.322581
260 0.322581
261 0.322581
262 0.322581
263 0.322581
264 0.322581
265 0.322581
266 0.322581
267 0.322581
268 0.322581
269 0.322581
270 0.322581
271 0.322581
272 0.322581
273 0.322581
274 0.322581
275 0.322581
276 0.322581
277 0.322581
278 0.322581
279 0.322581
280 0.322581
281 0.322581
282 0.322581
283 0.322581
