0 0
1 0.160833
2 0.166667
3 0.165
4 0.106667
5 0.106667
6 0.196667
7 0.205833
8 0.205833
9 0.2025
10 0.205
11 0.2125
12 0.2125
13 0.223333
14 0.223333
15 0.229167
16 0.229167
17 0.250833
18 0.250833
19 0.2375
20 0.2375
21 0.253333
22 0.163333
23 0.154167
24 0.154167
25 0.1625
26 0.1625
27 0.1625
28 0.1725
29 0.1725
30 0.1725
31 0.1725
32 0.1725
33 0.1725
34 0.176667
35 0.176667
36 0.176667
37 0.176667
38 0.176667
39 0.1725
40 0.1725
41 0.1725
42 0.1725
43 0.1725
44 0.1725
45 0.1725
46 0.1725
47 0.176667
48 0.176667
49 0.176667
50 0.176667
51 0.176667
52 0.176667
53 0.176667
54 0.176667
55 0.176667
56 0.176667
57 0.176667
58 0.176667
59 0.176667
60 0.176667
61 0.176667
62 0.170833
63 0.170833
64 0.170833
65 0.170833
66 0.191667
67 0.191667
68 0.191667
69 0.191667
70 0.191667
71 0.191667
72 0.191667
73 0.191667
74 0.191667
75 0.266667
76 0.266667
77 0.273333
78 0.273333
79 0.273333
80 0.273333
81 0.283333
82 0.283333
83 0.283333
84 0.283333
85 0.263333
86 0.278333
87 0.278333
88 0.259167
89 0.27
90 0.27
91 0.27
92 0.27
93 0.2875
94 0.2875
95 0.2875
96 0.2875
97 0.270833
98 0.270833
99 0.270833
100 0.270833
101 0.270833
102 0.270833
103 0.270833
104 0.270833
105 0.270833
106 0.270833
107 0.270833
108 0.278333
109 0.278333
110 0.278333
111 0.283333
112 0.2825
113 0.2825
114 0.2825
115 0.2925
116 0.308333
117 0.308333
118 0.308333
119 0.308333
120 0.308333
121 0.308333
122 0.308333
123 0.289167
124 0.289167
125 0.289167
126 0.289167
127 0.289167
128 0.289167
129 0.289167
130 0.289167
131 0.289167
132 0.289167
133 0.289167
134 0.289167
135 0.289167
136 0.289167
137 0.289167
138 0.289167
139 0.289167
140 0.289167
141 0.289167
142 0.289167
143 0.289167
144 0.289167
145 0.289167
146 0.289167
147 0.289167
148 0.289167
149 0.289167
150 0.289167
151 0.289167
152 0.289167
153 0.289167
154 0.289167
155 0.289167
156 0.289167
157 0.289167
158 0.289167
159 0.289167
160 0.289167
161 0.289167
162 0.289167
163 0.289167
164 0.289167
165 0.289167
166 0.289167
167 0.289167
168 0.289167
169 0.289167
170 0.289167
171 0.289167
172 0.289167
173 0.289167
174 0.289167
175 0.289167
176 0.289167
177 0.289167
178 0.289167
179 0.289167
180 0.289167
181 0.289167
182 0.289167
183 0.289167
184 0.289167
185 0.289167
186 0.289167
187 0.289167
188 0.300833
189 0.300833
190 0.300833
191 0.300833
192 0.300833
193 0.300833
194 0.300833
195 0.300833
196 0.300833
197 0.300833
198 0.300833
199 0.300833
200 0.300833
201 0.300833
202 0.300833
203 0.300833
204 0.300833
205 0.300833
206 0.300833
207 0.300833
208 0.300833
209 0.300833
210 0.300833
211 0.300833
212 0.300833
213 0.300833
214 0.300833
215 0.300833
216 0.300833
217 0.300833
218 0.300833
219 0.300833
220 0.300833
221 0.300833
222 0.300833
223 0.300833
224 0.300833
225 0.300833
226 0.300833
227 0.300833
228 0.300833
229 0.300833
230 0.296667
231 0.296667
232 0.296667
233 0.296667
234 0.300833
235 0.300833
236 0.300833
237 0.300833
238 0.300833
239 0.296667
240 0.296667
241 0.296667
242 0.296667
243 0.296667
244 0.296667
245 0.296667
246 0.296667
247 0.296667
248 0.296667
249 0.2925
250 0.2925
251 0.2925
252 0.2925
253 0.2925
254 0.2925
255 0.2925
256 0.2925
257 0.2925
258 0.2925
259 0.2925
260 0.2925
261 0.2925
262 0.2925
263 0.2925
264 0.2925
265 0.2925
266 0.2925
267 0.2925
268 0.2925
269 0.2925
270 0.2925
271 0.2925
272 0.2925
273 0.2925
274 0.288333
275 0.288333
276 0.288333
277 0.288333
278 0.288333
279 0.288333
280 0.300833
281 0.300833
282 0.300833
283 0.300833
284 0.300833
285 0.300833
286 0.300833
287 0.300833
288 0.300833
289 0.300833
290 0.300833
291 0.300833
292 0.300833
293 0.300833
294 0.300833
295 0.300833
296 0.300833
297 0.300833
298 0.300833
299 0.300833
300 0.300833
301 0.300833
302 0.300833
303 0.291667
304 0.291667
305 0.291667
306 0.291667
307 0.291667
308 0.291667
309 0.291667
310 0.291667
311 0.291667
312 0.291667
313 0.291667
314 0.291667
315 0.291667
316 0.291667
317 0.291667
318 0.291667
319 0.291667
320 0.291667
321 0.291667
322 0.291667
323 0.291667
324 0.291667
325 0.291667
326 0.291667
327 0.291667
328 0.291667
329 0.291667
330 0.291667
331 0.291667
