0 0
1 0.164916
2 0.190139
3 0.208693
4 0.208693
5 0.245392
6 0.246138
7 0.246138
8 0.247479
9 0.246138
10 0.246138
11 0.246138
12 0.246138
13 0.246138
14 0.246138
15 0.246138
16 0.246138
17 0.246138
18 0.251366
19 0.251366
20 0.257178
21 0.257178
22 0.257178
23 0.258073
24 0.258073
25 0.262096
26 0.27238
27 0.27238
28 0.27238
29 0.27238
30 0.27238
31 0.272827
32 0.268356
33 0.314841
34 0.314841
35 0.314841
36 0.334662
37 0.334662
38 0.334662
39 0.334662
40 0.332427
41 0.322044
42 0.322044
43 0.324429
44 0.324429
45 0.338537
46 0.329893
47 0.329893
48 0.332874
49 0.332874
50 0.332874
51 0.332874
52 0.332874
53 0.335556
54 0.332576
55 0.343058
56 0.326379
57 0.326379
58 0.326379
59 0.326379
60 0.326379
61 0.326379
62 0.326379
63 0.326379
64 0.326379
65 0.326379
66 0.326379
67 0.326379
68 0.335358
69 0.335358
70 0.338338
71 0.338338
72 0.341617
73 0.341617
74 0.341617
75 0.342362
76 0.342362
77 0.342362
78 0.342362
79 0.342362
80 0.342958
81 0.342958
82 0.342958
83 0.342958
84 0.342958
85 0.342958
86 0.342958
87 0.342958
88 0.342958
89 0.342958
90 0.342958
91 0.342958
92 0.342958
93 0.342362
94 0.342362
95 0.342362
96 0.342362
97 0.339344
98 0.339344
99 0.339344
100 0.339344
101 0.339344
102 0.339344
103 0.339344
104 0.339344
105 0.339344
106 0.340835
107 0.340835
108 0.340835
109 0.340835
110 0.339344
111 0.339344
112 0.339344
113 0.339344
114 0.339344
115 0.339344
116 0.339344
117 0.339344
118 0.340089
119 0.340089
120 0.340089
121 0.340089
122 0.340238
123 0.33994
124 0.33994
125 0.33994
126 0.339493
127 0.337556
128 0.337556
129 0.337556
130 0.337556
131 0.338748
132 0.33994
133 0.340686
134 0.340686
135 0.340686
136 0.340686
137 0.340686
138 0.340686
139 0.340686
140 0.340686
141 0.340686
142 0.340686
143 0.33994
144 0.33994
145 0.33994
146 0.33994
147 0.33994
148 0.33994
149 0.339195
150 0.340537
151 0.340537
152 0.340537
153 0.341729
154 0.341729
155 0.341729
156 0.340984
157 0.340984
158 0.340984
159 0.340984
160 0.340984
161 0.340984
162 0.339642
163 0.339642
164 0.336215
165 0.336215
166 0.336215
167 0.336215
168 0.336215
169 0.336215
170 0.336215
171 0.336215
172 0.336215
173 0.336215
174 0.336215
175 0.336215
176 0.336215
177 0.336215
178 0.336215
179 0.336215
180 0.336066
181 0.336066
182 0.339642
183 0.339642
184 0.339642
185 0.339642
186 0.339642
187 0.339642
188 0.339642
189 0.339642
190 0.339642
191 0.339642
192 0.339642
193 0.339642
194 0.339642
195 0.339642
196 0.339642
197 0.339642
198 0.339642
199 0.339642
200 0.339642
201 0.339642
202 0.339642
203 0.339642
204 0.339642
205 0.340238
206 0.340238
207 0.340238
208 0.340238
209 0.340238
210 0.340238
211 0.340238
212 0.340238
213 0.340387
214 0.340387
215 0.340387
216 0.340387
217 0.340387
218 0.341282
219 0.341282
220 0.341133
221 0.341133
222 0.341133
223 0.340238
224 0.340238
225 0.340238
226 0.340238
227 0.340238
228 0.340238
229 0.340238
230 0.340238
231 0.340238
232 0.340238
233 0.340238
234 0.340238
235 0.340238
236 0.340089
237 0.340089
238 0.340089
239 0.340089
240 0.340089
241 0.340089
242 0.340089
243 0.340089
244 0.340089
245 0.340089
246 0.340089
247 0.340089
248 0.340089
249 0.340089
250 0.340089
251 0.340089
252 0.340089
253 0.340089
254 0.340089
255 0.340089
256 0.338897
257 0.338897
258 0.338897
259 0.338897
260 0.338897
261 0.338897
262 0.339344
263 0.339344
264 0.339344
265 0.338748
266 0.338748
267 0.339046
268 0.339046
269 0.33845
270 0.33845
271 0.33845
272 0.33845
273 0.33845
274 0.33845
275 0.33845
276 0.338152
277 0.338152
278 0.338152
279 0.338152
280 0.338152
281 0.338152
282 0.338152
283 0.338152
