0 0
1 0.149859
2 0.165634
3 0.186338
4 0.186338
5 0.224789
6 0.225915
7 0.225915
8 0.226761
9 0.226901
10 0.226901
11 0.226901
12 0.226901
13 0.226901
14 0.226901
15 0.226901
16 0.226901
17 0.226901
18 0.284648
19 0.284648
20 0.284789
21 0.284789
22 0.284789
23 0.284789
24 0.284789
25 0.287887
26 0.285915
27 0.285915
28 0.285915
29 0.285915
30 0.285915
31 0.297746
32 0.30662
33 0.317324
34 0.317324
35 0.317324
36 0.349718
37 0.349718
38 0.349718
39 0.349718
40 0.352535
41 0.341549
42 0.342394
43 0.341972
44 0.341972
45 0.355493
46 0.346197
47 0.346197
48 0.35
49 0.35
50 0.35
51 0.35
52 0.35
53 0.350704
54 0.343239
55 0.335915
56 0.34338
57 0.34338
58 0.34338
59 0.34338
60 0.34338
61 0.34338
62 0.34338
63 0.34338
64 0.34338
65 0.34338
66 0.34338
67 0.34338
68 0.356901
69 0.356901
70 0.35662
71 0.35662
72 0.357746
73 0.357746
74 0.357746
75 0.357606
76 0.357606
77 0.357606
78 0.357606
79 0.357606
80 0.357042
81 0.357042
82 0.357042
83 0.357042
84 0.357042
85 0.357042
86 0.357042
87 0.35831
88 0.35831
89 0.35831
90 0.35831
91 0.35831
92 0.35831
93 0.35831
94 0.35831
95 0.35831
96 0.35831
97 0.337887
98 0.337887
99 0.337887
100 0.337887
101 0.337887
102 0.337887
103 0.337887
104 0.337887
105 0.337887
106 0.337887
107 0.337887
108 0.337887
109 0.337887
110 0.337887
111 0.337887
112 0.337887
113 0.337887
114 0.337887
115 0.337887
116 0.337887
117 0.337887
118 0.337746
119 0.337746
120 0.337746
121 0.337746
122 0.337746
123 0.336901
124 0.336901
125 0.336901
126 0.338169
127 0.336479
128 0.336479
129 0.336479
130 0.336479
131 0.337887
132 0.338732
133 0.338873
134 0.338873
135 0.338873
136 0.338873
137 0.33831
138 0.338169
139 0.338169
140 0.338169
141 0.338169
142 0.338169
143 0.338169
144 0.338169
145 0.338169
146 0.338169
147 0.338169
148 0.338169
149 0.338732
150 0.338592
151 0.338592
152 0.338592
153 0.338028
154 0.338028
155 0.338028
156 0.338592
157 0.338592
158 0.338592
159 0.338592
160 0.338592
161 0.338592
162 0.338732
163 0.338732
164 0.337606
165 0.337606
166 0.337606
167 0.337606
168 0.337606
169 0.337606
170 0.337606
171 0.337606
172 0.337606
173 0.337606
174 0.337606
175 0.337606
176 0.337606
177 0.337606
178 0.337606
179 0.337606
180 0.336901
181 0.336901
182 0.335211
183 0.335211
184 0.335211
185 0.335211
186 0.335211
187 0.335211
188 0.335211
189 0.335211
190 0.335211
191 0.335211
192 0.335211
193 0.335211
194 0.335211
195 0.335211
196 0.335211
197 0.335211
198 0.335211
199 0.335211
200 0.335211
201 0.335211
202 0.335211
203 0.335211
204 0.335211
205 0.33507
206 0.33507
207 0.33507
208 0.33507
209 0.33507
210 0.33507
211 0.33493
212 0.33493
213 0.335352
214 0.335352
215 0.335352
216 0.335352
217 0.335352
218 0.33493
219 0.33493
220 0.335211
221 0.335211
222 0.335211
223 0.335775
224 0.335775
225 0.335775
226 0.335775
227 0.335775
228 0.335775
229 0.335775
230 0.335775
231 0.335775
232 0.335775
233 0.335775
234 0.335775
235 0.335915
236 0.336056
237 0.336056
238 0.336056
239 0.336056
240 0.336056
241 0.336056
242 0.336056
243 0.336056
244 0.336056
245 0.336056
246 0.336056
247 0.336056
248 0.336056
249 0.336056
250 0.336056
251 0.336056
252 0.336056
253 0.336056
254 0.336056
255 0.336056
256 0.334085
257 0.334085
258 0.334085
259 0.334085
260 0.334085
261 0.334085
262 0.334085
263 0.334085
264 0.334085
265 0.334648
266 0.334648
267 0.335352
268 0.335352
269 0.334085
270 0.334085
271 0.334085
272 0.334085
273 0.334085
274 0.334085
275 0.334085
276 0.333239
277 0.333239
278 0.333239
279 0.333239
280 0.333239
281 0.333239
282 0.333239
283 0.333239
