0 0
1 0.158333
2 0.184167
3 0.184167
4 0.184167
5 0.184167
6 0.184167
7 0.214167
8 0.2175
9 0.2175
10 0.219167
11 0.2175
12 0.250833
13 0.250833
14 0.24
15 0.2425
16 0.2425
17 0.239167
18 0.239167
19 0.224167
20 0.246667
21 0.244167
22 0.0625
23 0.0625
24 0.0625
25 0.0625
26 0.0625
27 0.0625
28 0.0675
29 0.145833
30 0.0716667
31 0.0658333
32 0.0658333
33 0.0658333
34 0.178333
35 0.178333
36 0.178333
37 0.219167
38 0.219167
39 0.205
40 0.205
41 0.205
42 0.205
43 0.196667
44 0.201667
45 0.176667
46 0.176667
47 0.176667
48 0.170833
49 0.170833
50 0.170833
51 0.170833
52 0.170833
53 0.183333
54 0.183333
55 0.183333
56 0.183333
57 0.183333
58 0.183333
59 0.183333
60 0.183333
61 0.183333
62 0.183333
63 0.183333
64 0.183333
65 0.183333
66 0.183333
67 0.183333
68 0.183333
69 0.183333
70 0.184167
71 0.184167
72 0.184167
73 0.184167
74 0.175833
75 0.175833
76 0.175833
77 0.175833
78 0.175833
79 0.175833
80 0.175833
81 0.175833
82 0.175833
83 0.230833
84 0.230833
85 0.230833
86 0.230833
87 0.230833
88 0.230833
89 0.230833
90 0.230833
91 0.235
92 0.241667
93 0.270833
94 0.270833
95 0.270833
96 0.270833
97 0.270833
98 0.283333
99 0.285833
100 0.285833
101 0.285833
102 0.285833
103 0.285833
104 0.285833
105 0.285833
106 0.285833
107 0.294167
108 0.270833
109 0.270833
110 0.270833
111 0.270833
112 0.270833
113 0.270833
114 0.270833
115 0.270833
116 0.270833
117 0.270833
118 0.270833
119 0.270833
120 0.270833
121 0.266667
122 0.266667
123 0.266667
124 0.266667
125 0.266667
126 0.289167
127 0.289167
128 0.289167
129 0.289167
130 0.289167
131 0.289167
132 0.289167
133 0.289167
134 0.289167
135 0.289167
136 0.289167
137 0.289167
138 0.289167
139 0.289167
140 0.289167
141 0.289167
142 0.289167
143 0.289167
144 0.289167
145 0.289167
146 0.289167
147 0.289167
148 0.289167
149 0.289167
150 0.289167
151 0.289167
152 0.289167
153 0.289167
154 0.289167
155 0.289167
156 0.289167
157 0.289167
158 0.289167
159 0.289167
160 0.289167
161 0.289167
162 0.289167
163 0.289167
164 0.289167
165 0.289167
166 0.289167
167 0.289167
168 0.289167
169 0.289167
170 0.289167
171 0.289167
172 0.289167
173 0.289167
174 0.289167
175 0.289167
176 0.289167
177 0.289167
178 0.289167
179 0.289167
180 0.289167
181 0.289167
182 0.289167
183 0.289167
184 0.289167
185 0.289167
186 0.289167
187 0.289167
188 0.289167
189 0.300833
190 0.300833
191 0.300833
192 0.300833
193 0.300833
194 0.300833
195 0.300833
196 0.300833
197 0.300833
198 0.300833
199 0.300833
200 0.300833
201 0.300833
202 0.300833
203 0.300833
204 0.300833
205 0.300833
206 0.300833
207 0.300833
208 0.300833
209 0.300833
210 0.300833
211 0.300833
212 0.300833
213 0.300833
214 0.300833
215 0.300833
216 0.300833
217 0.300833
218 0.300833
219 0.300833
220 0.300833
221 0.300833
222 0.300833
223 0.300833
224 0.300833
225 0.300833
226 0.300833
227 0.300833
228 0.300833
229 0.300833
230 0.300833
231 0.300833
232 0.300833
233 0.300833
234 0.300833
235 0.300833
236 0.300833
237 0.300833
238 0.300833
239 0.300833
240 0.300833
241 0.300833
242 0.300833
243 0.300833
244 0.300833
245 0.300833
246 0.300833
247 0.300833
248 0.300833
249 0.300833
250 0.300833
251 0.300833
252 0.300833
253 0.300833
254 0.300833
255 0.300833
256 0.300833
257 0.300833
258 0.300833
259 0.300833
260 0.300833
261 0.300833
262 0.300833
263 0.300833
264 0.300833
265 0.300833
266 0.300833
267 0.300833
268 0.300833
269 0.300833
270 0.300833
271 0.300833
272 0.300833
273 0.300833
274 0.300833
275 0.300833
276 0.300833
277 0.300833
278 0.300833
279 0.300833
280 0.291667
281 0.291667
282 0.291667
283 0.291667
284 0.291667
285 0.291667
286 0.291667
287 0.291667
288 0.291667
289 0.291667
290 0.291667
291 0.291667
292 0.291667
293 0.291667
294 0.291667
295 0.291667
296 0.291667
297 0.291667
298 0.291667
299 0.291667
300 0.291667
301 0.291667
302 0.291667
303 0.291667
304 0.291667
305 0.291667
306 0.291667
307 0.291667
308 0.291667
