0 0
1 0.0848889
2 0.171222
3 0.174667
4 0.174667
5 0.196444
6 0.196444
7 0.196444
8 0.201926
9 0.201741
10 0.19463
11 0.218519
12 0.23763
13 0.24163
14 0.242519
15 0.242519
16 0.244741
17 0.248741
18 0.256222
19 0.256222
20 0.256222
21 0.256222
22 0.256222
23 0.256222
24 0.256222
25 0.254444
26 0.254444
27 0.252222
28 0.252222
29 0.252222
30 0.251111
31 0.252667
32 0.252667
33 0.252667
34 0.262667
35 0.262667
36 0.262667
37 0.262667
38 0.262667
39 0.262667
40 0.262667
41 0.259111
42 0.259111
43 0.259111
44 0.259111
45 0.259111
46 0.261778
47 0.261778
48 0.261778
49 0.261778
50 0.261778
51 0.261778
52 0.261778
53 0.261778
54 0.261778
55 0.261778
56 0.242
57 0.253037
58 0.253037
59 0.254778
60 0.254778
61 0.254778
62 0.254778
63 0.254778
64 0.254778
65 0.254778
66 0.254778
67 0.254778
68 0.246407
69 0.246407
70 0.246407
71 0.246407
72 0.260889
73 0.260889
74 0.260889
75 0.260889
76 0.260889
77 0.249407
78 0.249407
79 0.24463
80 0.238519
81 0.238519
82 0.238519
83 0.239407
84 0.239407
85 0.239407
86 0.239407
87 0.239407
88 0.282
89 0.282
90 0.282
91 0.282
92 0.282
93 0.282
94 0.282
95 0.282
96 0.281556
97 0.279333
98 0.279333
99 0.279333
100 0.279333
101 0.26063
102 0.26063
103 0.26063
104 0.26063
105 0.26063
106 0.26063
107 0.26063
108 0.26063
109 0.26063
110 0.26063
111 0.26063
112 0.259889
113 0.259889
114 0.258333
115 0.260185
116 0.260185
117 0.260185
118 0.260185
119 0.260185
120 0.260333
121 0.26063
122 0.26063
123 0.26063
124 0.26063
125 0.259296
126 0.259296
127 0.259296
128 0.259296
129 0.259741
130 0.259741
131 0.259741
132 0.259741
133 0.260185
134 0.260185
135 0.260185
136 0.260185
137 0.260185
138 0.260185
139 0.260185
140 0.266889
141 0.266889
142 0.266889
143 0.266889
144 0.266889
145 0.269111
146 0.269111
147 0.269111
148 0.269111
149 0.269111
150 0.269111
151 0.269111
152 0.269111
153 0.269111
154 0.269111
155 0.269111
156 0.265556
157 0.265556
158 0.265556
159 0.265556
160 0.265556
161 0.265556
162 0.265556
163 0.265556
164 0.265556
165 0.265556
166 0.265556
167 0.265556
168 0.265556
169 0.260444
170 0.260444
171 0.260444
172 0.260444
173 0.260444
174 0.260444
175 0.262222
176 0.262222
177 0.262222
178 0.262222
179 0.262222
180 0.262222
181 0.262222
182 0.262222
183 0.262222
184 0.262222
185 0.262222
186 0.262222
187 0.258667
188 0.258667
189 0.258667
190 0.258667
191 0.258667
192 0.258667
193 0.258667
194 0.258667
195 0.258667
196 0.255111
197 0.255111
198 0.255111
199 0.254222
200 0.254222
201 0.254222
202 0.254222
203 0.254222
204 0.254222
205 0.254222
206 0.254222
207 0.255556
208 0.255556
209 0.255556
210 0.255556
211 0.255556
212 0.255556
213 0.255556
214 0.255556
215 0.255556
216 0.255556
217 0.255556
218 0.255556
219 0.255556
220 0.255556
221 0.254667
222 0.254667
223 0.254667
224 0.254667
225 0.254222
226 0.256
227 0.256
228 0.256
229 0.256
230 0.256
231 0.256
232 0.256
233 0.256
234 0.256
235 0.256
236 0.256
237 0.256
238 0.256
239 0.256
240 0.256
241 0.256
242 0.256
243 0.256
244 0.254222
245 0.254222
246 0.254222
247 0.254222
248 0.254222
249 0.254222
250 0.254222
251 0.254222
252 0.254222
253 0.254222
254 0.254222
255 0.254222
256 0.254222
257 0.254222
258 0.254222
259 0.254222
260 0.254222
261 0.256
262 0.256
263 0.256
264 0.257778
265 0.257778
266 0.257778
267 0.256889
268 0.257778
269 0.257778
270 0.257778
271 0.257778
272 0.259111
273 0.259111
274 0.259111
275 0.259111
276 0.259111
277 0.259111
278 0.257778
279 0.257778
280 0.257778
281 0.257778
282 0.257778
283 0.257778
284 0.257778
285 0.257778
286 0.257778
287 0.257778
288 0.257778
289 0.257778
290 0.257778
291 0.257778
292 0.257778
293 0.257778
294 0.257778
