0 0
1 0.14898
2 0.172913
3 0.208534
4 0.208534
5 0.236549
6 0.242857
7 0.242857
8 0.244712
9 0.242672
10 0.242672
11 0.242672
12 0.242672
13 0.242672
14 0.242672
15 0.242672
16 0.242672
17 0.242672
18 0.212059
19 0.212059
20 0.2141
21 0.2141
22 0.2141
23 0.229314
24 0.229314
25 0.239147
26 0.255102
27 0.255102
28 0.255102
29 0.255102
30 0.255102
31 0.251391
32 0.244898
33 0.303154
34 0.303154
35 0.303154
36 0.287755
37 0.287755
38 0.287755
39 0.287755
40 0.288868
41 0.311874
42 0.311874
43 0.311132
44 0.311132
45 0.301113
46 0.31744
47 0.31744
48 0.307607
49 0.307607
50 0.307607
51 0.307607
52 0.307607
53 0.306122
54 0.324675
55 0.345455
56 0.3
57 0.3
58 0.3
59 0.3
60 0.3
61 0.3
62 0.3
63 0.3
64 0.3
65 0.3
66 0.3
67 0.3
68 0.311132
69 0.311132
70 0.312059
71 0.312059
72 0.33154
73 0.33154
74 0.33154
75 0.332839
76 0.332839
77 0.332839
78 0.332839
79 0.332839
80 0.33321
81 0.33321
82 0.33321
83 0.33321
84 0.33321
85 0.33321
86 0.33321
87 0.333581
88 0.333581
89 0.333581
90 0.333581
91 0.333581
92 0.333581
93 0.331911
94 0.331911
95 0.331911
96 0.331911
97 0.345269
98 0.345269
99 0.345269
100 0.345269
101 0.345269
102 0.345269
103 0.345269
104 0.345269
105 0.345269
106 0.345269
107 0.345269
108 0.345269
109 0.345269
110 0.345269
111 0.345269
112 0.345269
113 0.345269
114 0.345269
115 0.345269
116 0.345269
117 0.345269
118 0.344898
119 0.344898
120 0.344898
121 0.344898
122 0.344898
123 0.344712
124 0.344712
125 0.344712
126 0.34397
127 0.344156
128 0.344156
129 0.344156
130 0.344156
131 0.344156
132 0.344341
133 0.344341
134 0.344341
135 0.344341
136 0.345455
137 0.344527
138 0.345826
139 0.345826
140 0.345826
141 0.344898
142 0.344898
143 0.344712
144 0.344712
145 0.344712
146 0.344712
147 0.344712
148 0.344712
149 0.34397
150 0.344527
151 0.344527
152 0.344527
153 0.345826
154 0.345826
155 0.345826
156 0.345826
157 0.345826
158 0.345826
159 0.345826
160 0.345826
161 0.345826
162 0.344712
163 0.344712
164 0.341002
165 0.341002
166 0.341002
167 0.341002
168 0.341002
169 0.341002
170 0.341002
171 0.341002
172 0.341002
173 0.341002
174 0.341002
175 0.341002
176 0.341002
177 0.341002
178 0.341002
179 0.341002
180 0.341002
181 0.341002
182 0.338961
183 0.338961
184 0.338961
185 0.338961
186 0.338961
187 0.338961
188 0.338961
189 0.338961
190 0.338961
191 0.338961
192 0.338961
193 0.338961
194 0.338961
195 0.338961
196 0.338961
197 0.338961
198 0.338961
199 0.338961
200 0.338961
201 0.338961
202 0.338961
203 0.338961
204 0.338961
205 0.338404
206 0.338404
207 0.338404
208 0.338404
209 0.338404
210 0.338404
211 0.338404
212 0.338404
213 0.338961
214 0.338961
215 0.338961
216 0.338961
217 0.338961
218 0.34026
219 0.34026
220 0.339889
221 0.339889
222 0.339889
223 0.338776
224 0.338776
225 0.338776
226 0.338776
227 0.338776
228 0.338776
229 0.338776
230 0.338776
231 0.338776
232 0.338776
233 0.338776
234 0.338776
235 0.338776
236 0.338776
237 0.338776
238 0.338776
239 0.338776
240 0.338776
241 0.338776
242 0.338776
243 0.338776
244 0.338776
245 0.338776
246 0.338776
247 0.338776
248 0.338776
249 0.338776
250 0.338776
251 0.338776
252 0.338776
253 0.338776
254 0.338776
255 0.338776
256 0.342857
257 0.342857
258 0.342857
259 0.342857
260 0.342857
261 0.342857
262 0.342857
263 0.342857
264 0.342857
265 0.342857
266 0.342857
267 0.342857
268 0.342857
269 0.342857
270 0.342857
271 0.342857
272 0.342857
273 0.342857
274 0.342857
275 0.342857
276 0.342857
277 0.342857
278 0.342857
279 0.342857
280 0.342857
281 0.342857
282 0.342857
283 0.342857
