0 0
1 0.171111
2 0.167556
3 0.21
4 0.212
5 0.251333
6 0.251333
7 0.251333
8 0.251333
9 0.251333
10 0.251333
11 0.251333
12 0.251333
13 0.251333
14 0.251333
15 0.251333
16 0.251333
17 0.251333
18 0.251333
19 0.251333
20 0.244296
21 0.244296
22 0.246444
23 0.246444
24 0.246444
25 0.246444
26 0.246
27 0.246
28 0.246
29 0.246
30 0.246
31 0.246
32 0.26
33 0.26
34 0.26
35 0.26
36 0.26
37 0.26
38 0.262222
39 0.262222
40 0.262222
41 0.262667
42 0.262667
43 0.262667
44 0.262667
45 0.262667
46 0.260889
47 0.260889
48 0.260889
49 0.260444
50 0.260444
51 0.260444
52 0.262222
53 0.262222
54 0.262222
55 0.260889
56 0.260889
57 0.261333
58 0.261333
59 0.258222
60 0.244296
61 0.244296
62 0.25
63 0.25
64 0.25
65 0.243333
66 0.243333
67 0.243333
68 0.243333
69 0.245519
70 0.245519
71 0.250333
72 0.245222
73 0.245222
74 0.245222
75 0.249741
76 0.249741
77 0.251074
78 0.261407
79 0.260519
80 0.260519
81 0.260074
82 0.25963
83 0.258963
84 0.259407
85 0.259407
86 0.259407
87 0.257296
88 0.280889
89 0.280889
90 0.280889
91 0.280889
92 0.280889
93 0.280889
94 0.280889
95 0.280889
96 0.280889
97 0.280889
98 0.280889
99 0.280889
100 0.280889
101 0.280889
102 0.280889
103 0.280889
104 0.281333
105 0.281333
106 0.266889
107 0.266889
108 0.266889
109 0.266889
110 0.266889
111 0.266889
112 0.266889
113 0.266889
114 0.266889
115 0.266889
116 0.266889
117 0.266889
118 0.266889
119 0.266889
120 0.266889
121 0.266889
122 0.264444
123 0.264444
124 0.261556
125 0.259778
126 0.259778
127 0.259778
128 0.259778
129 0.259778
130 0.259778
131 0.259778
132 0.259778
133 0.259778
134 0.259778
135 0.259778
136 0.259778
137 0.259778
138 0.259778
139 0.259778
140 0.262889
141 0.262889
142 0.262889
143 0.262889
144 0.262889
145 0.262889
146 0.262889
147 0.262889
148 0.262889
149 0.262889
150 0.262889
151 0.262889
152 0.262889
153 0.262889
154 0.262889
155 0.27
156 0.27
157 0.27
158 0.27
159 0.27
160 0.27
161 0.261556
162 0.261556
163 0.261556
164 0.261556
165 0.261556
166 0.262889
167 0.265778
168 0.268889
169 0.268889
170 0.268889
171 0.268889
172 0.268889
173 0.268889
174 0.268889
175 0.268889
176 0.268889
177 0.268889
178 0.268889
179 0.265778
180 0.265778
181 0.265778
182 0.265778
183 0.265778
184 0.265778
185 0.264667
186 0.264667
187 0.263111
188 0.263111
189 0.263111
190 0.263111
191 0.263111
192 0.263556
193 0.263556
194 0.249333
195 0.249333
196 0.249333
197 0.249333
198 0.249333
199 0.249333
200 0.249333
201 0.249333
202 0.255111
203 0.255111
204 0.255111
205 0.255111
206 0.255111
207 0.255111
208 0.255111
209 0.255111
210 0.255111
211 0.255111
212 0.255111
213 0.255111
214 0.255111
215 0.255111
216 0.255111
217 0.255111
218 0.255111
219 0.255111
220 0.255111
221 0.255111
222 0.255111
223 0.255111
224 0.254222
225 0.254222
226 0.254222
227 0.254222
228 0.254222
229 0.254222
230 0.254222
231 0.254222
232 0.254222
233 0.254222
234 0.254222
235 0.254667
236 0.254667
237 0.254667
238 0.254667
239 0.254667
240 0.256
241 0.256
242 0.256
243 0.256
244 0.256
245 0.256
246 0.256
247 0.256
248 0.256
249 0.256
250 0.256
251 0.256
252 0.256
253 0.256
254 0.256
255 0.256
256 0.256
257 0.256
258 0.256
259 0.256
260 0.254667
261 0.254667
262 0.254667
263 0.254667
264 0.254667
265 0.256
266 0.256
267 0.256
268 0.256
269 0.256
270 0.256
271 0.256
272 0.256
273 0.256
274 0.256
275 0.256
276 0.256
277 0.256
278 0.256
279 0.256
280 0.256
281 0.256
282 0.256
283 0.256
284 0.256
285 0.256
286 0.256
287 0.256
288 0.256
289 0.256
290 0.256
291 0.256
292 0.256
293 0.256
294 0.256
295 0.257778
296 0.258667
297 0.258667
298 0.257778
299 0.257778
300 0.257778
301 0.257778
302 0.257778
303 0.257778
304 0.257778
305 0.257778
306 0.257778
307 0.257778
308 0.257778
309 0.257778
310 0.257778
311 0.258667
312 0.258667
313 0.258667
314 0.258667
315 0.258667
316 0.258667
317 0.258667
318 0.258667
