0 0
1 0.277419
2 0.212903
3 0.212903
4 0.212903
5 0.212903
6 0.212903
7 0.316129
8 0.335484
9 0.335484
10 0.335484
11 0.335484
12 0.348387
13 0.348387
14 0.348387
15 0.348387
16 0.348387
17 0.348387
18 0.348387
19 0.251613
20 0.316129
21 0.316129
22 0.148387
23 0.148387
24 0.148387
25 0.148387
26 0.148387
27 0.148387
28 0.219355
29 0.0967742
30 0.23871
31 0.193548
32 0.193548
33 0.180645
34 0.135484
35 0.135484
36 0.135484
37 0.425806
38 0.425806
39 0.393548
40 0.393548
41 0.393548
42 0.393548
43 0.329032
44 0.36129
45 0.296774
46 0.296774
47 0.296774
48 0.264516
49 0.264516
50 0.264516
51 0.264516
52 0.264516
53 0.264516
54 0.264516
55 0.264516
56 0.264516
57 0.264516
58 0.264516
59 0.264516
60 0.264516
61 0.296774
62 0.296774
63 0.296774
64 0.296774
65 0.296774
66 0.296774
67 0.296774
68 0.296774
69 0.296774
70 0.296774
71 0.296774
72 0.296774
73 0.296774
74 0.296774
75 0.296774
76 0.296774
77 0.296774
78 0.296774
79 0.296774
80 0.296774
81 0.296774
82 0.296774
83 0.251613
84 0.251613
85 0.251613
86 0.251613
87 0.251613
88 0.251613
89 0.251613
90 0.219355
91 0.283871
92 0.258065
93 0.348387
94 0.348387
95 0.348387
96 0.348387
97 0.348387
98 0.348387
99 0.4
100 0.4
101 0.4
102 0.4
103 0.380645
104 0.380645
105 0.380645
106 0.380645
107 0.367742
108 0.348387
109 0.348387
110 0.348387
111 0.348387
112 0.348387
113 0.348387
114 0.348387
115 0.348387
116 0.348387
117 0.348387
118 0.348387
119 0.348387
120 0.348387
121 0.283871
122 0.283871
123 0.283871
124 0.283871
125 0.283871
126 0.335484
127 0.335484
128 0.335484
129 0.335484
130 0.335484
131 0.335484
132 0.335484
133 0.335484
134 0.335484
135 0.335484
136 0.335484
137 0.335484
138 0.335484
139 0.335484
140 0.335484
141 0.335484
142 0.335484
143 0.335484
144 0.335484
145 0.335484
146 0.335484
147 0.335484
148 0.335484
149 0.335484
150 0.335484
151 0.335484
152 0.335484
153 0.335484
154 0.335484
155 0.335484
156 0.335484
157 0.335484
158 0.335484
159 0.335484
160 0.335484
161 0.335484
162 0.335484
163 0.335484
164 0.335484
165 0.335484
166 0.335484
167 0.335484
168 0.335484
169 0.335484
170 0.335484
171 0.335484
172 0.335484
173 0.335484
174 0.335484
175 0.335484
176 0.335484
177 0.335484
178 0.335484
179 0.335484
180 0.335484
181 0.335484
182 0.335484
183 0.335484
184 0.335484
185 0.335484
186 0.335484
187 0.335484
188 0.335484
189 0.335484
190 0.335484
191 0.335484
192 0.335484
193 0.335484
194 0.335484
195 0.335484
196 0.335484
197 0.335484
198 0.335484
199 0.335484
200 0.335484
201 0.335484
202 0.335484
203 0.335484
204 0.335484
205 0.335484
206 0.335484
207 0.335484
208 0.335484
209 0.335484
210 0.335484
211 0.335484
212 0.335484
213 0.335484
214 0.335484
215 0.335484
216 0.335484
217 0.335484
218 0.335484
219 0.335484
220 0.335484
221 0.335484
222 0.335484
223 0.335484
224 0.335484
225 0.335484
226 0.335484
227 0.335484
228 0.335484
229 0.335484
230 0.335484
231 0.335484
232 0.322581
233 0.322581
234 0.322581
235 0.322581
236 0.322581
237 0.322581
238 0.322581
239 0.322581
240 0.322581
241 0.322581
242 0.322581
243 0.322581
244 0.322581
245 0.322581
246 0.322581
247 0.322581
248 0.322581
249 0.322581
250 0.322581
251 0.322581
252 0.322581
253 0.322581
254 0.322581
255 0.322581
256 0.322581
257 0.322581
258 0.322581
259 0.322581
260 0.322581
261 0.322581
262 0.322581
263 0.322581
264 0.322581
265 0.322581
266 0.322581
267 0.322581
268 0.322581
269 0.322581
270 0.322581
271 0.322581
272 0.322581
273 0.322581
274 0.322581
275 0.322581
276 0.322581
277 0.322581
278 0.322581
279 0.322581
280 0.322581
281 0.322581
282 0.322581
283 0.322581
284 0.322581
285 0.322581
286 0.322581
287 0.322581
288 0.322581
289 0.322581
290 0.322581
291 0.322581
292 0.322581
293 0.322581
294 0.322581
295 0.322581
296 0.322581
297 0.322581
298 0.322581
299 0.322581
300 0.322581
301 0.322581
302 0.322581
303 0.322581
304 0.322581
305 0.322581
306 0.322581
307 0.322581
