0 0
1 0.219355
2 0.219355
3 0.219355
4 0.251613
5 0.290323
6 0.309677
7 0.303226
8 0.348387
9 0.316129
10 0.316129
11 0.316129
12 0.316129
13 0.348387
14 0.316129
15 0.316129
16 0.316129
17 0.316129
18 0.316129
19 0.316129
20 0.316129
21 0.316129
22 0.316129
23 0.316129
24 0.316129
25 0.316129
26 0.316129
27 0.316129
28 0.316129
29 0.316129
30 0.316129
31 0.316129
32 0.316129
33 0.316129
34 0.316129
35 0.316129
36 0.316129
37 0.316129
38 0.341935
39 0.135484
40 0.135484
41 0.135484
42 0.135484
43 0.135484
44 0.135484
45 0.393548
46 0.393548
47 0.393548
48 0.329032
49 0.329032
50 0.329032
51 0.329032
52 0.296774
53 0.296774
54 0.296774
55 0.296774
56 0.296774
57 0.296774
58 0.296774
59 0.296774
60 0.296774
61 0.296774
62 0.296774
63 0.296774
64 0.296774
65 0.296774
66 0.296774
67 0.296774
68 0.296774
69 0.296774
70 0.296774
71 0.296774
72 0.296774
73 0.296774
74 0.296774
75 0.296774
76 0.296774
77 0.296774
78 0.296774
79 0.296774
80 0.296774
81 0.296774
82 0.329032
83 0.329032
84 0.329032
85 0.329032
86 0.329032
87 0.329032
88 0.329032
89 0.329032
90 0.329032
91 0.329032
92 0.329032
93 0.329032
94 0.329032
95 0.329032
96 0.329032
97 0.329032
98 0.329032
99 0.329032
100 0.329032
101 0.329032
102 0.329032
103 0.329032
104 0.329032
105 0.329032
106 0.329032
107 0.329032
108 0.329032
109 0.329032
110 0.329032
111 0.329032
112 0.296774
113 0.296774
114 0.296774
115 0.296774
116 0.316129
117 0.380645
118 0.380645
119 0.380645
120 0.380645
121 0.380645
122 0.380645
123 0.380645
124 0.380645
125 0.380645
126 0.380645
127 0.380645
128 0.380645
129 0.380645
130 0.380645
131 0.380645
132 0.380645
133 0.380645
134 0.380645
135 0.380645
136 0.380645
137 0.380645
138 0.380645
139 0.380645
140 0.380645
141 0.380645
142 0.380645
143 0.380645
144 0.335484
145 0.335484
146 0.335484
147 0.335484
148 0.335484
149 0.335484
150 0.335484
151 0.335484
152 0.335484
153 0.335484
154 0.335484
155 0.335484
156 0.335484
157 0.335484
158 0.335484
159 0.335484
160 0.335484
161 0.335484
162 0.335484
163 0.335484
164 0.335484
165 0.335484
166 0.335484
167 0.335484
168 0.335484
169 0.335484
170 0.335484
171 0.335484
172 0.335484
173 0.335484
174 0.335484
175 0.335484
176 0.335484
177 0.335484
178 0.335484
179 0.335484
180 0.335484
181 0.335484
182 0.335484
183 0.335484
184 0.335484
185 0.335484
186 0.335484
187 0.335484
188 0.335484
189 0.335484
190 0.335484
191 0.335484
192 0.335484
193 0.335484
194 0.335484
195 0.335484
196 0.335484
197 0.335484
198 0.335484
199 0.335484
200 0.335484
201 0.335484
202 0.335484
203 0.335484
204 0.335484
205 0.335484
206 0.335484
207 0.335484
208 0.335484
209 0.335484
210 0.335484
211 0.335484
212 0.335484
213 0.335484
214 0.335484
215 0.335484
216 0.335484
217 0.335484
218 0.322581
219 0.322581
220 0.322581
221 0.322581
222 0.322581
223 0.322581
224 0.322581
225 0.322581
226 0.322581
227 0.322581
228 0.322581
229 0.322581
230 0.322581
231 0.322581
232 0.322581
233 0.322581
234 0.322581
235 0.322581
236 0.322581
237 0.322581
238 0.322581
239 0.322581
240 0.322581
241 0.322581
242 0.322581
243 0.322581
244 0.322581
245 0.322581
246 0.322581
247 0.322581
248 0.322581
249 0.335484
250 0.335484
251 0.335484
252 0.335484
253 0.335484
254 0.335484
255 0.335484
256 0.335484
257 0.335484
258 0.335484
259 0.335484
260 0.335484
261 0.322581
262 0.322581
263 0.322581
264 0.322581
265 0.322581
266 0.322581
267 0.335484
268 0.335484
269 0.322581
270 0.322581
271 0.322581
272 0.322581
273 0.322581
274 0.322581
275 0.322581
276 0.322581
277 0.322581
278 0.322581
279 0.322581
280 0.322581
281 0.322581
282 0.322581
283 0.322581
284 0.322581
285 0.322581
286 0.322581
287 0.322581
288 0.322581
289 0.322581
290 0.322581
291 0.322581
292 0.322581
293 0.322581
294 0.322581
