0 0
1 0.159016
2 0.159016
3 0.159016
4 0.214307
5 0.221908
6 0.22459
7 0.226677
8 0.262183
9 0.264382
10 0.264121
11 0.264121
12 0.264121
13 0.267846
14 0.272466
15 0.272466
16 0.272466
17 0.272466
18 0.272466
19 0.272466
20 0.272466
21 0.272466
22 0.272466
23 0.272466
24 0.272466
25 0.272466
26 0.272466
27 0.27377
28 0.27377
29 0.27377
30 0.27377
31 0.27392
32 0.27392
33 0.27392
34 0.27392
35 0.27392
36 0.27392
37 0.270976
38 0.267548
39 0.310469
40 0.310469
41 0.310469
42 0.310469
43 0.310469
44 0.310469
45 0.324491
46 0.324491
47 0.324491
48 0.325832
49 0.325832
50 0.325832
51 0.325832
52 0.324491
53 0.324491
54 0.328217
55 0.328217
56 0.328217
57 0.328217
58 0.328962
59 0.328962
60 0.328813
61 0.328813
62 0.328068
63 0.328068
64 0.328068
65 0.328068
66 0.328068
67 0.328068
68 0.328068
69 0.328515
70 0.328515
71 0.328515
72 0.328515
73 0.328515
74 0.328515
75 0.328515
76 0.328515
77 0.327919
78 0.327919
79 0.327919
80 0.327919
81 0.327919
82 0.335618
83 0.335618
84 0.335618
85 0.335618
86 0.335618
87 0.335618
88 0.335618
89 0.335618
90 0.335618
91 0.335618
92 0.335618
93 0.335618
94 0.335618
95 0.335618
96 0.335618
97 0.335618
98 0.335618
99 0.335618
100 0.335618
101 0.335618
102 0.335618
103 0.335618
104 0.335618
105 0.335618
106 0.335618
107 0.335618
108 0.335618
109 0.335618
110 0.335618
111 0.335618
112 0.339493
113 0.339493
114 0.339493
115 0.339493
116 0.335469
117 0.329657
118 0.329657
119 0.329657
120 0.329657
121 0.329657
122 0.329657
123 0.329657
124 0.329657
125 0.329657
126 0.329657
127 0.329657
128 0.329657
129 0.329657
130 0.329657
131 0.329657
132 0.329657
133 0.329657
134 0.329657
135 0.329657
136 0.329657
137 0.329657
138 0.329657
139 0.329657
140 0.329657
141 0.329657
142 0.329657
143 0.329657
144 0.33994
145 0.339344
146 0.339344
147 0.339344
148 0.339344
149 0.339344
150 0.339344
151 0.339344
152 0.339344
153 0.339344
154 0.339344
155 0.339344
156 0.339344
157 0.339344
158 0.339344
159 0.339344
160 0.339344
161 0.339344
162 0.339344
163 0.339344
164 0.339493
165 0.339493
166 0.339493
167 0.338003
168 0.338003
169 0.338003
170 0.337258
171 0.337258
172 0.337258
173 0.337258
174 0.337258
175 0.337258
176 0.337258
177 0.337258
178 0.337258
179 0.337258
180 0.337258
181 0.337258
182 0.337258
183 0.337258
184 0.337258
185 0.337258
186 0.337258
187 0.337258
188 0.337556
189 0.336215
190 0.336215
191 0.336215
192 0.336215
193 0.336215
194 0.336215
195 0.336215
196 0.336215
197 0.336215
198 0.336215
199 0.336215
200 0.336215
201 0.336215
202 0.336215
203 0.336215
204 0.336215
205 0.336215
206 0.336215
207 0.336215
208 0.336215
209 0.337258
210 0.337258
211 0.337258
212 0.337258
213 0.337258
214 0.337258
215 0.337258
216 0.337258
217 0.337258
218 0.340238
219 0.340238
220 0.340238
221 0.340238
222 0.340238
223 0.340238
224 0.340238
225 0.340238
226 0.340238
227 0.340238
228 0.340238
229 0.340238
230 0.340238
231 0.340238
232 0.340537
233 0.340387
234 0.340387
235 0.340387
236 0.339791
237 0.339791
238 0.339791
239 0.339791
240 0.340686
241 0.340686
242 0.340686
243 0.340686
244 0.340686
245 0.340686
246 0.340686
247 0.340686
248 0.340686
249 0.340835
250 0.340835
251 0.340835
252 0.340835
253 0.340835
254 0.340984
255 0.340984
256 0.340984
257 0.340984
258 0.340984
259 0.340984
260 0.340984
261 0.340686
262 0.340686
263 0.340686
264 0.340686
265 0.340686
266 0.340686
267 0.339195
268 0.339195
269 0.338897
270 0.338897
271 0.338897
272 0.338897
273 0.338897
274 0.338897
275 0.338897
276 0.338897
277 0.338897
278 0.338748
279 0.338748
280 0.338748
281 0.338599
282 0.339344
283 0.339344
284 0.339344
285 0.339344
286 0.339344
287 0.339344
288 0.339344
289 0.339344
290 0.339344
291 0.339344
292 0.339344
293 0.339344
294 0.339344
