0 0
1 0.165121
2 0.164935
3 0.225603
4 0.225603
5 0.234694
6 0.234694
7 0.243414
8 0.243414
9 0.230056
10 0.230056
11 0.230056
12 0.244527
13 0.257514
14 0.274397
15 0.274397
16 0.274397
17 0.282189
18 0.278293
19 0.278293
20 0.278293
21 0.278293
22 0.281447
23 0.281447
24 0.281447
25 0.281447
26 0.153803
27 0.153803
28 0.153803
29 0.163636
30 0.296104
31 0.296104
32 0.296104
33 0.296104
34 0.296104
35 0.296104
36 0.296104
37 0.296104
38 0.296104
39 0.296104
40 0.296104
41 0.296104
42 0.296104
43 0.296104
44 0.296104
45 0.296104
46 0.296104
47 0.296104
48 0.296104
49 0.296104
50 0.296104
51 0.296104
52 0.296104
53 0.296104
54 0.296104
55 0.296104
56 0.296104
57 0.296104
58 0.296104
59 0.296104
60 0.296104
61 0.296104
62 0.296104
63 0.296104
64 0.296104
65 0.296104
66 0.296104
67 0.296104
68 0.296104
69 0.296104
70 0.296104
71 0.296104
72 0.296104
73 0.296104
74 0.296104
75 0.296104
76 0.296104
77 0.296104
78 0.296104
79 0.296104
80 0.296104
81 0.296104
82 0.296104
83 0.296104
84 0.296104
85 0.296104
86 0.296104
87 0.296104
88 0.296104
89 0.296104
90 0.296104
91 0.296104
92 0.296104
93 0.296104
94 0.296104
95 0.296104
96 0.296104
97 0.296104
98 0.296104
99 0.296104
100 0.296104
101 0.296104
102 0.296104
103 0.296104
104 0.296104
105 0.296104
106 0.296104
107 0.296104
108 0.296104
109 0.346011
110 0.346011
111 0.346011
112 0.346011
113 0.33321
114 0.33321
115 0.33321
116 0.335993
117 0.335993
118 0.335993
119 0.335993
120 0.335993
121 0.335993
122 0.320037
123 0.320037
124 0.320037
125 0.320037
126 0.320037
127 0.320037
128 0.320037
129 0.320037
130 0.320037
131 0.320037
132 0.320037
133 0.320037
134 0.320037
135 0.326345
136 0.326345
137 0.326345
138 0.326345
139 0.326345
140 0.326345
141 0.326345
142 0.32449
143 0.326345
144 0.326345
145 0.326345
146 0.326345
147 0.326345
148 0.325788
149 0.325788
150 0.325788
151 0.325788
152 0.325788
153 0.325788
154 0.325788
155 0.325788
156 0.325788
157 0.325788
158 0.325788
159 0.328571
160 0.328571
161 0.328571
162 0.328571
163 0.328571
164 0.328571
165 0.328571
166 0.328571
167 0.328571
168 0.328571
169 0.328571
170 0.328571
171 0.328571
172 0.328571
173 0.328571
174 0.328571
175 0.328571
176 0.328571
177 0.328571
178 0.328571
179 0.328571
180 0.328571
181 0.327087
182 0.327087
183 0.327087
184 0.327644
185 0.327644
186 0.327644
187 0.327644
188 0.327644
189 0.327644
190 0.345269
191 0.345269
192 0.345269
193 0.345269
194 0.345269
195 0.345269
196 0.345269
197 0.345269
198 0.345269
199 0.345269
200 0.345269
201 0.345269
202 0.345269
203 0.345269
204 0.345269
205 0.344341
206 0.344341
207 0.344341
208 0.344341
209 0.34397
210 0.34397
211 0.34397
212 0.34397
213 0.34397
214 0.34397
215 0.345826
216 0.345826
217 0.345826
218 0.345826
219 0.345826
220 0.344341
221 0.344341
222 0.344341
223 0.344341
224 0.344341
225 0.344341
226 0.344341
227 0.344341
228 0.344341
229 0.344898
230 0.344898
231 0.344898
232 0.344898
233 0.344898
234 0.344898
235 0.344898
236 0.344898
237 0.344898
238 0.344898
239 0.344898
240 0.344898
241 0.344898
242 0.344898
243 0.344898
244 0.344898
245 0.344898
246 0.344898
247 0.344898
248 0.34397
249 0.34397
250 0.342115
251 0.342115
252 0.342115
253 0.342115
254 0.342115
255 0.342115
256 0.342115
257 0.342115
258 0.338776
259 0.338776
260 0.338776
261 0.338776
262 0.338776
263 0.338776
264 0.338776
265 0.338776
266 0.338776
267 0.338776
268 0.338776
269 0.338776
270 0.338776
271 0.338776
272 0.338776
273 0.338776
274 0.338776
275 0.338776
276 0.338776
277 0.338776
278 0.338776
279 0.338776
280 0.338776
281 0.338776
282 0.338776
283 0.338776
284 0.338776
285 0.338776
286 0.338776
287 0.338776
288 0.338776
289 0.338776
290 0.338776
291 0.338776
292 0.345269
293 0.345269
294 0.345269
295 0.345269
296 0.345269
297 0.345269
298 0.345269
299 0.345269
300 0.345269
301 0.345269
302 0.345269
303 0.345269
304 0.345269
305 0.344341
306 0.344341
307 0.344341
308 0.344712
309 0.34564
310 0.34564
311 0.34564
312 0.34564
313 0.34564
314 0.34564
315 0.34564
316 0.34564
317 0.34564
318 0.34564
319 0.34564
320 0.344156
321 0.344156
322 0.344156
323 0.344156
324 0.344156
325 0.344156
326 0.344156
327 0.344156
328 0.344156
329 0.342857
330 0.342857
331 0.342857
