0 0
1 0.0813414
2 0.149117
3 0.151084
4 0.151084
5 0.168633
6 0.159758
7 0.178164
8 0.178164
9 0.178164
10 0.194251
11 0.20706
12 0.20706
13 0.207211
14 0.237468
15 0.244125
16 0.25174
17 0.25174
18 0.253253
19 0.255169
20 0.253051
21 0.253051
22 0.258043
23 0.258043
24 0.258043
25 0.258043
26 0.258346
27 0.25411
28 0.25411
29 0.25411
30 0.255925
31 0.255925
32 0.255925
33 0.259556
34 0.259556
35 0.268482
36 0.261977
37 0.259102
38 0.30711
39 0.30711
40 0.30711
41 0.30711
42 0.30711
43 0.30711
44 0.30711
45 0.30711
46 0.30711
47 0.316339
48 0.316339
49 0.316339
50 0.316339
51 0.316339
52 0.316339
53 0.316641
54 0.316641
55 0.316641
56 0.316641
57 0.314826
58 0.336762
59 0.336762
60 0.336762
61 0.336762
62 0.336762
63 0.336762
64 0.331921
65 0.333132
66 0.333132
67 0.333132
68 0.333132
69 0.341301
70 0.341301
71 0.340998
72 0.343268
73 0.343268
74 0.34357
75 0.342209
76 0.34352
77 0.34352
78 0.34352
79 0.34352
80 0.34352
81 0.34352
82 0.34352
83 0.34352
84 0.34352
85 0.34352
86 0.346243
87 0.346243
88 0.346243
89 0.346243
90 0.346243
91 0.346243
92 0.346243
93 0.346999
94 0.346394
95 0.346394
96 0.35053
97 0.35053
98 0.349773
99 0.349773
100 0.349773
101 0.349773
102 0.350378
103 0.35053
104 0.35053
105 0.35053
106 0.35053
107 0.35053
108 0.35053
109 0.35053
110 0.35053
111 0.35053
112 0.35053
113 0.35053
114 0.351891
115 0.351891
116 0.351891
117 0.351891
118 0.351891
119 0.351891
120 0.351891
121 0.351891
122 0.351891
123 0.351891
124 0.351891
125 0.351891
126 0.351135
127 0.351135
128 0.351135
129 0.351135
130 0.351135
131 0.351135
132 0.351135
133 0.349622
134 0.349622
135 0.349622
136 0.351286
137 0.350681
138 0.350681
139 0.349168
140 0.349168
141 0.349168
142 0.349168
143 0.349168
144 0.349168
145 0.349168
146 0.349168
147 0.349168
148 0.349168
149 0.349168
150 0.349168
151 0.349168
152 0.349168
153 0.349168
154 0.349168
155 0.349773
156 0.349773
157 0.349773
158 0.349773
159 0.349773
160 0.349168
161 0.349168
162 0.349017
163 0.349017
164 0.349017
165 0.349017
166 0.349017
167 0.349017
168 0.349017
169 0.349017
170 0.349017
171 0.349017
172 0.349017
173 0.349017
174 0.349017
175 0.349168
176 0.349168
177 0.349168
178 0.349168
179 0.349168
180 0.349168
181 0.349168
182 0.349168
183 0.349168
184 0.349168
185 0.349168
186 0.349168
187 0.349168
188 0.349168
189 0.349168
190 0.349168
191 0.349168
192 0.349168
193 0.349168
194 0.349168
195 0.349168
196 0.349168
197 0.349168
198 0.349168
199 0.349168
200 0.349168
201 0.349168
202 0.349168
203 0.349168
204 0.349168
205 0.349168
206 0.349168
207 0.349168
208 0.349168
209 0.349168
210 0.349168
211 0.348865
212 0.348865
213 0.35053
214 0.35053
215 0.35053
216 0.35053
217 0.35053
218 0.35053
219 0.35053
220 0.35053
221 0.35053
222 0.35053
223 0.350227
224 0.350227
225 0.350227
226 0.35053
227 0.35053
228 0.35053
229 0.349622
230 0.349622
231 0.349622
232 0.348865
233 0.348865
234 0.348865
235 0.349622
236 0.349622
237 0.348865
238 0.348865
239 0.348865
240 0.348865
241 0.348865
242 0.348865
243 0.348865
244 0.348865
245 0.348865
246 0.348865
247 0.348865
248 0.348865
249 0.348865
250 0.348865
251 0.348865
252 0.348865
253 0.349924
254 0.349924
255 0.349924
256 0.349924
257 0.349924
258 0.349924
259 0.349924
260 0.349924
261 0.349924
262 0.349924
