0 0
1 0.149773
2 0.149773
3 0.149773
4 0.201967
5 0.210287
6 0.211044
7 0.213313
8 0.245083
9 0.249017
10 0.240696
11 0.24236
12 0.24236
13 0.250832
14 0.253555
15 0.253555
16 0.253555
17 0.253404
18 0.253404
19 0.252799
20 0.252799
21 0.252799
22 0.252799
23 0.252799
24 0.252799
25 0.252799
26 0.252799
27 0.255522
28 0.255522
29 0.255522
30 0.255522
31 0.255522
32 0.255522
33 0.255522
34 0.255522
35 0.255522
36 0.255522
37 0.257337
38 0.258699
39 0.320424
40 0.320424
41 0.320424
42 0.320424
43 0.320424
44 0.320424
45 0.325517
46 0.325517
47 0.325517
48 0.326576
49 0.326576
50 0.326576
51 0.326576
52 0.33883
53 0.33883
54 0.335804
55 0.335804
56 0.335804
57 0.335804
58 0.33535
59 0.33535
60 0.336107
61 0.336107
62 0.335956
63 0.335956
64 0.336107
65 0.336107
66 0.335804
67 0.335804
68 0.335804
69 0.335804
70 0.335804
71 0.335804
72 0.335804
73 0.335804
74 0.335804
75 0.335804
76 0.335804
77 0.335956
78 0.335956
79 0.335956
80 0.335956
81 0.335956
82 0.349622
83 0.349622
84 0.349622
85 0.349622
86 0.349622
87 0.349622
88 0.349622
89 0.349622
90 0.349622
91 0.349622
92 0.349622
93 0.349622
94 0.349622
95 0.349622
96 0.349622
97 0.349622
98 0.349622
99 0.349622
100 0.349622
101 0.349622
102 0.349622
103 0.349622
104 0.349622
105 0.349622
106 0.349622
107 0.349622
108 0.349622
109 0.349622
110 0.350378
111 0.350378
112 0.348714
113 0.348714
114 0.348714
115 0.348714
116 0.349017
117 0.342663
118 0.342663
119 0.342663
120 0.342663
121 0.342663
122 0.342663
123 0.342663
124 0.342663
125 0.342663
126 0.342663
127 0.342663
128 0.342663
129 0.342663
130 0.342663
131 0.342663
132 0.342663
133 0.342663
134 0.342663
135 0.342663
136 0.342663
137 0.342663
138 0.342663
139 0.342663
140 0.342663
141 0.342663
142 0.342663
143 0.342663
144 0.348563
145 0.349168
146 0.349168
147 0.349168
148 0.349168
149 0.350076
150 0.350076
151 0.350076
152 0.350076
153 0.350076
154 0.349168
155 0.349168
156 0.349168
157 0.349168
158 0.349168
159 0.349168
160 0.349168
161 0.349168
162 0.349168
163 0.349168
164 0.350681
165 0.350681
166 0.350681
167 0.350983
168 0.350983
169 0.350983
170 0.349168
171 0.349168
172 0.349168
173 0.349168
174 0.349168
175 0.349168
176 0.349168
177 0.349168
178 0.349168
179 0.349168
180 0.349168
181 0.349168
182 0.349168
183 0.349168
184 0.349168
185 0.349168
186 0.349168
187 0.349168
188 0.34826
189 0.349168
190 0.349168
191 0.349168
192 0.349168
193 0.349017
194 0.349017
195 0.349017
196 0.349017
197 0.349017
198 0.349017
199 0.349017
200 0.349017
201 0.349017
202 0.349017
203 0.349017
204 0.349017
205 0.349017
206 0.349017
207 0.349017
208 0.349017
209 0.348865
210 0.348865
211 0.348865
212 0.348865
213 0.348865
214 0.348865
215 0.348865
216 0.348865
217 0.348865
218 0.349168
219 0.349168
220 0.349168
221 0.349168
222 0.349168
223 0.349168
224 0.349168
225 0.349168
226 0.349168
227 0.349168
228 0.349168
229 0.349168
230 0.349168
231 0.349168
232 0.34826
233 0.34826
234 0.34826
235 0.34826
236 0.348411
237 0.348411
238 0.348411
239 0.348411
240 0.348563
241 0.348563
242 0.348563
243 0.348563
244 0.348563
245 0.348563
246 0.348563
247 0.348563
248 0.348563
249 0.348865
250 0.348865
251 0.348865
252 0.348865
253 0.348865
254 0.349017
255 0.349017
256 0.349017
257 0.349017
258 0.349017
259 0.349017
260 0.349017
261 0.348714
262 0.348714
263 0.348714
264 0.348714
265 0.348714
266 0.348714
267 0.350832
268 0.350832
269 0.348411
270 0.348411
271 0.348411
272 0.348411
273 0.348411
274 0.348411
275 0.348411
276 0.348411
277 0.348411
278 0.34947
279 0.34947
280 0.34947
281 0.34947
282 0.349622
283 0.349622
284 0.349622
285 0.349622
286 0.349622
287 0.349622
288 0.349622
289 0.349622
290 0.349622
291 0.349622
292 0.349622
293 0.349622
294 0.349622
