0 0
1 0.143314
2 0.235828
3 0.235828
4 0.235997
5 0.235997
6 0.235997
7 0.241884
8 0.237847
9 0.237847
10 0.24037
11 0.241884
12 0.258873
13 0.258873
14 0.257359
15 0.259378
16 0.259378
17 0.262405
18 0.262405
19 0.266274
20 0.26106
21 0.26762
22 0.192935
23 0.192935
24 0.192935
25 0.192935
26 0.192935
27 0.192935
28 0.204205
29 0.269638
30 0.201177
31 0.18402
32 0.189403
33 0.190749
34 0.313709
35 0.313709
36 0.313709
37 0.355425
38 0.355425
39 0.339613
40 0.339613
41 0.339613
42 0.339613
43 0.341632
44 0.33995
45 0.334567
46 0.334567
47 0.334567
48 0.320101
49 0.320101
50 0.320101
51 0.320101
52 0.320101
53 0.325147
54 0.325147
55 0.325147
56 0.325147
57 0.325147
58 0.325147
59 0.325147
60 0.325147
61 0.326661
62 0.326661
63 0.326661
64 0.326661
65 0.326661
66 0.326661
67 0.326661
68 0.326661
69 0.326661
70 0.32868
71 0.32868
72 0.32868
73 0.32868
74 0.330193
75 0.330193
76 0.330193
77 0.330193
78 0.330193
79 0.330193
80 0.330362
81 0.330362
82 0.330362
83 0.314045
84 0.314045
85 0.314045
86 0.314045
87 0.314045
88 0.314045
89 0.314045
90 0.315055
91 0.331876
92 0.328343
93 0.356602
94 0.356602
95 0.356602
96 0.356602
97 0.356602
98 0.355593
99 0.372077
100 0.372077
101 0.372077
102 0.372077
103 0.371573
104 0.371573
105 0.371573
106 0.371573
107 0.376619
108 0.367872
109 0.367872
110 0.367872
111 0.367872
112 0.367872
113 0.367872
114 0.367872
115 0.367872
116 0.367872
117 0.367872
118 0.367872
119 0.367872
120 0.367872
121 0.355929
122 0.355929
123 0.355929
124 0.355929
125 0.355929
126 0.377796
127 0.377796
128 0.377796
129 0.377796
130 0.377796
131 0.377796
132 0.377796
133 0.377796
134 0.377796
135 0.377796
136 0.377796
137 0.377796
138 0.376451
139 0.376451
140 0.376451
141 0.376451
142 0.376451
143 0.376451
144 0.376451
145 0.376451
146 0.376451
147 0.376451
148 0.376451
149 0.376451
150 0.376451
151 0.376451
152 0.376451
153 0.377796
154 0.377796
155 0.377796
156 0.377796
157 0.377796
158 0.377796
159 0.377796
160 0.377796
161 0.377796
162 0.377796
163 0.377796
164 0.377796
165 0.378638
166 0.378638
167 0.378638
168 0.378638
169 0.37746
170 0.37746
171 0.37746
172 0.37746
173 0.37746
174 0.376619
175 0.376619
176 0.376619
177 0.376619
178 0.376619
179 0.376619
180 0.376619
181 0.376619
182 0.376619
183 0.376619
184 0.376619
185 0.376619
186 0.376619
187 0.376619
188 0.376619
189 0.368545
190 0.368545
191 0.368545
192 0.368545
193 0.368545
194 0.368545
195 0.368545
196 0.368545
197 0.367536
198 0.367536
199 0.367536
200 0.367536
201 0.367536
202 0.367536
203 0.367536
204 0.367536
205 0.367536
206 0.367536
207 0.367536
208 0.367536
209 0.367536
210 0.367536
211 0.367536
212 0.367536
213 0.367536
214 0.367536
215 0.367536
216 0.367536
217 0.367536
218 0.367536
219 0.367536
220 0.367536
221 0.367536
222 0.367536
223 0.367536
224 0.367536
225 0.367536
226 0.367536
227 0.367536
228 0.367536
229 0.367536
230 0.367536
231 0.367536
232 0.36905
233 0.36905
234 0.36905
235 0.36905
236 0.36905
237 0.36905
238 0.36905
239 0.36905
240 0.36905
241 0.36905
242 0.36905
243 0.36905
244 0.36905
245 0.368377
246 0.368377
247 0.368377
248 0.368377
249 0.368377
250 0.368377
251 0.368377
252 0.368377
253 0.368377
254 0.368377
255 0.368377
256 0.368377
257 0.368377
258 0.367536
259 0.367536
260 0.367536
261 0.367536
262 0.367536
263 0.367536
264 0.367536
265 0.367536
266 0.367536
267 0.367536
268 0.367536
269 0.367536
270 0.367536
271 0.367536
272 0.367536
273 0.367536
274 0.367536
275 0.367536
276 0.367536
277 0.367536
278 0.367536
279 0.367536
280 0.368209
281 0.368209
282 0.368209
283 0.368209
284 0.368209
285 0.368209
286 0.367368
287 0.368545
288 0.366358
289 0.365685
290 0.366695
291 0.366695
292 0.366695
293 0.366695
294 0.366695
295 0.366695
296 0.368545
297 0.368545
298 0.368545
299 0.368545
300 0.368545
301 0.368545
302 0.368545
303 0.368545
304 0.368545
305 0.368545
306 0.368545
307 0.368545
308 0.368545
