0 0
1 0.157253
2 0.155017
3 0.181607
4 0.181607
5 0.189506
6 0.189506
7 0.189506
8 0.183992
9 0.208284
10 0.208284
11 0.208284
12 0.213351
13 0.234364
14 0.234215
15 0.227956
16 0.241518
17 0.250137
18 0.251366
19 0.260904
20 0.260904
21 0.262829
22 0.262829
23 0.262829
24 0.262829
25 0.262829
26 0.262829
27 0.270989
28 0.273559
29 0.273559
30 0.273559
31 0.273559
32 0.273559
33 0.273559
34 0.273559
35 0.273559
36 0.273559
37 0.274603
38 0.281657
39 0.281657
40 0.280464
41 0.291393
42 0.300633
43 0.325522
44 0.325522
45 0.325522
46 0.325522
47 0.325522
48 0.325522
49 0.32582
50 0.32582
51 0.32582
52 0.334613
53 0.334613
54 0.334613
55 0.33804
56 0.33804
57 0.33804
58 0.33804
59 0.327459
60 0.327459
61 0.327459
62 0.338189
63 0.338189
64 0.329645
65 0.329645
66 0.329645
67 0.329645
68 0.328453
69 0.328453
70 0.328453
71 0.328453
72 0.328453
73 0.328304
74 0.328304
75 0.328304
76 0.328304
77 0.328304
78 0.330253
79 0.330253
80 0.330253
81 0.328763
82 0.328763
83 0.328763
84 0.329061
85 0.329061
86 0.329061
87 0.329061
88 0.329061
89 0.329061
90 0.328614
91 0.329657
92 0.329657
93 0.329657
94 0.329657
95 0.329657
96 0.329657
97 0.329657
98 0.329657
99 0.329657
100 0.329657
101 0.329657
102 0.329657
103 0.329657
104 0.329657
105 0.329657
106 0.329657
107 0.329657
108 0.329657
109 0.329657
110 0.329657
111 0.329657
112 0.329657
113 0.329657
114 0.329657
115 0.329657
116 0.329657
117 0.329657
118 0.329657
119 0.329657
120 0.329657
121 0.329657
122 0.329657
123 0.329657
124 0.329657
125 0.329657
126 0.339344
127 0.339344
128 0.339344
129 0.339344
130 0.339344
131 0.339344
132 0.33994
133 0.339344
134 0.339344
135 0.339344
136 0.339344
137 0.339344
138 0.339344
139 0.339344
140 0.339493
141 0.339493
142 0.339493
143 0.339493
144 0.339493
145 0.339493
146 0.339493
147 0.339493
148 0.338748
149 0.338003
150 0.340238
151 0.340238
152 0.340238
153 0.340238
154 0.340238
155 0.340238
156 0.338897
157 0.338897
158 0.338897
159 0.338897
160 0.338897
161 0.338897
162 0.338897
163 0.339344
164 0.339344
165 0.339344
166 0.339344
167 0.339344
168 0.339344
169 0.339344
170 0.339344
171 0.339344
172 0.339344
173 0.339344
174 0.339344
175 0.339344
176 0.339344
177 0.339344
178 0.339344
179 0.339344
180 0.339344
181 0.337258
182 0.337258
183 0.337258
184 0.337258
185 0.337258
186 0.337258
187 0.337258
188 0.337258
189 0.337258
190 0.337258
191 0.337258
192 0.337258
193 0.338897
194 0.338897
195 0.338897
196 0.338897
197 0.338897
198 0.338897
199 0.338897
200 0.338897
201 0.338897
202 0.339642
203 0.338897
204 0.339642
205 0.339642
206 0.339642
207 0.339642
208 0.339642
209 0.339642
210 0.339642
211 0.339642
212 0.339642
213 0.339642
214 0.339642
215 0.339642
216 0.339642
217 0.339642
218 0.339642
219 0.339642
220 0.339642
221 0.338897
222 0.338897
223 0.338897
224 0.338897
225 0.338897
226 0.338897
227 0.338897
228 0.338897
229 0.338897
230 0.338897
231 0.338897
232 0.340089
233 0.340089
234 0.340089
235 0.340089
236 0.340089
237 0.340089
238 0.340089
239 0.340089
240 0.340089
241 0.340089
242 0.340089
243 0.340089
244 0.340089
245 0.340089
246 0.340089
247 0.340089
248 0.340089
249 0.340089
250 0.340089
251 0.340089
252 0.340089
253 0.340089
254 0.340089
255 0.340089
256 0.340089
257 0.340089
258 0.340089
259 0.340089
260 0.340089
261 0.340089
262 0.339344
263 0.339344
264 0.339344
265 0.339344
266 0.339344
267 0.339344
268 0.339046
269 0.339046
270 0.339046
271 0.339046
272 0.339046
273 0.339046
274 0.339046
275 0.339344
276 0.339344
277 0.339344
278 0.339344
279 0.339344
280 0.339344
281 0.339344
282 0.339344
283 0.339046
284 0.336066
285 0.336066
286 0.336066
287 0.336066
288 0.336066
289 0.336066
290 0.336066
291 0.336066
292 0.338599
293 0.338003
294 0.338003
295 0.338003
296 0.338003
297 0.338003
298 0.338003
299 0.338003
300 0.338599
301 0.338599
302 0.338599
303 0.338599
304 0.338599
305 0.338599
306 0.338599
307 0.338152
308 0.338152
309 0.338152
310 0.338152
311 0.338152
312 0.338152
313 0.338152
314 0.338152
315 0.338152
316 0.338152
317 0.338152
318 0.338152
