0 0
1 0.143414
2 0.147495
3 0.149722
4 0.14731
5 0.186642
6 0.186642
7 0.186642
8 0.186642
9 0.186642
10 0.190909
11 0.252134
12 0.261596
13 0.269017
14 0.257885
15 0.257885
16 0.257885
17 0.262152
18 0.262152
19 0.279777
20 0.312245
21 0.312245
22 0.312245
23 0.312245
24 0.312987
25 0.292393
26 0.241187
27 0.24026
28 0.261967
29 0.261967
30 0.280334
31 0.280334
32 0.280334
33 0.280334
34 0.280334
35 0.280334
36 0.280334
37 0.280519
38 0.280334
39 0.280334
40 0.279963
41 0.276623
42 0.276623
43 0.276623
44 0.276623
45 0.287755
46 0.287755
47 0.297959
48 0.297959
49 0.315213
50 0.315213
51 0.349165
52 0.349165
53 0.349165
54 0.349165
55 0.31744
56 0.311503
57 0.316698
58 0.321892
59 0.321892
60 0.321892
61 0.325417
62 0.325417
63 0.325417
64 0.325417
65 0.334323
66 0.334323
67 0.330056
68 0.328015
69 0.328015
70 0.333024
71 0.330241
72 0.330241
73 0.330241
74 0.330241
75 0.298145
76 0.298145
77 0.298145
78 0.298145
79 0.298145
80 0.319295
81 0.319295
82 0.320965
83 0.320965
84 0.334694
85 0.334694
86 0.334694
87 0.334694
88 0.334694
89 0.334694
90 0.334694
91 0.334694
92 0.334694
93 0.334694
94 0.334694
95 0.334694
96 0.334694
97 0.334694
98 0.334694
99 0.334694
100 0.334694
101 0.334694
102 0.334694
103 0.334694
104 0.334694
105 0.334694
106 0.334694
107 0.334694
108 0.334694
109 0.334694
110 0.345269
111 0.345269
112 0.345269
113 0.345269
114 0.345269
115 0.345269
116 0.345269
117 0.345269
118 0.345269
119 0.345269
120 0.344527
121 0.344527
122 0.344898
123 0.344898
124 0.344898
125 0.344898
126 0.344898
127 0.344898
128 0.344898
129 0.345269
130 0.345269
131 0.344527
132 0.344527
133 0.344527
134 0.344527
135 0.344527
136 0.344527
137 0.344527
138 0.344527
139 0.344527
140 0.344527
141 0.344527
142 0.344527
143 0.344527
144 0.344527
145 0.344527
146 0.344527
147 0.344527
148 0.344527
149 0.344527
150 0.345269
151 0.345269
152 0.345269
153 0.344898
154 0.344898
155 0.344898
156 0.344898
157 0.344898
158 0.344898
159 0.344712
160 0.344712
161 0.344712
162 0.344712
163 0.344712
164 0.345826
165 0.340445
166 0.340445
167 0.340445
168 0.340445
169 0.340445
170 0.340445
171 0.340445
172 0.340445
173 0.34397
174 0.34397
175 0.34397
176 0.34397
177 0.345826
178 0.345826
179 0.345826
180 0.345826
181 0.345826
182 0.341002
183 0.341002
184 0.341002
185 0.339889
186 0.339889
187 0.339889
188 0.339889
189 0.339889
190 0.339889
191 0.339889
192 0.339889
193 0.339889
194 0.339889
195 0.339889
196 0.339889
197 0.339889
198 0.339889
199 0.338961
200 0.338961
201 0.338961
202 0.338961
203 0.338961
204 0.338961
205 0.338961
206 0.338961
207 0.338961
208 0.338961
209 0.338961
210 0.338961
211 0.338961
212 0.339889
213 0.339889
214 0.339332
215 0.338961
216 0.338961
217 0.338961
218 0.338961
219 0.338961
220 0.338776
221 0.338776
222 0.338776
223 0.338776
224 0.338776
225 0.338776
226 0.338776
227 0.338776
228 0.338776
229 0.338776
230 0.338776
231 0.338776
232 0.338776
233 0.338776
234 0.339332
235 0.339332
236 0.339332
237 0.339332
238 0.339332
239 0.339332
240 0.338776
241 0.338776
242 0.338776
243 0.338776
244 0.338776
245 0.338219
246 0.338219
247 0.338219
248 0.338219
249 0.338219
250 0.339147
251 0.339147
252 0.339147
253 0.337662
254 0.342857
255 0.342857
256 0.342857
257 0.342857
258 0.342857
259 0.342857
260 0.342857
261 0.342857
262 0.342857
263 0.342857
264 0.342857
265 0.342857
266 0.342857
267 0.342857
268 0.342857
269 0.342857
270 0.342857
271 0.342857
272 0.342857
273 0.342857
274 0.342857
275 0.344156
276 0.344156
277 0.344156
278 0.344156
279 0.342857
