0 0
1 0.203415
2 0.203415
3 0.203415
4 0.203415
5 0.213549
6 0.213549
7 0.215139
8 0.216381
9 0.217822
10 0.223783
11 0.223783
12 0.223932
13 0.271324
14 0.271324
15 0.271324
16 0.271324
17 0.274603
18 0.270976
19 0.27541
20 0.274516
21 0.274516
22 0.277645
23 0.277645
24 0.278539
25 0.275857
26 0.275857
27 0.275857
28 0.276105
29 0.276105
30 0.278092
31 0.278092
32 0.278092
33 0.305216
34 0.305216
35 0.334662
36 0.334662
37 0.334923
38 0.334923
39 0.334923
40 0.333681
41 0.334426
42 0.334426
43 0.334426
44 0.339543
45 0.339543
46 0.339543
47 0.339493
48 0.339493
49 0.339493
50 0.339493
51 0.339493
52 0.330092
53 0.330092
54 0.326379
55 0.326379
56 0.326379
57 0.326379
58 0.326379
59 0.326379
60 0.326379
61 0.326379
62 0.326379
63 0.328912
64 0.32921
65 0.32921
66 0.328763
67 0.328763
68 0.328763
69 0.327869
70 0.330551
71 0.330551
72 0.328316
73 0.328316
74 0.328316
75 0.335618
76 0.335618
77 0.340984
78 0.340984
79 0.340984
80 0.340984
81 0.340984
82 0.340984
83 0.329061
84 0.329061
85 0.329061
86 0.329061
87 0.329061
88 0.329061
89 0.329061
90 0.329061
91 0.329061
92 0.329061
93 0.329061
94 0.329061
95 0.329061
96 0.329061
97 0.329061
98 0.329061
99 0.329061
100 0.329061
101 0.329061
102 0.329061
103 0.326826
104 0.329061
105 0.329657
106 0.329657
107 0.329657
108 0.329657
109 0.329657
110 0.329657
111 0.329657
112 0.329657
113 0.329657
114 0.329657
115 0.328763
116 0.339344
117 0.339344
118 0.339344
119 0.339344
120 0.337854
121 0.337854
122 0.337854
123 0.337854
124 0.337854
125 0.337854
126 0.337854
127 0.337854
128 0.337854
129 0.337854
130 0.337854
131 0.337854
132 0.337854
133 0.337854
134 0.337854
135 0.337854
136 0.337854
137 0.337854
138 0.337854
139 0.337854
140 0.337854
141 0.337854
142 0.337854
143 0.337854
144 0.337854
145 0.337854
146 0.337854
147 0.337854
148 0.337854
149 0.337854
150 0.337854
151 0.337854
152 0.337854
153 0.337854
154 0.337854
155 0.337854
156 0.338003
157 0.338003
158 0.338003
159 0.338003
160 0.338003
161 0.338003
162 0.338003
163 0.338003
164 0.338003
165 0.337258
166 0.337258
167 0.337258
168 0.337258
169 0.337258
170 0.337258
171 0.337258
172 0.336215
173 0.336215
174 0.336215
175 0.336215
176 0.336215
177 0.336215
178 0.336215
179 0.336215
180 0.336215
181 0.336215
182 0.336215
183 0.336215
184 0.336215
185 0.336215
186 0.336215
187 0.336215
188 0.336215
189 0.336215
190 0.336215
191 0.336215
192 0.336215
193 0.336215
194 0.337407
195 0.337407
196 0.337407
197 0.339642
198 0.339642
199 0.339642
200 0.339642
201 0.339642
202 0.339642
203 0.339642
204 0.339642
205 0.339642
206 0.340238
207 0.340238
208 0.340238
209 0.340238
210 0.340238
211 0.340238
212 0.340238
213 0.340238
214 0.340238
215 0.340238
216 0.340238
217 0.340984
218 0.340238
219 0.340984
220 0.339791
221 0.339791
222 0.340238
223 0.340238
224 0.340238
225 0.340238
226 0.340238
227 0.340238
228 0.340238
229 0.340238
230 0.340238
231 0.340238
232 0.340238
233 0.340238
234 0.340238
235 0.340238
236 0.340238
237 0.340238
238 0.340238
239 0.340238
240 0.340238
241 0.340238
242 0.340238
243 0.340238
244 0.340238
245 0.340238
246 0.340238
247 0.340238
248 0.340238
249 0.340238
250 0.340089
251 0.340089
252 0.340089
253 0.338301
254 0.338301
255 0.338301
256 0.338301
257 0.338301
258 0.338301
259 0.338301
260 0.338301
261 0.339046
262 0.339046
263 0.339046
264 0.339046
265 0.339046
266 0.339046
267 0.339046
268 0.338897
269 0.338897
270 0.338897
271 0.338897
272 0.338897
273 0.338897
274 0.338897
275 0.338897
276 0.339046
277 0.339046
278 0.339046
279 0.339046
280 0.339046
281 0.339046
282 0.339046
283 0.338748
284 0.338301
285 0.339195
286 0.339195
287 0.339195
288 0.339195
289 0.339195
290 0.339195
291 0.339195
292 0.339195
