0 0
1 0.161667
2 0.170704
3 0.196111
4 0.196111
5 0.218222
6 0.218222
7 0.222222
8 0.222222
9 0.239185
10 0.239185
11 0.239185
12 0.243074
13 0.246
14 0.246444
15 0.246444
16 0.246444
17 0.247556
18 0.249111
19 0.249111
20 0.249111
21 0.249111
22 0.246667
23 0.246667
24 0.246667
25 0.246667
26 0.230222
27 0.230222
28 0.230222
29 0.234222
30 0.261778
31 0.261778
32 0.260667
33 0.260667
34 0.260667
35 0.260667
36 0.260667
37 0.260667
38 0.260667
39 0.260667
40 0.260667
41 0.260667
42 0.260667
43 0.260667
44 0.260667
45 0.260667
46 0.260667
47 0.260667
48 0.260667
49 0.260667
50 0.260667
51 0.260667
52 0.260667
53 0.258222
54 0.258222
55 0.258222
56 0.258222
57 0.258222
58 0.258222
59 0.258222
60 0.258222
61 0.258222
62 0.258222
63 0.258222
64 0.258222
65 0.258222
66 0.258222
67 0.258222
68 0.258222
69 0.258222
70 0.258222
71 0.258222
72 0.258222
73 0.258222
74 0.258222
75 0.258222
76 0.258222
77 0.258222
78 0.258222
79 0.260667
80 0.260667
81 0.260667
82 0.260667
83 0.260667
84 0.260667
85 0.260667
86 0.260667
87 0.260667
88 0.260667
89 0.260667
90 0.260667
91 0.260667
92 0.260667
93 0.260667
94 0.260667
95 0.260667
96 0.260667
97 0.260667
98 0.260667
99 0.260667
100 0.260667
101 0.260667
102 0.260667
103 0.260667
104 0.260667
105 0.260667
106 0.260667
107 0.260667
108 0.260667
109 0.260519
110 0.260519
111 0.260519
112 0.260519
113 0.264074
114 0.264074
115 0.264074
116 0.264519
117 0.264519
118 0.264519
119 0.264519
120 0.264519
121 0.264519
122 0.273111
123 0.273111
124 0.273111
125 0.273111
126 0.273111
127 0.273111
128 0.273111
129 0.273111
130 0.273111
131 0.273111
132 0.273111
133 0.273111
134 0.273111
135 0.276222
136 0.276222
137 0.276222
138 0.276222
139 0.276222
140 0.276222
141 0.277111
142 0.277111
143 0.277778
144 0.277778
145 0.277778
146 0.277778
147 0.277778
148 0.276889
149 0.276889
150 0.276889
151 0.276889
152 0.276889
153 0.276889
154 0.276889
155 0.276889
156 0.276889
157 0.276889
158 0.276889
159 0.275778
160 0.275778
161 0.275778
162 0.275778
163 0.275778
164 0.275778
165 0.275778
166 0.275778
167 0.275778
168 0.275778
169 0.275778
170 0.275778
171 0.275778
172 0.275778
173 0.275778
174 0.275778
175 0.275778
176 0.275778
177 0.275778
178 0.275778
179 0.275778
180 0.275778
181 0.275778
182 0.275778
183 0.275778
184 0.275778
185 0.275778
186 0.275778
187 0.275778
188 0.275778
189 0.275778
190 0.262222
191 0.262222
192 0.262222
193 0.262222
194 0.262222
195 0.262222
196 0.262222
197 0.262667
198 0.262667
199 0.262667
200 0.262667
201 0.262667
202 0.262667
203 0.263111
204 0.263111
205 0.264444
206 0.264444
207 0.264444
208 0.264444
209 0.264
210 0.264
211 0.264
212 0.264
213 0.264
214 0.264
215 0.264
216 0.264
217 0.264
218 0.264
219 0.264
220 0.264444
221 0.264444
222 0.264444
223 0.264444
224 0.264444
225 0.264444
226 0.264444
227 0.264444
228 0.264444
229 0.264
230 0.264
231 0.264
232 0.264
233 0.264
234 0.264
235 0.264
236 0.264
237 0.264
238 0.264
239 0.264
240 0.264
241 0.264
242 0.264
243 0.264
244 0.264
245 0.264
246 0.264
247 0.264
248 0.263556
249 0.263556
250 0.250222
251 0.250222
252 0.250222
253 0.250222
254 0.250222
255 0.250222
256 0.250222
257 0.250222
258 0.254667
259 0.254667
260 0.254667
261 0.254667
262 0.254667
263 0.254667
264 0.254667
265 0.254667
266 0.254667
267 0.254667
268 0.254667
269 0.254667
270 0.254667
271 0.254667
272 0.254667
273 0.254667
274 0.254667
275 0.254667
276 0.254667
277 0.254667
278 0.254667
279 0.256
280 0.256
281 0.256
282 0.256
283 0.256
284 0.256
285 0.256
286 0.256
287 0.256
288 0.256
289 0.256
290 0.256
291 0.256
292 0.257333
293 0.257333
294 0.257333
295 0.257333
296 0.257333
297 0.257333
298 0.257333
299 0.257333
300 0.257333
301 0.257333
302 0.257333
303 0.257333
304 0.257333
305 0.257333
306 0.257333
307 0.257333
308 0.258222
309 0.26
310 0.26
311 0.26
312 0.26
313 0.26
314 0.26
315 0.26
316 0.26
317 0.26
318 0.26
319 0.26
320 0.26
321 0.26
322 0.26
323 0.26
324 0.26
325 0.26
326 0.26
327 0.26
328 0.26
329 0.257778
330 0.257778
331 0.257778
