0 0
1 0.106667
2 0.106667
3 0.106667
4 0.196667
5 0.200833
6 0.19
7 0.191667
8 0.235
9 0.238333
10 0.241667
11 0.2425
12 0.2425
13 0.2425
14 0.253333
15 0.253333
16 0.253333
17 0.253333
18 0.253333
19 0.253333
20 0.253333
21 0.253333
22 0.253333
23 0.253333
24 0.253333
25 0.253333
26 0.253333
27 0.253333
28 0.253333
29 0.253333
30 0.253333
31 0.253333
32 0.253333
33 0.253333
34 0.253333
35 0.253333
36 0.253333
37 0.2575
38 0.236667
39 0.178333
40 0.178333
41 0.178333
42 0.178333
43 0.178333
44 0.178333
45 0.205
46 0.205
47 0.205
48 0.199167
49 0.199167
50 0.199167
51 0.199167
52 0.166667
53 0.166667
54 0.175833
55 0.175833
56 0.175833
57 0.175833
58 0.175833
59 0.175833
60 0.175833
61 0.175833
62 0.175833
63 0.175833
64 0.175833
65 0.175833
66 0.175833
67 0.175833
68 0.175833
69 0.175833
70 0.175833
71 0.175833
72 0.175833
73 0.175833
74 0.175833
75 0.175833
76 0.175833
77 0.175833
78 0.175833
79 0.175833
80 0.175833
81 0.175833
82 0.259167
83 0.259167
84 0.259167
85 0.259167
86 0.259167
87 0.259167
88 0.259167
89 0.259167
90 0.259167
91 0.259167
92 0.259167
93 0.259167
94 0.259167
95 0.259167
96 0.259167
97 0.259167
98 0.259167
99 0.259167
100 0.259167
101 0.259167
102 0.259167
103 0.259167
104 0.259167
105 0.259167
106 0.259167
107 0.259167
108 0.259167
109 0.259167
110 0.259167
111 0.259167
112 0.264167
113 0.264167
114 0.264167
115 0.264167
116 0.2625
117 0.289167
118 0.289167
119 0.289167
120 0.289167
121 0.289167
122 0.289167
123 0.289167
124 0.289167
125 0.289167
126 0.289167
127 0.289167
128 0.289167
129 0.289167
130 0.289167
131 0.289167
132 0.289167
133 0.289167
134 0.289167
135 0.289167
136 0.289167
137 0.289167
138 0.289167
139 0.289167
140 0.289167
141 0.289167
142 0.289167
143 0.289167
144 0.289167
145 0.289167
146 0.289167
147 0.289167
148 0.289167
149 0.289167
150 0.289167
151 0.289167
152 0.289167
153 0.289167
154 0.289167
155 0.289167
156 0.289167
157 0.289167
158 0.289167
159 0.289167
160 0.289167
161 0.289167
162 0.289167
163 0.289167
164 0.289167
165 0.289167
166 0.289167
167 0.289167
168 0.289167
169 0.289167
170 0.300833
171 0.300833
172 0.300833
173 0.300833
174 0.300833
175 0.300833
176 0.300833
177 0.300833
178 0.300833
179 0.300833
180 0.300833
181 0.300833
182 0.300833
183 0.300833
184 0.300833
185 0.300833
186 0.300833
187 0.300833
188 0.300833
189 0.300833
190 0.300833
191 0.300833
192 0.300833
193 0.300833
194 0.300833
195 0.300833
196 0.300833
197 0.300833
198 0.300833
199 0.300833
200 0.300833
201 0.300833
202 0.300833
203 0.300833
204 0.300833
205 0.300833
206 0.300833
207 0.300833
208 0.300833
209 0.3025
210 0.3025
211 0.3025
212 0.3025
213 0.3025
214 0.3025
215 0.3025
216 0.3025
217 0.3025
218 0.300833
219 0.300833
220 0.300833
221 0.300833
222 0.300833
223 0.300833
224 0.300833
225 0.300833
226 0.300833
227 0.300833
228 0.300833
229 0.300833
230 0.300833
231 0.300833
232 0.300833
233 0.300833
234 0.300833
235 0.300833
236 0.300833
237 0.300833
238 0.300833
239 0.300833
240 0.300833
241 0.300833
242 0.300833
243 0.300833
244 0.300833
245 0.300833
246 0.300833
247 0.300833
248 0.300833
249 0.300833
250 0.300833
251 0.300833
252 0.300833
253 0.300833
254 0.300833
255 0.300833
256 0.300833
257 0.300833
258 0.300833
259 0.300833
260 0.300833
261 0.300833
262 0.300833
263 0.300833
264 0.300833
265 0.300833
266 0.300833
267 0.291667
268 0.291667
269 0.291667
270 0.291667
271 0.291667
272 0.291667
273 0.291667
274 0.291667
275 0.291667
276 0.291667
277 0.291667
278 0.291667
279 0.291667
280 0.291667
281 0.291667
282 0.291667
283 0.291667
284 0.291667
285 0.291667
286 0.291667
287 0.291667
288 0.291667
289 0.291667
290 0.291667
291 0.291667
292 0.291667
293 0.291667
294 0.291667
