0 0
1 0.156664
2 0.224423
3 0.224423
4 0.224423
5 0.224423
6 0.224423
7 0.240953
8 0.241102
9 0.241102
10 0.241847
11 0.243485
12 0.25793
13 0.25793
14 0.258675
15 0.259866
16 0.259866
17 0.261057
18 0.261057
19 0.261057
20 0.261355
21 0.266865
22 0.286821
23 0.286821
24 0.286821
25 0.286821
26 0.286821
27 0.286821
28 0.287416
29 0.292628
30 0.299926
31 0.30685
32 0.307595
33 0.311839
34 0.324795
35 0.324795
36 0.324795
37 0.328369
38 0.328369
39 0.338496
40 0.338496
41 0.338496
42 0.338496
43 0.340432
44 0.341921
45 0.345793
46 0.345793
47 0.345793
48 0.346835
49 0.346835
50 0.346835
51 0.346835
52 0.346835
53 0.34758
54 0.34758
55 0.34758
56 0.34758
57 0.34758
58 0.34758
59 0.34758
60 0.34758
61 0.348176
62 0.348176
63 0.348176
64 0.348176
65 0.348176
66 0.348176
67 0.348176
68 0.348176
69 0.348176
70 0.348474
71 0.348474
72 0.348474
73 0.348474
74 0.34892
75 0.34892
76 0.34892
77 0.34892
78 0.34892
79 0.34892
80 0.349665
81 0.349665
82 0.349665
83 0.355175
84 0.355175
85 0.355175
86 0.355175
87 0.355175
88 0.355324
89 0.355324
90 0.356069
91 0.360834
92 0.361132
93 0.364557
94 0.364557
95 0.364557
96 0.364557
97 0.364557
98 0.365599
99 0.366145
100 0.366145
101 0.366145
102 0.366145
103 0.366592
104 0.366592
105 0.366592
106 0.366592
107 0.367784
108 0.368677
109 0.368677
110 0.368677
111 0.368677
112 0.368677
113 0.368677
114 0.368677
115 0.368677
116 0.368677
117 0.368677
118 0.368677
119 0.368677
120 0.368677
121 0.370017
122 0.370017
123 0.370017
124 0.370017
125 0.370017
126 0.370464
127 0.370464
128 0.370464
129 0.370464
130 0.370464
131 0.370464
132 0.370464
133 0.370464
134 0.370464
135 0.370464
136 0.370464
137 0.370464
138 0.370911
139 0.370911
140 0.370911
141 0.370911
142 0.370911
143 0.370911
144 0.370911
145 0.370911
146 0.370911
147 0.370911
148 0.370911
149 0.370911
150 0.370911
151 0.370911
152 0.370911
153 0.372102
154 0.372102
155 0.372102
156 0.372102
157 0.372102
158 0.372102
159 0.372102
160 0.372102
161 0.372102
162 0.372102
163 0.372102
164 0.372102
165 0.372847
166 0.372847
167 0.372847
168 0.372847
169 0.373145
170 0.373145
171 0.373145
172 0.373145
173 0.373145
174 0.374336
175 0.374336
176 0.374336
177 0.374336
178 0.374336
179 0.374336
180 0.374336
181 0.374336
182 0.374336
183 0.374336
184 0.374336
185 0.374336
186 0.374336
187 0.374336
188 0.374336
189 0.375379
190 0.375379
191 0.375379
192 0.375379
193 0.375379
194 0.375379
195 0.375379
196 0.375379
197 0.375974
198 0.375974
199 0.375974
200 0.375974
201 0.375974
202 0.375974
203 0.375974
204 0.375974
205 0.375974
206 0.375974
207 0.375974
208 0.375974
209 0.375974
210 0.375974
211 0.375974
212 0.375974
213 0.375974
214 0.375974
215 0.375974
216 0.375974
217 0.375974
218 0.375974
219 0.375974
220 0.375974
221 0.375974
222 0.375974
223 0.375974
224 0.375974
225 0.375974
226 0.375974
227 0.375974
228 0.375974
229 0.375974
230 0.375974
231 0.376123
232 0.377612
233 0.377612
234 0.377612
235 0.377612
236 0.377612
237 0.377612
238 0.377612
239 0.377612
240 0.377612
241 0.377612
242 0.377612
243 0.377612
244 0.377612
245 0.378357
246 0.378357
247 0.378357
248 0.378357
249 0.378357
250 0.378357
251 0.378357
252 0.378357
253 0.378357
254 0.378357
255 0.378357
256 0.378357
257 0.378357
258 0.378804
259 0.378804
260 0.378804
261 0.378804
262 0.378804
263 0.378804
264 0.378804
265 0.378804
266 0.378804
267 0.378804
268 0.378804
269 0.378804
270 0.378804
271 0.378804
272 0.378804
273 0.378953
274 0.378953
275 0.378953
276 0.378953
277 0.378953
278 0.378953
279 0.378953
280 0.378953
281 0.378953
282 0.378953
283 0.378953
284 0.378953
285 0.378953
286 0.37925
287 0.37925
288 0.37925
289 0.380144
290 0.380591
291 0.380591
292 0.380591
293 0.380591
294 0.380591
295 0.380591
296 0.382229
297 0.382229
298 0.382229
299 0.382229
300 0.382229
301 0.382229
302 0.382229
303 0.382229
304 0.382229
305 0.382229
306 0.382229
307 0.382229
308 0.382229
