0 0
1 0.14898
2 0.14564
3 0.145083
4 0.147681
5 0.132839
6 0.156772
7 0.184045
8 0.19295
9 0.260111
10 0.266605
11 0.266605
12 0.266605
13 0.266605
14 0.266048
15 0.270501
16 0.289425
17 0.304453
18 0.312245
19 0.287941
20 0.287941
21 0.287941
22 0.259184
23 0.288126
24 0.268089
25 0.268089
26 0.268089
27 0.287199
28 0.297217
29 0.274768
30 0.274768
31 0.321521
32 0.321521
33 0.321521
34 0.321521
35 0.298145
36 0.298145
37 0.298145
38 0.29833
39 0.297588
40 0.297588
41 0.297032
42 0.298701
43 0.298701
44 0.298701
45 0.298701
46 0.298701
47 0.298887
48 0.298887
49 0.298887
50 0.299629
51 0.299629
52 0.304638
53 0.304638
54 0.3
55 0.3
56 0.3
57 0.3
58 0.3
59 0.3
60 0.301299
61 0.302968
62 0.302968
63 0.300928
64 0.300928
65 0.298516
66 0.298516
67 0.298516
68 0.298516
69 0.298516
70 0.301855
71 0.298145
72 0.298145
73 0.298145
74 0.301855
75 0.295918
76 0.295918
77 0.295918
78 0.314657
79 0.314657
80 0.314657
81 0.314657
82 0.314657
83 0.314657
84 0.314657
85 0.314657
86 0.314657
87 0.314657
88 0.314657
89 0.314657
90 0.314657
91 0.314657
92 0.314657
93 0.314657
94 0.314657
95 0.314657
96 0.314657
97 0.314657
98 0.314657
99 0.350278
100 0.350278
101 0.350278
102 0.350278
103 0.350278
104 0.350278
105 0.350278
106 0.350278
107 0.350278
108 0.350278
109 0.350278
110 0.350278
111 0.350278
112 0.350278
113 0.350278
114 0.350278
115 0.350278
116 0.350278
117 0.350278
118 0.350278
119 0.350278
120 0.350278
121 0.350278
122 0.350278
123 0.350278
124 0.345269
125 0.345269
126 0.345269
127 0.345269
128 0.345269
129 0.345269
130 0.345269
131 0.345269
132 0.345269
133 0.345269
134 0.345269
135 0.345269
136 0.345269
137 0.345269
138 0.344712
139 0.344712
140 0.344712
141 0.344712
142 0.344712
143 0.344712
144 0.344712
145 0.344712
146 0.344712
147 0.344712
148 0.344712
149 0.344712
150 0.345269
151 0.345269
152 0.345269
153 0.345269
154 0.345269
155 0.345269
156 0.345269
157 0.345269
158 0.345455
159 0.345455
160 0.345455
161 0.345455
162 0.345455
163 0.345455
164 0.345455
165 0.345455
166 0.345455
167 0.345455
168 0.345455
169 0.345455
170 0.345455
171 0.345269
172 0.345269
173 0.344527
174 0.344527
175 0.345083
176 0.345083
177 0.345083
178 0.345083
179 0.344898
180 0.343599
181 0.343599
182 0.341002
183 0.341002
184 0.341002
185 0.341002
186 0.341002
187 0.341002
188 0.341002
189 0.341002
190 0.341002
191 0.341002
192 0.341002
193 0.341002
194 0.341002
195 0.341002
196 0.341002
197 0.341002
198 0.341002
199 0.341002
200 0.341002
201 0.341002
202 0.341002
203 0.341002
204 0.341002
205 0.341002
206 0.341002
207 0.341002
208 0.341002
209 0.341002
210 0.341002
211 0.341002
212 0.341002
213 0.338961
214 0.338961
215 0.338961
216 0.338961
217 0.338961
218 0.338961
219 0.338961
220 0.338961
221 0.338961
222 0.338961
223 0.338961
224 0.338961
225 0.338961
226 0.338961
227 0.338961
228 0.338961
229 0.338961
230 0.338961
231 0.338961
232 0.338961
233 0.338961
234 0.338961
235 0.338961
236 0.338961
237 0.338961
238 0.338961
239 0.338961
240 0.338961
241 0.338961
242 0.338961
243 0.338961
244 0.338961
245 0.338961
246 0.338961
247 0.338961
248 0.338961
249 0.338961
250 0.338776
251 0.338776
252 0.338776
253 0.338776
254 0.338776
255 0.338776
256 0.338776
257 0.338776
258 0.338776
259 0.338776
260 0.338776
261 0.338776
262 0.338776
263 0.338776
264 0.338776
265 0.338776
266 0.338776
267 0.338776
268 0.338776
269 0.338776
270 0.338776
271 0.337848
272 0.337848
273 0.337848
274 0.337848
275 0.337848
276 0.337848
277 0.338776
278 0.338404
279 0.338404
280 0.338776
281 0.338776
282 0.338404
283 0.338404
284 0.338404
285 0.338404
286 0.338404
287 0.338404
288 0.338404
289 0.337848
290 0.337848
291 0.337848
292 0.342857
293 0.342857
294 0.342857
295 0.342857
296 0.342857
297 0.342857
298 0.342857
299 0.342857
300 0.342857
301 0.342857
302 0.342857
303 0.342857
304 0.342857
305 0.342857
306 0.342857
307 0.342857
308 0.342857
309 0.342857
310 0.342857
311 0.342857
