0 0
1 0.145926
2 0.145926
3 0.179556
4 0.179556
5 0.176889
6 0.176889
7 0.176889
8 0.181333
9 0.175111
10 0.175111
11 0.175111
12 0.188222
13 0.176889
14 0.184
15 0.215556
16 0.188444
17 0.202444
18 0.204667
19 0.217333
20 0.217333
21 0.230222
22 0.230222
23 0.230222
24 0.230222
25 0.230222
26 0.230222
27 0.228
28 0.230963
29 0.230963
30 0.230963
31 0.230963
32 0.230963
33 0.230963
34 0.230963
35 0.230963
36 0.230963
37 0.219407
38 0.239111
39 0.239111
40 0.239556
41 0.248185
42 0.265074
43 0.27363
44 0.27363
45 0.27363
46 0.27363
47 0.27363
48 0.27363
49 0.274519
50 0.274519
51 0.274519
52 0.272296
53 0.272296
54 0.272296
55 0.263852
56 0.263852
57 0.263852
58 0.263852
59 0.276741
60 0.276741
61 0.276741
62 0.268741
63 0.268741
64 0.260963
65 0.260963
66 0.260963
67 0.260963
68 0.260519
69 0.260519
70 0.260519
71 0.260519
72 0.260519
73 0.260963
74 0.260963
75 0.260963
76 0.260963
77 0.260963
78 0.268444
79 0.268444
80 0.268444
81 0.265778
82 0.265778
83 0.265778
84 0.265778
85 0.265778
86 0.265778
87 0.265778
88 0.265778
89 0.265778
90 0.267556
91 0.267556
92 0.267556
93 0.267556
94 0.267556
95 0.267556
96 0.267556
97 0.267556
98 0.267556
99 0.267556
100 0.267556
101 0.267556
102 0.267556
103 0.267556
104 0.267556
105 0.267556
106 0.267556
107 0.267556
108 0.267556
109 0.267556
110 0.267556
111 0.267556
112 0.267556
113 0.267556
114 0.267556
115 0.267556
116 0.267556
117 0.267556
118 0.267556
119 0.267556
120 0.267556
121 0.267556
122 0.267556
123 0.267556
124 0.267556
125 0.267556
126 0.266889
127 0.266889
128 0.266889
129 0.266889
130 0.266889
131 0.266889
132 0.263
133 0.262
134 0.262
135 0.262
136 0.262
137 0.262
138 0.262
139 0.262
140 0.262222
141 0.262222
142 0.262222
143 0.262222
144 0.262222
145 0.262222
146 0.262222
147 0.262222
148 0.264
149 0.264444
150 0.263556
151 0.263556
152 0.263556
153 0.263556
154 0.263556
155 0.263556
156 0.264444
157 0.264444
158 0.264444
159 0.264444
160 0.264444
161 0.264444
162 0.264444
163 0.264444
164 0.264444
165 0.264444
166 0.264444
167 0.264444
168 0.264444
169 0.264444
170 0.264444
171 0.264444
172 0.264444
173 0.264444
174 0.264444
175 0.264444
176 0.264444
177 0.264444
178 0.264444
179 0.264444
180 0.264444
181 0.251556
182 0.251556
183 0.251556
184 0.251556
185 0.251556
186 0.251556
187 0.251556
188 0.251556
189 0.251556
190 0.251556
191 0.251556
192 0.251556
193 0.249778
194 0.249778
195 0.249778
196 0.249778
197 0.249778
198 0.249778
199 0.248889
200 0.248889
201 0.248889
202 0.254222
203 0.254222
204 0.254222
205 0.254222
206 0.254222
207 0.254222
208 0.254222
209 0.254222
210 0.254222
211 0.254222
212 0.254222
213 0.254222
214 0.254222
215 0.254222
216 0.254222
217 0.254222
218 0.254222
219 0.254222
220 0.254222
221 0.254222
222 0.254222
223 0.254222
224 0.254222
225 0.254222
226 0.254222
227 0.254222
228 0.254222
229 0.254222
230 0.254222
231 0.254222
232 0.250667
233 0.250667
234 0.250667
235 0.250667
236 0.250667
237 0.250667
238 0.250667
239 0.250667
240 0.250667
241 0.250667
242 0.250667
243 0.250667
244 0.250667
245 0.250667
246 0.250667
247 0.250667
248 0.250667
249 0.250667
250 0.250667
251 0.250667
252 0.250667
253 0.250667
254 0.250667
255 0.250667
256 0.250667
257 0.250667
258 0.250667
259 0.250667
260 0.250667
261 0.250667
262 0.250667
263 0.250667
264 0.252
265 0.252
266 0.252
267 0.252
268 0.250667
269 0.250667
270 0.250667
271 0.250667
272 0.250667
273 0.250667
274 0.250667
275 0.250667
276 0.250667
277 0.250667
278 0.250667
279 0.250667
280 0.250667
281 0.250667
282 0.250667
283 0.250667
284 0.259556
285 0.259556
286 0.259556
287 0.259556
288 0.259556
289 0.259556
290 0.259556
291 0.259556
292 0.26
293 0.260889
294 0.260889
295 0.260889
296 0.260889
297 0.260889
298 0.260889
299 0.260889
300 0.26
301 0.26
302 0.26
303 0.26
304 0.26
305 0.26
306 0.26
307 0.257778
308 0.257778
309 0.257778
310 0.257778
311 0.257778
312 0.257778
313 0.257778
314 0.257778
315 0.257778
316 0.257778
317 0.257778
318 0.257778
