0 0
1 0.165302
2 0.165302
3 0.165302
4 0.209531
5 0.216679
6 0.217722
7 0.217722
8 0.255547
9 0.258228
10 0.260015
11 0.260759
12 0.260759
13 0.261057
14 0.271184
15 0.271184
16 0.271184
17 0.271333
18 0.271333
19 0.271333
20 0.271333
21 0.271333
22 0.271333
23 0.271333
24 0.271333
25 0.271482
26 0.271482
27 0.272077
28 0.272077
29 0.272077
30 0.272077
31 0.272226
32 0.272226
33 0.272226
34 0.272226
35 0.272226
36 0.272226
37 0.272822
38 0.274013
39 0.324795
40 0.324795
41 0.324795
42 0.324795
43 0.324795
44 0.324795
45 0.338496
46 0.338496
47 0.338496
48 0.342368
49 0.342368
50 0.342368
51 0.342368
52 0.34341
53 0.34341
54 0.346538
55 0.346538
56 0.346538
57 0.346538
58 0.347729
59 0.347729
60 0.348176
61 0.348176
62 0.348325
63 0.348325
64 0.348474
65 0.348474
66 0.349814
67 0.349814
68 0.349814
69 0.350112
70 0.350112
71 0.350112
72 0.350112
73 0.350112
74 0.350112
75 0.350112
76 0.350112
77 0.350558
78 0.350558
79 0.350558
80 0.350558
81 0.350558
82 0.361727
83 0.361727
84 0.361727
85 0.361727
86 0.361727
87 0.361727
88 0.361727
89 0.361727
90 0.361727
91 0.361727
92 0.361727
93 0.361727
94 0.361727
95 0.361727
96 0.361727
97 0.361727
98 0.361727
99 0.361727
100 0.361727
101 0.361727
102 0.361727
103 0.361727
104 0.361727
105 0.361727
106 0.361727
107 0.361727
108 0.361727
109 0.361727
110 0.362323
111 0.362323
112 0.363217
113 0.363217
114 0.363217
115 0.363217
116 0.363961
117 0.367039
118 0.367039
119 0.367039
120 0.367039
121 0.367039
122 0.367039
123 0.367039
124 0.367039
125 0.367039
126 0.367039
127 0.367039
128 0.367039
129 0.367039
130 0.367039
131 0.367039
132 0.367039
133 0.367039
134 0.367039
135 0.367039
136 0.367039
137 0.367039
138 0.367039
139 0.367039
140 0.367039
141 0.367039
142 0.367039
143 0.367188
144 0.370911
145 0.371358
146 0.371358
147 0.371358
148 0.371358
149 0.371655
150 0.371655
151 0.371655
152 0.371655
153 0.371655
154 0.372102
155 0.372102
156 0.372102
157 0.372102
158 0.372102
159 0.372102
160 0.372102
161 0.372102
162 0.372102
163 0.372102
164 0.372847
165 0.372847
166 0.372847
167 0.372847
168 0.372847
169 0.372847
170 0.375379
171 0.375379
172 0.375379
173 0.375379
174 0.375379
175 0.375379
176 0.375379
177 0.375379
178 0.375379
179 0.375379
180 0.375379
181 0.375379
182 0.375379
183 0.375379
184 0.375379
185 0.375379
186 0.375379
187 0.375379
188 0.375527
189 0.375974
190 0.375974
191 0.375974
192 0.375974
193 0.375974
194 0.375974
195 0.375974
196 0.375974
197 0.375974
198 0.375974
199 0.375974
200 0.375974
201 0.375974
202 0.375974
203 0.375974
204 0.375974
205 0.375974
206 0.375974
207 0.375974
208 0.375974
209 0.376123
210 0.376123
211 0.376123
212 0.376123
213 0.376123
214 0.376123
215 0.376123
216 0.376123
217 0.376123
218 0.378357
219 0.378357
220 0.378357
221 0.378357
222 0.378357
223 0.378357
224 0.378357
225 0.378357
226 0.378357
227 0.378357
228 0.378357
229 0.378357
230 0.378357
231 0.378357
232 0.378506
233 0.378506
234 0.378506
235 0.378506
236 0.378655
237 0.378655
238 0.378655
239 0.378655
240 0.378804
241 0.378804
242 0.378804
243 0.378804
244 0.378804
245 0.378804
246 0.378804
247 0.378804
248 0.378804
249 0.378804
250 0.378804
251 0.378804
252 0.378804
253 0.378804
254 0.378804
255 0.378804
256 0.378804
257 0.378804
258 0.378804
259 0.378804
260 0.378804
261 0.378804
262 0.378804
263 0.378804
264 0.378804
265 0.378804
266 0.378804
267 0.381037
268 0.381037
269 0.381484
270 0.381484
271 0.381484
272 0.381484
273 0.381484
274 0.381484
275 0.381484
276 0.381484
277 0.381484
278 0.381782
279 0.381782
280 0.381782
281 0.381931
282 0.382229
283 0.382229
284 0.382229
285 0.382229
286 0.382229
287 0.382229
288 0.382229
289 0.382229
290 0.382229
291 0.382229
292 0.382229
293 0.382229
294 0.382229
