0 0
1 0.141127
2 0.138099
3 0.151556
4 0.151556
5 0.190076
6 0.190076
7 0.190076
8 0.168209
9 0.204205
10 0.204205
11 0.204205
12 0.116064
13 0.164003
14 0.150715
15 0.186375
16 0.150715
17 0.239865
18 0.241884
19 0.263583
20 0.263583
21 0.192935
22 0.192935
23 0.192935
24 0.192935
25 0.192935
26 0.192935
27 0.194954
28 0.191758
29 0.191758
30 0.191758
31 0.191758
32 0.191758
33 0.191758
34 0.191758
35 0.191758
36 0.191758
37 0.203028
38 0.215812
39 0.215812
40 0.215307
41 0.201514
42 0.221531
43 0.338604
44 0.338604
45 0.338604
46 0.338604
47 0.338604
48 0.338604
49 0.340118
50 0.340118
51 0.340118
52 0.354752
53 0.354752
54 0.354752
55 0.367199
56 0.367199
57 0.367199
58 0.367199
59 0.340959
60 0.340959
61 0.340959
62 0.365517
63 0.365517
64 0.365685
65 0.365685
66 0.365685
67 0.365685
68 0.366358
69 0.366358
70 0.366358
71 0.366358
72 0.366358
73 0.365517
74 0.365517
75 0.365517
76 0.365517
77 0.365517
78 0.366358
79 0.366358
80 0.366358
81 0.360471
82 0.360471
83 0.360471
84 0.364844
85 0.364844
86 0.364844
87 0.364844
88 0.364844
89 0.364844
90 0.365517
91 0.365181
92 0.365181
93 0.365181
94 0.365181
95 0.365181
96 0.365181
97 0.365181
98 0.365181
99 0.365181
100 0.365181
101 0.365181
102 0.365181
103 0.365181
104 0.365181
105 0.365181
106 0.365181
107 0.365181
108 0.365181
109 0.365181
110 0.365181
111 0.365181
112 0.365181
113 0.365181
114 0.365181
115 0.365181
116 0.365181
117 0.365181
118 0.365181
119 0.365181
120 0.365181
121 0.365181
122 0.365181
123 0.365181
124 0.365181
125 0.365181
126 0.377796
127 0.377796
128 0.377796
129 0.377796
130 0.377796
131 0.377796
132 0.377796
133 0.377796
134 0.377796
135 0.377796
136 0.377796
137 0.377796
138 0.377796
139 0.377796
140 0.378638
141 0.377796
142 0.377796
143 0.377796
144 0.377796
145 0.377796
146 0.377796
147 0.377796
148 0.376955
149 0.376955
150 0.376619
151 0.376619
152 0.376619
153 0.376619
154 0.376619
155 0.376619
156 0.378638
157 0.378638
158 0.378638
159 0.378638
160 0.378638
161 0.378638
162 0.378638
163 0.378638
164 0.378638
165 0.378638
166 0.378638
167 0.378638
168 0.378638
169 0.378638
170 0.378638
171 0.378638
172 0.378638
173 0.378638
174 0.378638
175 0.378638
176 0.378638
177 0.378638
178 0.378638
179 0.378638
180 0.378638
181 0.368545
182 0.368545
183 0.368545
184 0.368545
185 0.368545
186 0.368545
187 0.368545
188 0.368545
189 0.368545
190 0.368545
191 0.368545
192 0.368545
193 0.36905
194 0.36905
195 0.36905
196 0.36905
197 0.36905
198 0.36905
199 0.36905
200 0.36905
201 0.36905
202 0.368209
203 0.368209
204 0.368209
205 0.368209
206 0.368209
207 0.368209
208 0.368209
209 0.368209
210 0.368209
211 0.368209
212 0.368209
213 0.368209
214 0.368209
215 0.368209
216 0.368209
217 0.368209
218 0.368209
219 0.368209
220 0.368209
221 0.368209
222 0.368209
223 0.368209
224 0.368209
225 0.368209
226 0.368209
227 0.368209
228 0.368209
229 0.368209
230 0.368209
231 0.368209
232 0.369386
233 0.369386
234 0.369386
235 0.369386
236 0.369386
237 0.369386
238 0.369386
239 0.369386
240 0.369386
241 0.369386
242 0.369386
243 0.369386
244 0.369386
245 0.369386
246 0.369386
247 0.369386
248 0.369386
249 0.369386
250 0.369386
251 0.369386
252 0.369386
253 0.369386
254 0.369386
255 0.369386
256 0.369386
257 0.369386
258 0.369386
259 0.369386
260 0.369386
261 0.369386
262 0.367872
263 0.367872
264 0.366695
265 0.366695
266 0.366695
267 0.366695
268 0.367704
269 0.367704
270 0.367704
271 0.367704
272 0.367704
273 0.367704
274 0.367704
275 0.36804
276 0.36804
277 0.36804
278 0.36804
279 0.36804
280 0.36804
281 0.36804
282 0.36804
283 0.36804
284 0.369722
285 0.369722
286 0.369722
287 0.369722
288 0.369722
289 0.369722
290 0.369722
291 0.369722
292 0.36905
293 0.368545
294 0.368545
295 0.368545
296 0.368545
297 0.368545
298 0.368545
299 0.368545
300 0.368713
301 0.368713
302 0.368713
303 0.368713
304 0.368713
305 0.368713
306 0.368713
307 0.368545
308 0.368545
309 0.368545
310 0.368545
311 0.368545
312 0.368545
313 0.368545
314 0.368545
315 0.368545
316 0.368545
317 0.368881
318 0.368881
