0 0
1 0.17074
2 0.235917
3 0.235768
4 0.235917
5 0.235917
6 0.236066
7 0.253341
8 0.241232
9 0.241232
10 0.242722
11 0.242424
12 0.263127
13 0.263127
14 0.265971
15 0.267462
16 0.267462
17 0.264183
18 0.264183
19 0.267611
20 0.262245
21 0.269088
22 0.262829
23 0.262829
24 0.262829
25 0.262829
26 0.262829
27 0.262829
28 0.268294
29 0.274155
30 0.281508
31 0.28927
32 0.291356
33 0.293592
34 0.310469
35 0.310469
36 0.310469
37 0.320032
38 0.320032
39 0.324491
40 0.324491
41 0.324491
42 0.324491
43 0.328515
44 0.329719
45 0.328825
46 0.328825
47 0.328825
48 0.325845
49 0.325845
50 0.325845
51 0.325845
52 0.325845
53 0.327931
54 0.327931
55 0.327931
56 0.327931
57 0.327931
58 0.327931
59 0.327931
60 0.327931
61 0.331408
62 0.331408
63 0.331408
64 0.331408
65 0.331408
66 0.331408
67 0.331408
68 0.331408
69 0.331408
70 0.327769
71 0.327769
72 0.327769
73 0.327769
74 0.329011
75 0.329011
76 0.329011
77 0.329011
78 0.329011
79 0.329011
80 0.327919
81 0.327919
82 0.327919
83 0.331334
84 0.331334
85 0.331334
86 0.331334
87 0.331334
88 0.332327
89 0.332327
90 0.332377
91 0.329545
92 0.329247
93 0.338301
94 0.338301
95 0.338301
96 0.338301
97 0.338301
98 0.339046
99 0.33994
100 0.33994
101 0.33994
102 0.33994
103 0.338748
104 0.338748
105 0.338748
106 0.338748
107 0.340686
108 0.337705
109 0.337705
110 0.337705
111 0.337705
112 0.337705
113 0.337705
114 0.337705
115 0.337705
116 0.337705
117 0.337705
118 0.337705
119 0.337705
120 0.337705
121 0.336513
122 0.336513
123 0.336513
124 0.336513
125 0.336513
126 0.339344
127 0.339344
128 0.339344
129 0.339344
130 0.339344
131 0.339344
132 0.339344
133 0.339344
134 0.339344
135 0.339344
136 0.339344
137 0.339344
138 0.338599
139 0.338599
140 0.338599
141 0.338599
142 0.338599
143 0.338599
144 0.338599
145 0.338599
146 0.338599
147 0.338599
148 0.338599
149 0.338599
150 0.338599
151 0.338599
152 0.338599
153 0.339344
154 0.339344
155 0.339344
156 0.339344
157 0.339344
158 0.339344
159 0.339344
160 0.339344
161 0.339344
162 0.339344
163 0.339344
164 0.339344
165 0.338003
166 0.338003
167 0.338003
168 0.338003
169 0.340686
170 0.340686
171 0.340686
172 0.340686
173 0.340686
174 0.336662
175 0.336662
176 0.336662
177 0.336662
178 0.336662
179 0.336662
180 0.336662
181 0.336662
182 0.336662
183 0.336662
184 0.336662
185 0.336662
186 0.336662
187 0.336662
188 0.336662
189 0.337258
190 0.337258
191 0.337258
192 0.337258
193 0.337258
194 0.337258
195 0.337258
196 0.337258
197 0.336215
198 0.336215
199 0.336215
200 0.336215
201 0.336215
202 0.336215
203 0.336215
204 0.336215
205 0.336215
206 0.336215
207 0.336215
208 0.336215
209 0.336215
210 0.336215
211 0.336215
212 0.336215
213 0.336215
214 0.336215
215 0.336215
216 0.336215
217 0.336215
218 0.336215
219 0.336215
220 0.336215
221 0.336364
222 0.336364
223 0.336364
224 0.336364
225 0.336364
226 0.336364
227 0.336364
228 0.336364
229 0.336364
230 0.336364
231 0.336066
232 0.339642
233 0.339642
234 0.339642
235 0.339642
236 0.339642
237 0.339642
238 0.339642
239 0.339642
240 0.339642
241 0.339642
242 0.339642
243 0.339642
244 0.339642
245 0.340238
246 0.340238
247 0.340238
248 0.340238
249 0.340238
250 0.340238
251 0.340238
252 0.340238
253 0.340238
254 0.340238
255 0.340238
256 0.340238
257 0.340238
258 0.340238
259 0.340238
260 0.340238
261 0.340238
262 0.340238
263 0.340238
264 0.340238
265 0.340238
266 0.340238
267 0.340238
268 0.340238
269 0.340238
270 0.340238
271 0.340238
272 0.340238
273 0.340089
274 0.340089
275 0.340089
276 0.340089
277 0.340089
278 0.340089
279 0.340089
280 0.338152
281 0.338152
282 0.338152
283 0.338152
284 0.338152
285 0.338152
286 0.337854
287 0.338599
288 0.339344
289 0.340089
290 0.336364
291 0.336364
292 0.336364
293 0.336364
294 0.336364
295 0.336364
296 0.338152
297 0.338152
298 0.338152
299 0.338152
300 0.338152
301 0.338152
302 0.338152
303 0.338152
304 0.338152
305 0.338152
306 0.338152
307 0.338152
308 0.338152
