0 0
1 0.179167
2 0.155833
3 0.1625
4 0.1625
5 0.219167
6 0.215833
7 0.215833
8 0.215833
9 0.215833
10 0.215833
11 0.215833
12 0.215833
13 0.215833
14 0.215833
15 0.215833
16 0.215833
17 0.215833
18 0.135833
19 0.135833
20 0.135
21 0.135
22 0.135
23 0.135833
24 0.135833
25 0.139167
26 0.1775
27 0.1775
28 0.1775
29 0.1775
30 0.1775
31 0.173333
32 0.144167
33 0.225
34 0.225
35 0.225
36 0.19
37 0.19
38 0.19
39 0.19
40 0.19
41 0.2275
42 0.2275
43 0.2275
44 0.2275
45 0.205
46 0.221667
47 0.221667
48 0.219167
49 0.219167
50 0.219167
51 0.219167
52 0.219167
53 0.208333
54 0.220833
55 0.274167
56 0.191667
57 0.191667
58 0.191667
59 0.191667
60 0.191667
61 0.191667
62 0.191667
63 0.191667
64 0.191667
65 0.191667
66 0.191667
67 0.191667
68 0.2275
69 0.2275
70 0.225833
71 0.225833
72 0.241667
73 0.241667
74 0.241667
75 0.241667
76 0.241667
77 0.241667
78 0.241667
79 0.241667
80 0.244167
81 0.244167
82 0.244167
83 0.244167
84 0.244167
85 0.244167
86 0.244167
87 0.244167
88 0.244167
89 0.244167
90 0.244167
91 0.244167
92 0.244167
93 0.244167
94 0.244167
95 0.244167
96 0.244167
97 0.289167
98 0.289167
99 0.289167
100 0.289167
101 0.289167
102 0.289167
103 0.289167
104 0.289167
105 0.289167
106 0.289167
107 0.289167
108 0.289167
109 0.289167
110 0.289167
111 0.289167
112 0.289167
113 0.289167
114 0.289167
115 0.289167
116 0.289167
117 0.289167
118 0.289167
119 0.289167
120 0.289167
121 0.289167
122 0.289167
123 0.289167
124 0.289167
125 0.289167
126 0.289167
127 0.285
128 0.285
129 0.285
130 0.285
131 0.289167
132 0.2925
133 0.289167
134 0.289167
135 0.289167
136 0.289167
137 0.289167
138 0.289167
139 0.289167
140 0.289167
141 0.289167
142 0.289167
143 0.289167
144 0.289167
145 0.289167
146 0.289167
147 0.289167
148 0.289167
149 0.289167
150 0.289167
151 0.289167
152 0.289167
153 0.289167
154 0.289167
155 0.289167
156 0.289167
157 0.289167
158 0.289167
159 0.289167
160 0.289167
161 0.289167
162 0.289167
163 0.289167
164 0.300833
165 0.300833
166 0.300833
167 0.300833
168 0.300833
169 0.300833
170 0.300833
171 0.300833
172 0.300833
173 0.300833
174 0.300833
175 0.300833
176 0.300833
177 0.300833
178 0.300833
179 0.300833
180 0.300833
181 0.300833
182 0.300833
183 0.300833
184 0.300833
185 0.300833
186 0.300833
187 0.300833
188 0.300833
189 0.300833
190 0.300833
191 0.300833
192 0.300833
193 0.300833
194 0.300833
195 0.300833
196 0.300833
197 0.300833
198 0.300833
199 0.300833
200 0.300833
201 0.300833
202 0.300833
203 0.300833
204 0.300833
205 0.300833
206 0.300833
207 0.300833
208 0.300833
209 0.300833
210 0.300833
211 0.300833
212 0.300833
213 0.300833
214 0.300833
215 0.300833
216 0.300833
217 0.300833
218 0.300833
219 0.300833
220 0.300833
221 0.300833
222 0.300833
223 0.300833
224 0.300833
225 0.300833
226 0.300833
227 0.300833
228 0.300833
229 0.300833
230 0.300833
231 0.300833
232 0.300833
233 0.300833
234 0.300833
235 0.300833
236 0.300833
237 0.300833
238 0.300833
239 0.300833
240 0.300833
241 0.300833
242 0.300833
243 0.300833
244 0.300833
245 0.300833
246 0.300833
247 0.300833
248 0.300833
249 0.300833
250 0.300833
251 0.300833
252 0.300833
253 0.300833
254 0.300833
255 0.300833
256 0.291667
257 0.291667
258 0.291667
259 0.291667
260 0.291667
261 0.291667
262 0.291667
263 0.291667
264 0.291667
265 0.291667
266 0.291667
267 0.291667
268 0.291667
269 0.291667
270 0.291667
271 0.291667
272 0.291667
273 0.291667
274 0.291667
275 0.291667
276 0.291667
277 0.291667
278 0.291667
279 0.291667
280 0.291667
281 0.291667
282 0.291667
283 0.291667
