0 0
1 0.1625
2 0.161667
3 0.184167
4 0.224167
5 0.254167
6 0.254167
7 0.254167
8 0.254167
9 0.254167
10 0.254167
11 0.254167
12 0.254167
13 0.254167
14 0.254167
15 0.254167
16 0.254167
17 0.254167
18 0.254167
19 0.254167
20 0.253333
21 0.253333
22 0.220833
23 0.220833
24 0.220833
25 0.220833
26 0.195
27 0.195
28 0.195
29 0.195
30 0.195
31 0.195
32 0.1625
33 0.1625
34 0.1625
35 0.1625
36 0.1625
37 0.1625
38 0.171667
39 0.171667
40 0.171667
41 0.1725
42 0.1725
43 0.1725
44 0.1725
45 0.1725
46 0.173333
47 0.173333
48 0.173333
49 0.175833
50 0.175833
51 0.175833
52 0.173333
53 0.173333
54 0.173333
55 0.173333
56 0.173333
57 0.173333
58 0.173333
59 0.176667
60 0.251667
61 0.251667
62 0.166667
63 0.166667
64 0.166667
65 0.250833
66 0.250833
67 0.250833
68 0.250833
69 0.25
70 0.25
71 0.268333
72 0.2475
73 0.2475
74 0.2475
75 0.254167
76 0.254167
77 0.235
78 0.266667
79 0.270833
80 0.270833
81 0.270833
82 0.2425
83 0.2425
84 0.243333
85 0.243333
86 0.243333
87 0.243333
88 0.259167
89 0.259167
90 0.259167
91 0.259167
92 0.259167
93 0.259167
94 0.259167
95 0.259167
96 0.259167
97 0.259167
98 0.259167
99 0.259167
100 0.259167
101 0.259167
102 0.259167
103 0.259167
104 0.255
105 0.255
106 0.289167
107 0.289167
108 0.289167
109 0.289167
110 0.289167
111 0.289167
112 0.289167
113 0.289167
114 0.289167
115 0.289167
116 0.289167
117 0.289167
118 0.289167
119 0.289167
120 0.289167
121 0.289167
122 0.289167
123 0.289167
124 0.289167
125 0.289167
126 0.289167
127 0.289167
128 0.289167
129 0.289167
130 0.289167
131 0.289167
132 0.289167
133 0.289167
134 0.289167
135 0.289167
136 0.289167
137 0.289167
138 0.289167
139 0.289167
140 0.289167
141 0.289167
142 0.289167
143 0.289167
144 0.289167
145 0.289167
146 0.289167
147 0.289167
148 0.289167
149 0.289167
150 0.289167
151 0.289167
152 0.289167
153 0.289167
154 0.289167
155 0.289167
156 0.289167
157 0.289167
158 0.289167
159 0.289167
160 0.289167
161 0.289167
162 0.289167
163 0.289167
164 0.289167
165 0.289167
166 0.289167
167 0.289167
168 0.289167
169 0.289167
170 0.289167
171 0.289167
172 0.289167
173 0.289167
174 0.289167
175 0.289167
176 0.289167
177 0.289167
178 0.289167
179 0.289167
180 0.289167
181 0.289167
182 0.289167
183 0.289167
184 0.289167
185 0.289167
186 0.289167
187 0.289167
188 0.289167
189 0.289167
190 0.289167
191 0.289167
192 0.289167
193 0.289167
194 0.300833
195 0.300833
196 0.300833
197 0.300833
198 0.300833
199 0.300833
200 0.300833
201 0.300833
202 0.300833
203 0.300833
204 0.300833
205 0.300833
206 0.300833
207 0.300833
208 0.300833
209 0.300833
210 0.300833
211 0.300833
212 0.300833
213 0.300833
214 0.300833
215 0.300833
216 0.300833
217 0.300833
218 0.300833
219 0.300833
220 0.300833
221 0.300833
222 0.300833
223 0.300833
224 0.300833
225 0.300833
226 0.300833
227 0.300833
228 0.300833
229 0.300833
230 0.300833
231 0.300833
232 0.300833
233 0.300833
234 0.300833
235 0.300833
236 0.300833
237 0.300833
238 0.300833
239 0.300833
240 0.300833
241 0.300833
242 0.300833
243 0.300833
244 0.300833
245 0.300833
246 0.300833
247 0.300833
248 0.300833
249 0.300833
250 0.300833
251 0.300833
252 0.300833
253 0.300833
254 0.300833
255 0.300833
256 0.300833
257 0.300833
258 0.300833
259 0.300833
260 0.300833
261 0.300833
262 0.300833
263 0.300833
264 0.300833
265 0.300833
266 0.300833
267 0.300833
268 0.300833
269 0.300833
270 0.300833
271 0.300833
272 0.300833
273 0.300833
274 0.300833
275 0.300833
276 0.300833
277 0.300833
278 0.300833
279 0.300833
280 0.300833
281 0.300833
282 0.300833
283 0.300833
284 0.300833
285 0.300833
286 0.300833
287 0.300833
288 0.300833
289 0.300833
290 0.300833
291 0.300833
292 0.300833
293 0.300833
294 0.300833
295 0.291667
296 0.291667
297 0.291667
298 0.291667
299 0.291667
300 0.291667
301 0.291667
302 0.291667
303 0.291667
304 0.291667
305 0.291667
306 0.291667
307 0.291667
308 0.291667
309 0.291667
310 0.291667
311 0.291667
312 0.291667
313 0.291667
314 0.291667
315 0.291667
316 0.291667
317 0.291667
318 0.291667
