0 0
1 0.147453
2 0.168381
3 0.189662
4 0.189662
5 0.213111
6 0.212809
7 0.212809
8 0.214624
9 0.212809
10 0.212809
11 0.212809
12 0.212809
13 0.212809
14 0.212809
15 0.212809
16 0.212809
17 0.212809
18 0.251475
19 0.251475
20 0.25556
21 0.25556
22 0.25556
23 0.262216
24 0.262216
25 0.266755
26 0.267927
27 0.267927
28 0.267927
29 0.267927
30 0.267927
31 0.268533
32 0.271445
33 0.31765
34 0.31765
35 0.31765
36 0.319768
37 0.321281
38 0.321281
39 0.321281
40 0.323096
41 0.327685
42 0.327685
43 0.329349
44 0.329349
45 0.331871
46 0.33535
47 0.33535
48 0.335199
49 0.335199
50 0.335199
51 0.335199
52 0.335199
53 0.337015
54 0.333384
55 0.342057
56 0.32829
57 0.32829
58 0.32829
59 0.32829
60 0.32829
61 0.32829
62 0.32829
63 0.32829
64 0.32829
65 0.32829
66 0.32829
67 0.32829
68 0.330711
69 0.330711
70 0.332224
71 0.332224
72 0.34947
73 0.34947
74 0.34947
75 0.35053
76 0.35053
77 0.35053
78 0.35053
79 0.35053
80 0.350227
81 0.350227
82 0.350227
83 0.350227
84 0.350227
85 0.350227
86 0.350227
87 0.351135
88 0.351135
89 0.351135
90 0.351135
91 0.351135
92 0.351135
93 0.350076
94 0.350076
95 0.350076
96 0.350076
97 0.35053
98 0.35053
99 0.35053
100 0.35053
101 0.35053
102 0.35053
103 0.35053
104 0.35053
105 0.35053
106 0.35053
107 0.35053
108 0.35053
109 0.35053
110 0.35053
111 0.35053
112 0.35053
113 0.35053
114 0.35053
115 0.35053
116 0.35053
117 0.35053
118 0.351135
119 0.351135
120 0.351135
121 0.351135
122 0.351135
123 0.350076
124 0.350076
125 0.350076
126 0.349168
127 0.349017
128 0.349017
129 0.349017
130 0.349017
131 0.350378
132 0.350076
133 0.350378
134 0.350378
135 0.350378
136 0.350378
137 0.350378
138 0.350378
139 0.350378
140 0.350378
141 0.350378
142 0.350378
143 0.350681
144 0.350681
145 0.350681
146 0.350681
147 0.350681
148 0.350681
149 0.350983
150 0.351286
151 0.351286
152 0.351286
153 0.350983
154 0.350983
155 0.350983
156 0.351286
157 0.351286
158 0.351286
159 0.351286
160 0.351286
161 0.351286
162 0.350832
163 0.350832
164 0.349168
165 0.349168
166 0.349168
167 0.349168
168 0.349168
169 0.349168
170 0.349168
171 0.349168
172 0.349168
173 0.349168
174 0.349168
175 0.349168
176 0.349168
177 0.349168
178 0.349168
179 0.349168
180 0.348714
181 0.348714
182 0.349168
183 0.349168
184 0.349168
185 0.349168
186 0.349168
187 0.349168
188 0.349168
189 0.349168
190 0.349168
191 0.349168
192 0.349168
193 0.349168
194 0.349168
195 0.349168
196 0.349168
197 0.349168
198 0.349168
199 0.349168
200 0.349168
201 0.349168
202 0.349168
203 0.349168
204 0.349168
205 0.349168
206 0.349168
207 0.349168
208 0.349168
209 0.349168
210 0.349168
211 0.349168
212 0.349168
213 0.349168
214 0.349168
215 0.349168
216 0.349168
217 0.349168
218 0.349168
219 0.349168
220 0.349168
221 0.349168
222 0.349168
223 0.349168
224 0.349168
225 0.349168
226 0.349168
227 0.349168
228 0.349168
229 0.349168
230 0.349168
231 0.349168
232 0.349168
233 0.349168
234 0.349168
235 0.348714
236 0.349017
237 0.349017
238 0.349017
239 0.349017
240 0.349017
241 0.349017
242 0.349017
243 0.349017
244 0.349017
245 0.349017
246 0.349017
247 0.349017
248 0.349017
249 0.349017
250 0.349017
251 0.349017
252 0.349017
253 0.348865
254 0.348865
255 0.348865
256 0.348411
257 0.348411
258 0.348411
259 0.348411
260 0.348411
261 0.348411
262 0.348865
263 0.348865
264 0.348865
265 0.348714
266 0.348714
267 0.348714
268 0.348714
269 0.349622
270 0.349622
271 0.349622
272 0.349622
273 0.349622
274 0.349622
275 0.349622
276 0.34947
277 0.34947
278 0.34947
279 0.34947
280 0.34947
281 0.34947
282 0.34947
283 0.34947
