0 0
1 0.0333333
2 0.156667
3 0.160833
4 0.158333
5 0.144167
6 0.180833
7 0.2
8 0.2
9 0.2
10 0.211667
11 0.220833
12 0.220833
13 0.220833
14 0.2525
15 0.243333
16 0.2425
17 0.2425
18 0.2425
19 0.246667
20 0.245
21 0.245
22 0.1925
23 0.1925
24 0.1925
25 0.1925
26 0.165833
27 0.1875
28 0.1875
29 0.1875
30 0.195833
31 0.195833
32 0.195833
33 0.2125
34 0.2125
35 0.218333
36 0.210833
37 0.2075
38 0.173333
39 0.173333
40 0.173333
41 0.173333
42 0.173333
43 0.173333
44 0.173333
45 0.173333
46 0.173333
47 0.175
48 0.175
49 0.175
50 0.175
51 0.175
52 0.175
53 0.186667
54 0.186667
55 0.186667
56 0.186667
57 0.1825
58 0.268333
59 0.268333
60 0.268333
61 0.268333
62 0.268333
63 0.268333
64 0.265
65 0.268333
66 0.268333
67 0.268333
68 0.268333
69 0.244167
70 0.244167
71 0.244167
72 0.244167
73 0.244167
74 0.244167
75 0.244167
76 0.240833
77 0.240833
78 0.240833
79 0.240833
80 0.240833
81 0.240833
82 0.240833
83 0.240833
84 0.240833
85 0.240833
86 0.249167
87 0.249167
88 0.249167
89 0.249167
90 0.249167
91 0.249167
92 0.249167
93 0.245833
94 0.245833
95 0.245833
96 0.244167
97 0.244167
98 0.244167
99 0.244167
100 0.244167
101 0.244167
102 0.244167
103 0.289167
104 0.289167
105 0.289167
106 0.289167
107 0.289167
108 0.289167
109 0.289167
110 0.289167
111 0.289167
112 0.289167
113 0.289167
114 0.289167
115 0.289167
116 0.289167
117 0.289167
118 0.289167
119 0.289167
120 0.289167
121 0.289167
122 0.289167
123 0.289167
124 0.289167
125 0.289167
126 0.289167
127 0.289167
128 0.289167
129 0.289167
130 0.289167
131 0.289167
132 0.289167
133 0.289167
134 0.289167
135 0.289167
136 0.289167
137 0.289167
138 0.289167
139 0.300833
140 0.300833
141 0.300833
142 0.300833
143 0.300833
144 0.300833
145 0.300833
146 0.300833
147 0.300833
148 0.300833
149 0.300833
150 0.300833
151 0.300833
152 0.300833
153 0.300833
154 0.300833
155 0.300833
156 0.300833
157 0.300833
158 0.300833
159 0.300833
160 0.300833
161 0.300833
162 0.300833
163 0.300833
164 0.300833
165 0.300833
166 0.300833
167 0.300833
168 0.300833
169 0.300833
170 0.300833
171 0.300833
172 0.300833
173 0.300833
174 0.300833
175 0.300833
176 0.300833
177 0.300833
178 0.300833
179 0.300833
180 0.300833
181 0.300833
182 0.300833
183 0.300833
184 0.300833
185 0.300833
186 0.300833
187 0.300833
188 0.300833
189 0.300833
190 0.300833
191 0.300833
192 0.300833
193 0.300833
194 0.300833
195 0.300833
196 0.300833
197 0.300833
198 0.300833
199 0.300833
200 0.300833
201 0.300833
202 0.300833
203 0.300833
204 0.300833
205 0.300833
206 0.300833
207 0.300833
208 0.300833
209 0.300833
210 0.300833
211 0.291667
212 0.291667
213 0.291667
214 0.291667
215 0.291667
216 0.291667
217 0.291667
218 0.291667
219 0.291667
220 0.291667
221 0.291667
222 0.291667
223 0.291667
224 0.291667
225 0.291667
226 0.291667
227 0.291667
228 0.291667
229 0.291667
230 0.291667
231 0.291667
232 0.291667
233 0.291667
234 0.291667
235 0.291667
236 0.291667
237 0.291667
238 0.291667
239 0.291667
240 0.291667
241 0.291667
242 0.291667
243 0.291667
244 0.291667
245 0.291667
246 0.291667
247 0.291667
248 0.291667
249 0.291667
250 0.291667
251 0.291667
252 0.291667
253 0.291667
254 0.291667
255 0.291667
256 0.291667
257 0.291667
258 0.291667
259 0.291667
260 0.291667
261 0.291667
262 0.291667
