0 0
1 0.207444
2 0.207444
3 0.207444
4 0.226444
5 0.222444
6 0.228333
7 0.231
8 0.226519
9 0.238889
10 0.231852
11 0.231852
12 0.231852
13 0.23763
14 0.244296
15 0.244296
16 0.244296
17 0.244296
18 0.244296
19 0.244296
20 0.244296
21 0.244296
22 0.244296
23 0.244296
24 0.244296
25 0.244296
26 0.244296
27 0.251333
28 0.251333
29 0.251333
30 0.251333
31 0.251333
32 0.251333
33 0.251333
34 0.251333
35 0.251333
36 0.251333
37 0.249185
38 0.251852
39 0.254074
40 0.254074
41 0.254074
42 0.254074
43 0.254074
44 0.254074
45 0.242
46 0.242
47 0.242
48 0.244222
49 0.244222
50 0.244222
51 0.244222
52 0.25
53 0.25
54 0.250444
55 0.250444
56 0.250444
57 0.250444
58 0.249333
59 0.249333
60 0.249333
61 0.249333
62 0.249778
63 0.249778
64 0.246889
65 0.246889
66 0.249333
67 0.249333
68 0.249333
69 0.249333
70 0.249333
71 0.249333
72 0.249333
73 0.249333
74 0.249333
75 0.249333
76 0.249333
77 0.249333
78 0.249333
79 0.249333
80 0.249333
81 0.249333
82 0.280889
83 0.280889
84 0.280889
85 0.280889
86 0.280889
87 0.280889
88 0.280889
89 0.280889
90 0.280889
91 0.280889
92 0.280889
93 0.280889
94 0.280889
95 0.280889
96 0.280889
97 0.280889
98 0.280889
99 0.280889
100 0.280889
101 0.280889
102 0.280889
103 0.280889
104 0.280889
105 0.280889
106 0.280889
107 0.280889
108 0.280889
109 0.280889
110 0.281333
111 0.281333
112 0.282667
113 0.282667
114 0.282667
115 0.282667
116 0.27963
117 0.267556
118 0.267556
119 0.267556
120 0.267556
121 0.267556
122 0.267556
123 0.267556
124 0.267556
125 0.267556
126 0.267556
127 0.267556
128 0.267556
129 0.267556
130 0.267556
131 0.267556
132 0.267556
133 0.267556
134 0.267556
135 0.267556
136 0.267556
137 0.267556
138 0.267556
139 0.267556
140 0.267556
141 0.267556
142 0.267556
143 0.267556
144 0.263
145 0.262
146 0.262
147 0.262
148 0.262
149 0.263111
150 0.263111
151 0.263111
152 0.263111
153 0.263111
154 0.261111
155 0.261111
156 0.261111
157 0.261111
158 0.261111
159 0.261111
160 0.261111
161 0.261111
162 0.261111
163 0.261111
164 0.263111
165 0.263111
166 0.263111
167 0.256444
168 0.256444
169 0.256444
170 0.251556
171 0.251556
172 0.251556
173 0.251556
174 0.251556
175 0.251556
176 0.251556
177 0.251556
178 0.251556
179 0.251556
180 0.251556
181 0.251556
182 0.251556
183 0.251556
184 0.251556
185 0.251556
186 0.251556
187 0.251556
188 0.252444
189 0.255111
190 0.255111
191 0.255111
192 0.255111
193 0.255111
194 0.255111
195 0.255111
196 0.255111
197 0.255111
198 0.255111
199 0.255111
200 0.255111
201 0.255111
202 0.255111
203 0.255111
204 0.255111
205 0.255111
206 0.255111
207 0.255111
208 0.255111
209 0.253778
210 0.253778
211 0.253778
212 0.253778
213 0.253778
214 0.253778
215 0.253778
216 0.253778
217 0.253778
218 0.254667
219 0.254667
220 0.254667
221 0.254667
222 0.254667
223 0.254667
224 0.254667
225 0.254667
226 0.254667
227 0.254667
228 0.254667
229 0.254667
230 0.254667
231 0.254667
232 0.255111
233 0.255111
234 0.255111
235 0.255111
236 0.254667
237 0.254667
238 0.254667
239 0.254667
240 0.255556
241 0.255556
242 0.255556
243 0.255556
244 0.255556
245 0.255556
246 0.255556
247 0.255556
248 0.255556
249 0.254667
250 0.254667
251 0.254667
252 0.254667
253 0.254667
254 0.254667
255 0.254667
256 0.254667
257 0.254667
258 0.254667
259 0.254667
260 0.254667
261 0.256
262 0.256
263 0.256
264 0.256
265 0.256
266 0.256
267 0.26
268 0.26
269 0.257778
270 0.257778
271 0.257778
272 0.257778
273 0.257778
274 0.257778
275 0.257778
276 0.257778
277 0.257778
278 0.257778
279 0.257778
280 0.257778
281 0.258222
282 0.259111
283 0.259111
284 0.259111
285 0.259111
286 0.259111
287 0.259111
288 0.259111
289 0.259111
290 0.259111
291 0.259111
292 0.259111
293 0.259111
294 0.259111
