0 0
1 0.156813
2 0.174237
3 0.198511
4 0.198511
5 0.235592
6 0.240804
7 0.240804
8 0.240804
9 0.241847
10 0.241847
11 0.241847
12 0.241847
13 0.241847
14 0.241847
15 0.241847
16 0.241847
17 0.241847
18 0.261579
19 0.261579
20 0.264259
21 0.264259
22 0.264259
23 0.269918
24 0.269918
25 0.271854
26 0.27245
27 0.27245
28 0.27245
29 0.27245
30 0.27245
31 0.276917
32 0.279449
33 0.315264
34 0.315264
35 0.315264
36 0.333582
37 0.333582
38 0.333582
39 0.333582
40 0.333879
41 0.339092
42 0.339836
43 0.339985
44 0.339985
45 0.342815
46 0.344751
47 0.344751
48 0.345495
49 0.345495
50 0.345495
51 0.345495
52 0.345495
53 0.346389
54 0.349516
55 0.351154
56 0.352643
57 0.352643
58 0.352643
59 0.352643
60 0.352643
61 0.352643
62 0.352643
63 0.352643
64 0.352643
65 0.352643
66 0.352643
67 0.352643
68 0.353686
69 0.353686
70 0.353835
71 0.353835
72 0.359643
73 0.359643
74 0.359643
75 0.360089
76 0.360089
77 0.360089
78 0.360089
79 0.360089
80 0.360834
81 0.360834
82 0.360834
83 0.360834
84 0.360834
85 0.360834
86 0.360834
87 0.361132
88 0.361132
89 0.361132
90 0.361132
91 0.361132
92 0.361132
93 0.361281
94 0.361281
95 0.361281
96 0.361281
97 0.370464
98 0.370464
99 0.370464
100 0.370464
101 0.370464
102 0.370464
103 0.370464
104 0.370464
105 0.370464
106 0.370464
107 0.370464
108 0.370464
109 0.370464
110 0.370464
111 0.370464
112 0.370464
113 0.370464
114 0.370464
115 0.370464
116 0.370464
117 0.370464
118 0.370911
119 0.370911
120 0.370911
121 0.370911
122 0.370911
123 0.371804
124 0.371804
125 0.371804
126 0.37374
127 0.373889
128 0.373889
129 0.373889
130 0.373889
131 0.374187
132 0.374634
133 0.374634
134 0.374634
135 0.374634
136 0.374634
137 0.374932
138 0.374932
139 0.374932
140 0.374932
141 0.375081
142 0.375081
143 0.375081
144 0.375081
145 0.375081
146 0.375081
147 0.375081
148 0.375081
149 0.375081
150 0.375379
151 0.375379
152 0.375379
153 0.375379
154 0.375379
155 0.375379
156 0.375379
157 0.375379
158 0.375379
159 0.375379
160 0.375379
161 0.375379
162 0.375825
163 0.375825
164 0.375974
165 0.375974
166 0.375974
167 0.375974
168 0.375974
169 0.375974
170 0.375974
171 0.375974
172 0.375974
173 0.375974
174 0.375974
175 0.375974
176 0.375974
177 0.375974
178 0.375974
179 0.375974
180 0.376123
181 0.376123
182 0.377612
183 0.377612
184 0.377612
185 0.377612
186 0.377612
187 0.377612
188 0.377612
189 0.377612
190 0.377612
191 0.377612
192 0.377612
193 0.377612
194 0.377612
195 0.377612
196 0.377612
197 0.377612
198 0.377612
199 0.377612
200 0.377612
201 0.377612
202 0.377612
203 0.377612
204 0.377612
205 0.377612
206 0.377612
207 0.377612
208 0.377612
209 0.377612
210 0.377612
211 0.377612
212 0.377612
213 0.37791
214 0.37791
215 0.37791
216 0.37791
217 0.37791
218 0.378059
219 0.378059
220 0.378357
221 0.378357
222 0.378357
223 0.378804
224 0.378804
225 0.378804
226 0.378804
227 0.378804
228 0.378804
229 0.378804
230 0.378804
231 0.378804
232 0.378804
233 0.378804
234 0.378804
235 0.378804
236 0.378953
237 0.378953
238 0.378953
239 0.378953
240 0.378953
241 0.378953
242 0.378953
243 0.378953
244 0.378953
245 0.378953
246 0.378953
247 0.378953
248 0.378953
249 0.378953
250 0.378953
251 0.378953
252 0.378953
253 0.378953
254 0.378953
255 0.378953
256 0.381484
257 0.381484
258 0.381484
259 0.381484
260 0.381484
261 0.381484
262 0.381782
263 0.381782
264 0.381782
265 0.381782
266 0.381782
267 0.38208
268 0.38208
269 0.382229
270 0.382229
271 0.382229
272 0.382229
273 0.382229
274 0.382229
275 0.382229
276 0.382229
277 0.382229
278 0.382229
279 0.382229
280 0.382229
281 0.382229
282 0.382229
283 0.382229
