0 0
1 0.1625
2 0.175
3 0.236667
4 0.236667
5 0.215833
6 0.215833
7 0.203333
8 0.203333
9 0.17
10 0.17
11 0.17
12 0.189167
13 0.218333
14 0.220833
15 0.220833
16 0.220833
17 0.24
18 0.240833
19 0.240833
20 0.240833
21 0.240833
22 0.240833
23 0.240833
24 0.240833
25 0.240833
26 0.0625
27 0.0625
28 0.0625
29 0.0591667
30 0.176667
31 0.176667
32 0.176667
33 0.176667
34 0.176667
35 0.176667
36 0.176667
37 0.176667
38 0.176667
39 0.176667
40 0.176667
41 0.176667
42 0.176667
43 0.176667
44 0.176667
45 0.176667
46 0.176667
47 0.176667
48 0.176667
49 0.176667
50 0.176667
51 0.176667
52 0.176667
53 0.176667
54 0.176667
55 0.176667
56 0.176667
57 0.176667
58 0.176667
59 0.176667
60 0.176667
61 0.176667
62 0.176667
63 0.176667
64 0.176667
65 0.176667
66 0.176667
67 0.176667
68 0.176667
69 0.176667
70 0.176667
71 0.176667
72 0.176667
73 0.176667
74 0.176667
75 0.176667
76 0.176667
77 0.176667
78 0.176667
79 0.176667
80 0.176667
81 0.176667
82 0.176667
83 0.176667
84 0.176667
85 0.176667
86 0.176667
87 0.176667
88 0.176667
89 0.176667
90 0.176667
91 0.176667
92 0.176667
93 0.176667
94 0.176667
95 0.176667
96 0.176667
97 0.176667
98 0.176667
99 0.176667
100 0.176667
101 0.176667
102 0.176667
103 0.176667
104 0.176667
105 0.176667
106 0.176667
107 0.176667
108 0.176667
109 0.270833
110 0.270833
111 0.270833
112 0.270833
113 0.250833
114 0.250833
115 0.250833
116 0.250833
117 0.250833
118 0.250833
119 0.250833
120 0.250833
121 0.250833
122 0.270833
123 0.270833
124 0.270833
125 0.270833
126 0.270833
127 0.270833
128 0.270833
129 0.270833
130 0.270833
131 0.270833
132 0.270833
133 0.270833
134 0.270833
135 0.275
136 0.275
137 0.275
138 0.275
139 0.275
140 0.275
141 0.275
142 0.279167
143 0.275
144 0.275
145 0.275
146 0.275
147 0.275
148 0.275
149 0.275
150 0.275
151 0.275
152 0.275
153 0.275
154 0.275
155 0.275
156 0.275
157 0.275
158 0.275
159 0.28
160 0.28
161 0.28
162 0.28
163 0.28
164 0.28
165 0.28
166 0.28
167 0.28
168 0.28
169 0.28
170 0.28
171 0.28
172 0.28
173 0.28
174 0.28
175 0.28
176 0.28
177 0.28
178 0.28
179 0.28
180 0.28
181 0.28
182 0.28
183 0.28
184 0.28
185 0.28
186 0.28
187 0.28
188 0.28
189 0.28
190 0.289167
191 0.289167
192 0.289167
193 0.289167
194 0.289167
195 0.289167
196 0.289167
197 0.289167
198 0.289167
199 0.289167
200 0.289167
201 0.289167
202 0.289167
203 0.289167
204 0.289167
205 0.289167
206 0.289167
207 0.289167
208 0.289167
209 0.289167
210 0.289167
211 0.289167
212 0.289167
213 0.289167
214 0.289167
215 0.289167
216 0.289167
217 0.289167
218 0.289167
219 0.289167
220 0.289167
221 0.289167
222 0.289167
223 0.289167
224 0.289167
225 0.289167
226 0.289167
227 0.289167
228 0.289167
229 0.289167
230 0.289167
231 0.289167
232 0.289167
233 0.289167
234 0.289167
235 0.289167
236 0.289167
237 0.289167
238 0.289167
239 0.289167
240 0.289167
241 0.289167
242 0.289167
243 0.289167
244 0.289167
245 0.289167
246 0.289167
247 0.289167
248 0.289167
249 0.289167
250 0.296667
251 0.296667
252 0.296667
253 0.296667
254 0.296667
255 0.296667
256 0.296667
257 0.296667
258 0.300833
259 0.300833
260 0.300833
261 0.300833
262 0.300833
263 0.300833
264 0.300833
265 0.300833
266 0.300833
267 0.300833
268 0.300833
269 0.300833
270 0.300833
271 0.300833
272 0.300833
273 0.300833
274 0.300833
275 0.300833
276 0.300833
277 0.300833
278 0.300833
279 0.300833
280 0.300833
281 0.300833
282 0.300833
283 0.300833
284 0.300833
285 0.300833
286 0.300833
287 0.300833
288 0.300833
289 0.300833
290 0.300833
291 0.300833
292 0.291667
293 0.291667
294 0.291667
295 0.291667
296 0.291667
297 0.291667
298 0.291667
299 0.291667
300 0.291667
301 0.291667
302 0.291667
303 0.291667
304 0.291667
305 0.291667
306 0.291667
307 0.291667
308 0.291667
309 0.291667
310 0.291667
311 0.291667
312 0.291667
313 0.291667
314 0.291667
315 0.291667
316 0.291667
317 0.291667
318 0.291667
319 0.291667
320 0.291667
321 0.291667
322 0.291667
323 0.291667
324 0.291667
325 0.291667
326 0.291667
327 0.291667
328 0.291667
329 0.291667
330 0.291667
331 0.291667
