0 0
1 0.142473
2 0.141463
3 0.235828
4 0.225568
5 0.273339
6 0.273339
7 0.273339
8 0.273339
9 0.273339
10 0.273339
11 0.273339
12 0.273339
13 0.273339
14 0.273339
15 0.273339
16 0.273339
17 0.273339
18 0.273339
19 0.273339
20 0.273844
21 0.273844
22 0.280908
23 0.280908
24 0.280908
25 0.280908
26 0.252145
27 0.252145
28 0.252145
29 0.252145
30 0.252145
31 0.252145
32 0.306644
33 0.306644
34 0.306644
35 0.306644
36 0.306644
37 0.306644
38 0.308326
39 0.308326
40 0.308326
41 0.324474
42 0.324474
43 0.324474
44 0.324474
45 0.324474
46 0.316064
47 0.316064
48 0.316064
49 0.310681
50 0.310681
51 0.310681
52 0.316905
53 0.316064
54 0.316064
55 0.316064
56 0.316064
57 0.316905
58 0.316905
59 0.32767
60 0.36619
61 0.36619
62 0.319596
63 0.319596
64 0.319596
65 0.365349
66 0.365685
67 0.365685
68 0.365685
69 0.366695
70 0.366695
71 0.361817
72 0.364844
73 0.364844
74 0.364844
75 0.364508
76 0.364508
77 0.356434
78 0.36619
79 0.365181
80 0.365181
81 0.365181
82 0.361817
83 0.361817
84 0.360471
85 0.360471
86 0.360471
87 0.361144
88 0.351892
89 0.351892
90 0.351892
91 0.351892
92 0.351892
93 0.351892
94 0.351892
95 0.351892
96 0.351892
97 0.351892
98 0.351892
99 0.351892
100 0.351892
101 0.351892
102 0.351892
103 0.351892
104 0.351892
105 0.351892
106 0.377796
107 0.377796
108 0.377796
109 0.377796
110 0.377796
111 0.377796
112 0.377796
113 0.377796
114 0.377796
115 0.377796
116 0.377796
117 0.377796
118 0.377796
119 0.377796
120 0.377796
121 0.377796
122 0.377796
123 0.377796
124 0.377796
125 0.377796
126 0.377796
127 0.377796
128 0.377796
129 0.377796
130 0.377796
131 0.377796
132 0.377796
133 0.377796
134 0.377796
135 0.377796
136 0.377796
137 0.377796
138 0.377796
139 0.377796
140 0.376955
141 0.376955
142 0.376955
143 0.376955
144 0.376955
145 0.376955
146 0.376955
147 0.376955
148 0.376955
149 0.376955
150 0.376955
151 0.376955
152 0.376955
153 0.376955
154 0.376955
155 0.376955
156 0.376955
157 0.376955
158 0.376955
159 0.376955
160 0.376955
161 0.376955
162 0.376955
163 0.376955
164 0.376955
165 0.376955
166 0.376955
167 0.37746
168 0.376955
169 0.376955
170 0.376955
171 0.376955
172 0.376955
173 0.376955
174 0.376955
175 0.376955
176 0.376955
177 0.376955
178 0.376955
179 0.37746
180 0.37746
181 0.37746
182 0.37746
183 0.37746
184 0.37746
185 0.37746
186 0.37746
187 0.37746
188 0.37746
189 0.37746
190 0.37746
191 0.37746
192 0.376955
193 0.376955
194 0.36905
195 0.36905
196 0.36905
197 0.36905
198 0.36905
199 0.36905
200 0.36905
201 0.36905
202 0.367536
203 0.367536
204 0.367536
205 0.367536
206 0.367536
207 0.367536
208 0.367536
209 0.367536
210 0.367536
211 0.367536
212 0.367536
213 0.367536
214 0.367536
215 0.367536
216 0.367536
217 0.367536
218 0.367536
219 0.367536
220 0.367536
221 0.367536
222 0.367536
223 0.367536
224 0.368209
225 0.368209
226 0.368209
227 0.368209
228 0.368209
229 0.368209
230 0.368209
231 0.368209
232 0.368209
233 0.368209
234 0.368209
235 0.367536
236 0.367536
237 0.367536
238 0.367536
239 0.367536
240 0.367536
241 0.367536
242 0.367536
243 0.367536
244 0.367536
245 0.367536
246 0.367536
247 0.367536
248 0.367536
249 0.367536
250 0.367536
251 0.367536
252 0.367536
253 0.367536
254 0.367536
255 0.367536
256 0.367536
257 0.367536
258 0.367536
259 0.367536
260 0.367536
261 0.367536
262 0.367536
263 0.367536
264 0.367536
265 0.367199
266 0.367199
267 0.367199
268 0.367199
269 0.367199
270 0.367199
271 0.367199
272 0.367199
273 0.367199
274 0.367199
275 0.367199
276 0.367199
277 0.367199
278 0.367872
279 0.367872
280 0.367872
281 0.367872
282 0.367872
283 0.367872
284 0.367872
285 0.367872
286 0.367872
287 0.367872
288 0.367872
289 0.367872
290 0.367872
291 0.367872
292 0.367872
293 0.367872
294 0.367872
295 0.368545
296 0.368545
297 0.368545
298 0.368545
299 0.368545
300 0.368545
301 0.368545
302 0.368545
303 0.368545
304 0.368545
305 0.368545
306 0.368545
307 0.368545
308 0.368545
309 0.368545
310 0.368545
311 0.368545
312 0.368545
313 0.368545
314 0.368545
315 0.368545
316 0.368545
317 0.368545
318 0.368545
