0 0
1 0.309677
2 0.309677
3 0.309677
4 0.309677
5 0.309677
6 0.309677
7 0.309677
8 0.309677
9 0.341935
10 0.341935
11 0.341935
12 0.341935
13 0.316129
14 0.316129
15 0.316129
16 0.316129
17 0.316129
18 0.348387
19 0.316129
20 0.316129
21 0.316129
22 0.348387
23 0.348387
24 0.348387
25 0.316129
26 0.316129
27 0.316129
28 0.316129
29 0.316129
30 0.348387
31 0.348387
32 0.348387
33 0.290323
34 0.290323
35 0.283871
36 0.283871
37 0.348387
38 0.348387
39 0.348387
40 0.348387
41 0.348387
42 0.348387
43 0.348387
44 0.348387
45 0.348387
46 0.348387
47 0.348387
48 0.348387
49 0.348387
50 0.348387
51 0.348387
52 0.348387
53 0.348387
54 0.225806
55 0.225806
56 0.225806
57 0.225806
58 0.225806
59 0.225806
60 0.225806
61 0.225806
62 0.225806
63 0.251613
64 0.283871
65 0.283871
66 0.283871
67 0.283871
68 0.283871
69 0.232258
70 0.283871
71 0.283871
72 0.245161
73 0.245161
74 0.245161
75 0.329032
76 0.329032
77 0.348387
78 0.348387
79 0.348387
80 0.348387
81 0.348387
82 0.348387
83 0.348387
84 0.348387
85 0.348387
86 0.348387
87 0.348387
88 0.348387
89 0.348387
90 0.348387
91 0.348387
92 0.348387
93 0.348387
94 0.348387
95 0.348387
96 0.348387
97 0.348387
98 0.348387
99 0.348387
100 0.348387
101 0.348387
102 0.348387
103 0.380645
104 0.348387
105 0.380645
106 0.380645
107 0.380645
108 0.380645
109 0.380645
110 0.380645
111 0.380645
112 0.380645
113 0.380645
114 0.380645
115 0.380645
116 0.335484
117 0.335484
118 0.335484
119 0.335484
120 0.335484
121 0.335484
122 0.335484
123 0.335484
124 0.335484
125 0.335484
126 0.335484
127 0.335484
128 0.335484
129 0.335484
130 0.335484
131 0.335484
132 0.335484
133 0.335484
134 0.335484
135 0.335484
136 0.335484
137 0.335484
138 0.335484
139 0.335484
140 0.335484
141 0.335484
142 0.335484
143 0.335484
144 0.335484
145 0.335484
146 0.335484
147 0.335484
148 0.335484
149 0.335484
150 0.335484
151 0.335484
152 0.335484
153 0.335484
154 0.335484
155 0.335484
156 0.335484
157 0.335484
158 0.335484
159 0.335484
160 0.335484
161 0.335484
162 0.335484
163 0.335484
164 0.335484
165 0.335484
166 0.335484
167 0.335484
168 0.335484
169 0.335484
170 0.335484
171 0.335484
172 0.335484
173 0.335484
174 0.335484
175 0.335484
176 0.335484
177 0.335484
178 0.335484
179 0.335484
180 0.335484
181 0.335484
182 0.335484
183 0.335484
184 0.335484
185 0.335484
186 0.335484
187 0.335484
188 0.335484
189 0.335484
190 0.335484
191 0.335484
192 0.335484
193 0.335484
194 0.322581
195 0.322581
196 0.322581
197 0.322581
198 0.322581
199 0.322581
200 0.322581
201 0.322581
202 0.322581
203 0.322581
204 0.322581
205 0.322581
206 0.322581
207 0.322581
208 0.322581
209 0.322581
210 0.322581
211 0.322581
212 0.322581
213 0.322581
214 0.322581
215 0.322581
216 0.322581
217 0.322581
218 0.322581
219 0.322581
220 0.322581
221 0.322581
222 0.322581
223 0.322581
224 0.322581
225 0.322581
226 0.322581
227 0.322581
228 0.322581
229 0.322581
230 0.322581
231 0.322581
232 0.322581
233 0.322581
234 0.322581
235 0.322581
236 0.322581
237 0.322581
238 0.322581
239 0.322581
240 0.322581
241 0.322581
242 0.322581
243 0.322581
244 0.322581
245 0.322581
246 0.322581
247 0.322581
248 0.322581
249 0.322581
250 0.322581
251 0.322581
252 0.322581
253 0.322581
254 0.322581
255 0.322581
256 0.322581
257 0.322581
258 0.322581
259 0.322581
260 0.322581
261 0.322581
262 0.322581
263 0.322581
264 0.322581
265 0.322581
266 0.322581
267 0.322581
268 0.322581
269 0.322581
270 0.322581
271 0.322581
272 0.322581
273 0.322581
274 0.322581
275 0.322581
276 0.322581
277 0.322581
278 0.322581
279 0.322581
280 0.322581
281 0.322581
282 0.322581
283 0.322581
284 0.322581
285 0.322581
286 0.322581
287 0.322581
288 0.322581
289 0.322581
290 0.322581
291 0.322581
292 0.322581
