0 0
1 0.170667
2 0.170222
3 0.168444
4 0.170222
5 0.188741
6 0.188741
7 0.188741
8 0.188741
9 0.188741
10 0.193889
11 0.195889
12 0.199185
13 0.21863
14 0.250963
15 0.250963
16 0.250963
17 0.244741
18 0.244741
19 0.234074
20 0.229556
21 0.229556
22 0.229556
23 0.229556
24 0.219259
25 0.218667
26 0.266222
27 0.268
28 0.255556
29 0.255556
30 0.261778
31 0.261778
32 0.261778
33 0.261778
34 0.261778
35 0.263778
36 0.263778
37 0.266222
38 0.266
39 0.261778
40 0.264667
41 0.263778
42 0.263778
43 0.263778
44 0.263778
45 0.262185
46 0.262185
47 0.256407
48 0.256407
49 0.242
50 0.242
51 0.244296
52 0.244296
53 0.244296
54 0.244296
55 0.249741
56 0.249333
57 0.251519
58 0.251963
59 0.251963
60 0.251963
61 0.255111
62 0.255111
63 0.255111
64 0.255111
65 0.250852
66 0.250852
67 0.255111
68 0.254667
69 0.254667
70 0.247296
71 0.255111
72 0.255111
73 0.255111
74 0.255111
75 0.271407
76 0.271407
77 0.271407
78 0.271407
79 0.271407
80 0.273185
81 0.273185
82 0.273185
83 0.273185
84 0.265778
85 0.265778
86 0.265778
87 0.265778
88 0.265778
89 0.265778
90 0.265778
91 0.265778
92 0.265778
93 0.265778
94 0.265778
95 0.267556
96 0.267556
97 0.267556
98 0.267556
99 0.267556
100 0.267556
101 0.267556
102 0.267556
103 0.267556
104 0.267556
105 0.267556
106 0.268444
107 0.268444
108 0.268444
109 0.268444
110 0.266889
111 0.266889
112 0.266889
113 0.266889
114 0.266889
115 0.266889
116 0.266889
117 0.266889
118 0.266889
119 0.266889
120 0.269111
121 0.269111
122 0.269111
123 0.269111
124 0.269111
125 0.269111
126 0.269111
127 0.269111
128 0.269111
129 0.259778
130 0.259778
131 0.262889
132 0.262889
133 0.262889
134 0.262889
135 0.262889
136 0.262889
137 0.262889
138 0.262889
139 0.262889
140 0.262889
141 0.262889
142 0.262889
143 0.261111
144 0.261111
145 0.261111
146 0.261111
147 0.261111
148 0.261111
149 0.261111
150 0.265556
151 0.265556
152 0.265556
153 0.256889
154 0.256889
155 0.256889
156 0.256889
157 0.256444
158 0.256444
159 0.264
160 0.264
161 0.264
162 0.264
163 0.264
164 0.264
165 0.251556
166 0.251556
167 0.251556
168 0.251556
169 0.251556
170 0.251556
171 0.251556
172 0.251556
173 0.264
174 0.264
175 0.264
176 0.264
177 0.261778
178 0.261778
179 0.261778
180 0.261778
181 0.261778
182 0.255111
183 0.255111
184 0.255111
185 0.253778
186 0.253778
187 0.253778
188 0.253778
189 0.253778
190 0.253778
191 0.253778
192 0.253778
193 0.253778
194 0.253778
195 0.253778
196 0.253778
197 0.253778
198 0.253778
199 0.254222
200 0.254222
201 0.254222
202 0.254222
203 0.254222
204 0.254222
205 0.254222
206 0.254222
207 0.254222
208 0.254222
209 0.254222
210 0.254222
211 0.254222
212 0.255556
213 0.255556
214 0.255556
215 0.254222
216 0.254222
217 0.254222
218 0.254222
219 0.254222
220 0.256
221 0.256
222 0.256
223 0.256
224 0.256
225 0.256
226 0.256
227 0.256
228 0.256
229 0.256
230 0.256
231 0.256
232 0.256
233 0.256
234 0.254667
235 0.254667
236 0.254667
237 0.254667
238 0.254667
239 0.254667
240 0.256
241 0.256
242 0.256
243 0.256
244 0.256
245 0.260889
246 0.260889
247 0.260889
248 0.260889
249 0.260889
250 0.260889
251 0.260889
252 0.260889
253 0.256444
254 0.257778
255 0.257778
256 0.257778
257 0.257778
258 0.257778
259 0.257778
260 0.257778
261 0.257778
262 0.257778
263 0.257778
264 0.257333
265 0.257333
266 0.257333
267 0.257333
268 0.257333
269 0.257333
270 0.256889
271 0.256889
272 0.256889
273 0.259111
274 0.259111
275 0.26
276 0.26
277 0.26
278 0.26
279 0.258222
