0 0
1 0.155211
2 0.154085
3 0.155493
4 0.154085
5 0.173944
6 0.173944
7 0.173944
8 0.173944
9 0.173944
10 0.195211
11 0.208873
12 0.214225
13 0.22493
14 0.244789
15 0.244789
16 0.244789
17 0.232254
18 0.232254
19 0.234648
20 0.260423
21 0.260423
22 0.260423
23 0.260423
24 0.259014
25 0.280563
26 0.327606
27 0.325634
28 0.325915
29 0.325915
30 0.331127
31 0.331127
32 0.331127
33 0.331127
34 0.331127
35 0.332817
36 0.332817
37 0.334085
38 0.332817
39 0.332817
40 0.334225
41 0.332958
42 0.333099
43 0.333099
44 0.333099
45 0.349718
46 0.349718
47 0.352817
48 0.352817
49 0.328592
50 0.328592
51 0.319014
52 0.319014
53 0.319014
54 0.319014
55 0.346197
56 0.339437
57 0.343803
58 0.346056
59 0.346056
60 0.346056
61 0.339437
62 0.339437
63 0.339437
64 0.339437
65 0.343099
66 0.343099
67 0.339718
68 0.337606
69 0.337606
70 0.34169
71 0.34
72 0.34
73 0.34
74 0.34
75 0.35662
76 0.35662
77 0.35662
78 0.35662
79 0.35662
80 0.35
81 0.35
82 0.349155
83 0.349155
84 0.336197
85 0.336197
86 0.336197
87 0.336197
88 0.336197
89 0.336197
90 0.336197
91 0.336197
92 0.336197
93 0.336197
94 0.336197
95 0.33831
96 0.33831
97 0.33831
98 0.33831
99 0.33831
100 0.33831
101 0.33831
102 0.33831
103 0.33831
104 0.33831
105 0.33831
106 0.337042
107 0.337042
108 0.337042
109 0.337042
110 0.337887
111 0.337887
112 0.337887
113 0.337887
114 0.337887
115 0.337887
116 0.337887
117 0.337887
118 0.337887
119 0.337887
120 0.338169
121 0.338169
122 0.337746
123 0.337746
124 0.337746
125 0.337746
126 0.337746
127 0.337746
128 0.337746
129 0.338169
130 0.338169
131 0.338028
132 0.338028
133 0.338028
134 0.338028
135 0.338028
136 0.338028
137 0.338028
138 0.338028
139 0.338028
140 0.338028
141 0.338028
142 0.338028
143 0.337746
144 0.337746
145 0.337746
146 0.337746
147 0.337746
148 0.337746
149 0.337746
150 0.338592
151 0.338592
152 0.338592
153 0.337887
154 0.337887
155 0.337887
156 0.337887
157 0.337465
158 0.337465
159 0.338169
160 0.338169
161 0.338169
162 0.338169
163 0.338169
164 0.338028
165 0.337183
166 0.337183
167 0.337183
168 0.337183
169 0.337183
170 0.337183
171 0.337183
172 0.337183
173 0.338028
174 0.338028
175 0.338028
176 0.338028
177 0.337746
178 0.337746
179 0.337746
180 0.337746
181 0.337746
182 0.337606
183 0.337606
184 0.337606
185 0.338169
186 0.338169
187 0.338169
188 0.33831
189 0.33831
190 0.33831
191 0.33831
192 0.33831
193 0.33831
194 0.33831
195 0.33831
196 0.33831
197 0.33831
198 0.33831
199 0.335211
200 0.335211
201 0.335211
202 0.335211
203 0.335211
204 0.335211
205 0.335211
206 0.335211
207 0.335211
208 0.335211
209 0.335211
210 0.335211
211 0.335493
212 0.33507
213 0.33507
214 0.33507
215 0.335352
216 0.335352
217 0.335352
218 0.335352
219 0.335352
220 0.335775
221 0.335775
222 0.335775
223 0.335775
224 0.335775
225 0.335775
226 0.335775
227 0.335775
228 0.335775
229 0.335775
230 0.335775
231 0.335775
232 0.335775
233 0.335775
234 0.335211
235 0.335211
236 0.335211
237 0.335211
238 0.335211
239 0.335211
240 0.33507
241 0.33507
242 0.33507
243 0.33507
244 0.33507
245 0.33662
246 0.33662
247 0.33662
248 0.33662
249 0.337183
250 0.33662
251 0.33662
252 0.33662
253 0.335634
254 0.334507
255 0.334507
256 0.334507
257 0.334507
258 0.334507
259 0.334507
260 0.334507
261 0.334225
262 0.334225
263 0.334225
264 0.334225
265 0.334225
266 0.334225
267 0.334225
268 0.334225
269 0.334225
270 0.334789
271 0.334789
272 0.334789
273 0.335352
274 0.335352
275 0.336761
276 0.336761
277 0.336761
278 0.336761
279 0.333803
