0 0
1 0.0556586
2 0.148423
3 0.14731
4 0.147681
5 0.153061
6 0.175881
7 0.191095
8 0.191095
9 0.191095
10 0.209833
11 0.22115
12 0.22115
13 0.22115
14 0.26475
15 0.273469
16 0.272542
17 0.272542
18 0.274397
19 0.2859
20 0.282375
21 0.282375
22 0.239518
23 0.239518
24 0.239518
25 0.239518
26 0.228386
27 0.220779
28 0.220779
29 0.220779
30 0.24026
31 0.24026
32 0.24026
33 0.233024
34 0.233024
35 0.239518
36 0.235993
37 0.235807
38 0.292393
39 0.292393
40 0.292393
41 0.292393
42 0.292393
43 0.292393
44 0.292393
45 0.292393
46 0.292393
47 0.287941
48 0.287941
49 0.287941
50 0.287941
51 0.287941
52 0.287941
53 0.288683
54 0.288683
55 0.288683
56 0.288683
57 0.287384
58 0.347495
59 0.347495
60 0.347495
61 0.347495
62 0.347495
63 0.347495
64 0.345455
65 0.346197
66 0.346197
67 0.346197
68 0.346197
69 0.338776
70 0.338776
71 0.338776
72 0.339703
73 0.339703
74 0.339332
75 0.338776
76 0.325232
77 0.325232
78 0.325232
79 0.325232
80 0.325232
81 0.325232
82 0.325232
83 0.325232
84 0.325232
85 0.325232
86 0.329314
87 0.329314
88 0.329314
89 0.329314
90 0.329314
91 0.329314
92 0.329314
93 0.328386
94 0.330612
95 0.330612
96 0.33321
97 0.33321
98 0.33321
99 0.33321
100 0.33321
101 0.33321
102 0.331911
103 0.345269
104 0.345269
105 0.345269
106 0.345269
107 0.345269
108 0.345269
109 0.345269
110 0.345269
111 0.345269
112 0.345269
113 0.345269
114 0.344712
115 0.344712
116 0.344712
117 0.344712
118 0.344712
119 0.344712
120 0.344712
121 0.344712
122 0.344712
123 0.344712
124 0.344712
125 0.344712
126 0.344898
127 0.344898
128 0.344898
129 0.344898
130 0.344898
131 0.344898
132 0.344898
133 0.344898
134 0.344898
135 0.344898
136 0.344898
137 0.344898
138 0.344898
139 0.340445
140 0.340445
141 0.340445
142 0.340445
143 0.340445
144 0.340445
145 0.340445
146 0.340445
147 0.340445
148 0.340445
149 0.340445
150 0.340445
151 0.340445
152 0.340445
153 0.340445
154 0.340445
155 0.341002
156 0.341002
157 0.341002
158 0.341002
159 0.341002
160 0.341002
161 0.341002
162 0.341002
163 0.341002
164 0.341002
165 0.341002
166 0.341002
167 0.341002
168 0.341002
169 0.341002
170 0.341002
171 0.341002
172 0.341002
173 0.341002
174 0.341002
175 0.338776
176 0.338776
177 0.338776
178 0.338776
179 0.338776
180 0.338776
181 0.338776
182 0.338776
183 0.338776
184 0.339703
185 0.339703
186 0.339703
187 0.339703
188 0.339703
189 0.339703
190 0.339703
191 0.339703
192 0.339703
193 0.338776
194 0.338776
195 0.338776
196 0.338776
197 0.338776
198 0.338776
199 0.338776
200 0.338776
201 0.338776
202 0.338776
203 0.338776
204 0.338776
205 0.338776
206 0.338776
207 0.338776
208 0.338776
209 0.338776
210 0.338776
211 0.34397
212 0.34397
213 0.345269
214 0.345269
215 0.345269
216 0.345269
217 0.345269
218 0.345269
219 0.345269
220 0.345269
221 0.345269
222 0.345269
223 0.344712
224 0.344712
225 0.344712
226 0.344712
227 0.344712
228 0.344712
229 0.344156
230 0.344156
231 0.344156
232 0.342857
233 0.342857
234 0.342857
235 0.344156
236 0.344156
237 0.342857
238 0.342857
239 0.342857
240 0.342857
241 0.342857
242 0.342857
243 0.342857
244 0.342857
245 0.342857
246 0.342857
247 0.342857
248 0.342857
249 0.342857
250 0.342857
251 0.342857
252 0.342857
253 0.344156
254 0.344156
255 0.344156
256 0.344156
257 0.344156
258 0.344156
259 0.344156
260 0.344156
261 0.344156
262 0.344156
