0 0
1 0.140494
2 0.140797
3 0.164851
4 0.164851
5 0.1765
6 0.1765
7 0.1765
8 0.164095
9 0.187998
10 0.187998
11 0.187998
12 0.20116
13 0.207968
14 0.217953
15 0.213414
16 0.215078
17 0.247844
18 0.251475
19 0.259909
20 0.259909
21 0.282098
22 0.282098
23 0.282098
24 0.282098
25 0.282098
26 0.282098
27 0.286031
28 0.284518
29 0.284518
30 0.284518
31 0.284518
32 0.284518
33 0.284518
34 0.284518
35 0.284518
36 0.284518
37 0.280585
38 0.277156
39 0.277156
40 0.277458
41 0.293646
42 0.309077
43 0.329652
44 0.329652
45 0.329652
46 0.329652
47 0.329652
48 0.329652
49 0.333434
50 0.333434
51 0.333434
52 0.343116
53 0.343116
54 0.343116
55 0.340696
56 0.340696
57 0.340696
58 0.340696
59 0.334493
60 0.334493
61 0.334493
62 0.342209
63 0.342209
64 0.339788
65 0.339788
66 0.339788
67 0.339788
68 0.34236
69 0.34236
70 0.34236
71 0.34236
72 0.34236
73 0.342209
74 0.342209
75 0.342209
76 0.342209
77 0.342209
78 0.342511
79 0.342511
80 0.342511
81 0.337519
82 0.337519
83 0.337519
84 0.342057
85 0.342057
86 0.342057
87 0.342057
88 0.342057
89 0.342057
90 0.34236
91 0.342663
92 0.342663
93 0.342663
94 0.342663
95 0.342663
96 0.342663
97 0.342663
98 0.342663
99 0.342663
100 0.342663
101 0.342663
102 0.342663
103 0.342663
104 0.342663
105 0.342663
106 0.342663
107 0.342663
108 0.342663
109 0.342663
110 0.342663
111 0.342663
112 0.342663
113 0.342663
114 0.342663
115 0.342663
116 0.342663
117 0.342663
118 0.342663
119 0.342663
120 0.342663
121 0.342663
122 0.342663
123 0.342663
124 0.342663
125 0.342663
126 0.35053
127 0.35053
128 0.35053
129 0.35053
130 0.35053
131 0.35053
132 0.348563
133 0.349168
134 0.349168
135 0.349168
136 0.349168
137 0.349168
138 0.349168
139 0.349168
140 0.349168
141 0.349319
142 0.349319
143 0.349319
144 0.349319
145 0.349319
146 0.349319
147 0.349319
148 0.35053
149 0.350681
150 0.35053
151 0.35053
152 0.35053
153 0.35053
154 0.35053
155 0.35053
156 0.349924
157 0.349924
158 0.349924
159 0.349924
160 0.349924
161 0.349924
162 0.349924
163 0.349924
164 0.349924
165 0.349924
166 0.349924
167 0.349924
168 0.349924
169 0.349924
170 0.349924
171 0.349924
172 0.349924
173 0.349924
174 0.349924
175 0.349924
176 0.349924
177 0.349924
178 0.349924
179 0.349924
180 0.349924
181 0.349168
182 0.349168
183 0.349168
184 0.349168
185 0.349168
186 0.349168
187 0.349168
188 0.349168
189 0.349168
190 0.349168
191 0.349168
192 0.349168
193 0.347958
194 0.347958
195 0.347958
196 0.347958
197 0.347958
198 0.347958
199 0.347958
200 0.347958
201 0.347958
202 0.349168
203 0.348411
204 0.349168
205 0.349168
206 0.349168
207 0.349168
208 0.349168
209 0.349168
210 0.349168
211 0.349168
212 0.349168
213 0.349168
214 0.349168
215 0.349168
216 0.349168
217 0.349168
218 0.349168
219 0.349168
220 0.349168
221 0.348411
222 0.348411
223 0.348411
224 0.348411
225 0.348411
226 0.348411
227 0.348411
228 0.348411
229 0.348411
230 0.348411
231 0.348411
232 0.348109
233 0.348109
234 0.348109
235 0.348109
236 0.348109
237 0.348109
238 0.348109
239 0.348109
240 0.348109
241 0.348109
242 0.348109
243 0.348109
244 0.348109
245 0.348109
246 0.348109
247 0.348109
248 0.348109
249 0.348865
250 0.348865
251 0.348865
252 0.348865
253 0.348865
254 0.348865
255 0.348865
256 0.348865
257 0.348865
258 0.348865
259 0.348865
260 0.348865
261 0.348865
262 0.347958
263 0.347958
264 0.348714
265 0.348714
266 0.348714
267 0.348714
268 0.348865
269 0.348865
270 0.348865
271 0.348865
272 0.348865
273 0.348865
274 0.348865
275 0.348865
276 0.348865
277 0.348865
278 0.348865
279 0.348865
280 0.348865
281 0.348865
282 0.348865
283 0.348865
284 0.350227
285 0.350227
286 0.350227
287 0.350227
288 0.350227
289 0.350227
290 0.350227
291 0.350227
292 0.350681
293 0.349773
294 0.349773
295 0.349773
296 0.349773
297 0.349773
298 0.349773
299 0.349773
300 0.350076
301 0.350076
302 0.350076
303 0.350076
304 0.350076
305 0.350076
306 0.350076
307 0.34947
308 0.34947
309 0.34947
310 0.34947
311 0.34947
312 0.34947
313 0.34947
314 0.34947
315 0.34947
316 0.34947
317 0.348714
318 0.348714
