0 0
1 0.0619008
2 0.143146
3 0.141632
4 0.144155
5 0.149874
6 0.166863
7 0.172582
8 0.172582
9 0.172582
10 0.20286
11 0.21598
12 0.21598
13 0.21598
14 0.254331
15 0.262742
16 0.260555
17 0.260555
18 0.265097
19 0.273675
20 0.269638
21 0.269638
22 0.256854
23 0.257696
24 0.257696
25 0.257696
26 0.238183
27 0.208747
28 0.208747
29 0.208747
30 0.252986
31 0.252986
32 0.252986
33 0.222204
34 0.222204
35 0.233474
36 0.226577
37 0.223717
38 0.316064
39 0.316064
40 0.316064
41 0.316064
42 0.316064
43 0.316064
44 0.316064
45 0.316064
46 0.316064
47 0.308831
48 0.308831
49 0.308831
50 0.308831
51 0.308831
52 0.308831
53 0.311018
54 0.311018
55 0.311018
56 0.311018
57 0.30984
58 0.361817
59 0.361817
60 0.361817
61 0.361817
62 0.361817
63 0.361817
64 0.358284
65 0.358452
66 0.358789
67 0.358789
68 0.358452
69 0.359798
70 0.359798
71 0.359462
72 0.36148
73 0.36148
74 0.361312
75 0.358452
76 0.360807
77 0.360807
78 0.360807
79 0.360807
80 0.360807
81 0.360807
82 0.360807
83 0.360807
84 0.360807
85 0.360135
86 0.361144
87 0.361144
88 0.361144
89 0.361144
90 0.361144
91 0.361144
92 0.361144
93 0.362658
94 0.362994
95 0.362994
96 0.363162
97 0.363162
98 0.362321
99 0.362321
100 0.362321
101 0.362321
102 0.362153
103 0.377796
104 0.377796
105 0.377796
106 0.377796
107 0.377796
108 0.377796
109 0.377796
110 0.377796
111 0.377796
112 0.377796
113 0.377796
114 0.377796
115 0.377796
116 0.377796
117 0.377796
118 0.377796
119 0.377796
120 0.377796
121 0.377796
122 0.377796
123 0.377796
124 0.377796
125 0.377796
126 0.376451
127 0.376451
128 0.376451
129 0.376451
130 0.376451
131 0.376451
132 0.376451
133 0.376451
134 0.376451
135 0.376451
136 0.376451
137 0.376451
138 0.376451
139 0.368545
140 0.368545
141 0.368545
142 0.368545
143 0.368545
144 0.368545
145 0.368545
146 0.368545
147 0.368545
148 0.368545
149 0.368545
150 0.368545
151 0.368545
152 0.368545
153 0.368545
154 0.368545
155 0.369218
156 0.369218
157 0.369218
158 0.369218
159 0.369218
160 0.367536
161 0.367536
162 0.367536
163 0.367536
164 0.367536
165 0.367536
166 0.367536
167 0.367536
168 0.367536
169 0.367536
170 0.367536
171 0.367536
172 0.367536
173 0.367536
174 0.367536
175 0.367536
176 0.367536
177 0.367536
178 0.367536
179 0.367536
180 0.367536
181 0.367536
182 0.367536
183 0.367536
184 0.366695
185 0.366695
186 0.366695
187 0.366695
188 0.366695
189 0.366695
190 0.366695
191 0.366695
192 0.366695
193 0.367536
194 0.367536
195 0.367536
196 0.367536
197 0.367536
198 0.367536
199 0.367536
200 0.367536
201 0.367536
202 0.367536
203 0.367536
204 0.367536
205 0.367536
206 0.367536
207 0.367536
208 0.367536
209 0.367536
210 0.367536
211 0.370227
212 0.370227
213 0.371741
214 0.371741
215 0.371741
216 0.371741
217 0.371741
218 0.371741
219 0.371741
220 0.371741
221 0.371741
222 0.371741
223 0.369722
224 0.369722
225 0.369722
226 0.369218
227 0.369218
228 0.369218
229 0.36905
230 0.36905
231 0.36905
232 0.368545
233 0.368545
234 0.368545
235 0.368209
236 0.368209
237 0.368545
238 0.368545
239 0.368545
240 0.368545
241 0.368545
242 0.368545
243 0.368545
244 0.368545
245 0.368545
246 0.368545
247 0.368545
248 0.368545
249 0.368545
250 0.368545
251 0.368545
252 0.368545
253 0.368377
254 0.368377
255 0.368377
256 0.368377
257 0.368377
258 0.368377
259 0.368377
260 0.368377
261 0.368377
262 0.368377
