0 0
1 0.0727273
2 0.144712
3 0.132839
4 0.132839
5 0.218182
6 0.218182
7 0.218182
8 0.254917
9 0.251763
10 0.253247
11 0.256401
12 0.256401
13 0.270872
14 0.265121
15 0.265121
16 0.268089
17 0.269202
18 0.282931
19 0.283117
20 0.283117
21 0.283117
22 0.283117
23 0.283117
24 0.283117
25 0.280891
26 0.280891
27 0.280148
28 0.280148
29 0.280148
30 0.280334
31 0.277551
32 0.277551
33 0.277551
34 0.293692
35 0.293692
36 0.293692
37 0.293692
38 0.293692
39 0.293692
40 0.293692
41 0.296104
42 0.296104
43 0.296104
44 0.296104
45 0.296104
46 0.296104
47 0.296104
48 0.296104
49 0.296104
50 0.296104
51 0.296104
52 0.296104
53 0.296104
54 0.296104
55 0.296104
56 0.315213
57 0.322263
58 0.322263
59 0.307792
60 0.307792
61 0.307792
62 0.307792
63 0.307792
64 0.307792
65 0.307792
66 0.307792
67 0.307792
68 0.325603
69 0.325603
70 0.325603
71 0.325603
72 0.302041
73 0.302041
74 0.302041
75 0.302041
76 0.302041
77 0.319295
78 0.319295
79 0.323933
80 0.327087
81 0.327087
82 0.327087
83 0.327087
84 0.327087
85 0.327087
86 0.3282
87 0.3282
88 0.304638
89 0.304638
90 0.304638
91 0.304638
92 0.304638
93 0.304638
94 0.304638
95 0.304638
96 0.300928
97 0.296475
98 0.296475
99 0.296475
100 0.296475
101 0.33154
102 0.33154
103 0.33154
104 0.33154
105 0.33154
106 0.33321
107 0.33321
108 0.33154
109 0.33154
110 0.32987
111 0.332096
112 0.332468
113 0.332468
114 0.333024
115 0.33321
116 0.33321
117 0.33321
118 0.33321
119 0.33321
120 0.334137
121 0.333581
122 0.333581
123 0.333581
124 0.333581
125 0.332653
126 0.332653
127 0.332653
128 0.332653
129 0.33321
130 0.33321
131 0.33321
132 0.332468
133 0.332653
134 0.332653
135 0.332653
136 0.332653
137 0.332653
138 0.332653
139 0.332653
140 0.345269
141 0.345269
142 0.345269
143 0.345269
144 0.345269
145 0.344898
146 0.344898
147 0.344898
148 0.344898
149 0.344898
150 0.344898
151 0.344898
152 0.344898
153 0.344898
154 0.344898
155 0.344898
156 0.345269
157 0.345269
158 0.345269
159 0.345269
160 0.345269
161 0.345269
162 0.345269
163 0.345269
164 0.345269
165 0.345269
166 0.345269
167 0.345269
168 0.345269
169 0.345269
170 0.345269
171 0.345269
172 0.345269
173 0.345269
174 0.345269
175 0.345083
176 0.345083
177 0.345083
178 0.345083
179 0.345083
180 0.345083
181 0.345083
182 0.345083
183 0.345083
184 0.345083
185 0.345083
186 0.345083
187 0.345269
188 0.345269
189 0.345269
190 0.345269
191 0.345269
192 0.345269
193 0.345269
194 0.345269
195 0.345269
196 0.341002
197 0.341002
198 0.341002
199 0.338961
200 0.338961
201 0.338961
202 0.338961
203 0.338961
204 0.338961
205 0.338961
206 0.338961
207 0.338404
208 0.338404
209 0.338404
210 0.338404
211 0.338404
212 0.338404
213 0.338404
214 0.338404
215 0.338404
216 0.338404
217 0.338404
218 0.338404
219 0.338404
220 0.338404
221 0.338776
222 0.338776
223 0.338776
224 0.338776
225 0.339332
226 0.338776
227 0.338776
228 0.338776
229 0.338776
230 0.338776
231 0.338776
232 0.338776
233 0.338776
234 0.338776
235 0.338776
236 0.338776
237 0.338776
238 0.338776
239 0.338776
240 0.338776
241 0.338776
242 0.338776
243 0.338776
244 0.338776
245 0.338776
246 0.338776
247 0.338776
248 0.338776
249 0.338776
250 0.338776
251 0.338776
252 0.338776
253 0.338776
254 0.338776
255 0.338776
256 0.338776
257 0.338776
258 0.338776
259 0.338776
260 0.338776
261 0.338776
262 0.338776
263 0.338776
264 0.342857
265 0.342857
266 0.342857
267 0.342857
268 0.342857
269 0.342857
270 0.342857
271 0.342857
272 0.342857
273 0.342857
274 0.342857
275 0.342857
276 0.342857
277 0.342857
278 0.342857
279 0.342857
280 0.342857
281 0.342857
282 0.342857
283 0.342857
284 0.342857
285 0.342857
286 0.342857
287 0.342857
288 0.342857
289 0.342857
290 0.342857
291 0.342857
292 0.342857
293 0.342857
294 0.342857
