0 0
1 0.189965
2 0.189965
3 0.189965
4 0.189965
5 0.197529
6 0.197529
7 0.19768
8 0.200857
9 0.202975
10 0.201614
11 0.201614
12 0.201765
13 0.25759
14 0.25759
15 0.25759
16 0.25759
17 0.253202
18 0.255522
19 0.258548
20 0.258548
21 0.258548
22 0.260514
23 0.260514
24 0.262935
25 0.264902
26 0.264902
27 0.264902
28 0.258497
29 0.258497
30 0.262481
31 0.262481
32 0.262481
33 0.307716
34 0.307716
35 0.321281
36 0.321281
37 0.33172
38 0.33172
39 0.33172
40 0.332375
41 0.332375
42 0.332375
43 0.332375
44 0.327937
45 0.327937
46 0.327937
47 0.328744
48 0.328744
49 0.328744
50 0.328744
51 0.328744
52 0.33298
53 0.33298
54 0.32829
55 0.32829
56 0.32829
57 0.32829
58 0.32829
59 0.32829
60 0.32829
61 0.32829
62 0.32829
63 0.336006
64 0.335552
65 0.335552
66 0.335552
67 0.335552
68 0.335552
69 0.334644
70 0.334039
71 0.334039
72 0.336914
73 0.336914
74 0.336914
75 0.349622
76 0.349622
77 0.343116
78 0.343116
79 0.343116
80 0.343116
81 0.343116
82 0.342663
83 0.342057
84 0.342057
85 0.342057
86 0.342057
87 0.342057
88 0.342057
89 0.342057
90 0.342057
91 0.342057
92 0.342057
93 0.342057
94 0.342057
95 0.342057
96 0.342057
97 0.342057
98 0.342057
99 0.342057
100 0.342057
101 0.342057
102 0.342057
103 0.34236
104 0.342057
105 0.342663
106 0.342663
107 0.342663
108 0.342663
109 0.342663
110 0.342663
111 0.342663
112 0.342663
113 0.342663
114 0.342663
115 0.342663
116 0.35053
117 0.35053
118 0.35053
119 0.35053
120 0.351891
121 0.351891
122 0.351891
123 0.351891
124 0.351891
125 0.351891
126 0.351891
127 0.351891
128 0.351891
129 0.351891
130 0.351891
131 0.351891
132 0.351891
133 0.351891
134 0.351891
135 0.351891
136 0.351891
137 0.351891
138 0.351891
139 0.351891
140 0.351891
141 0.351891
142 0.351891
143 0.351891
144 0.351891
145 0.351891
146 0.351891
147 0.351891
148 0.351891
149 0.351891
150 0.351891
151 0.351891
152 0.351891
153 0.351891
154 0.351891
155 0.351891
156 0.350983
157 0.350983
158 0.350983
159 0.350983
160 0.350983
161 0.350983
162 0.350983
163 0.350983
164 0.350983
165 0.349168
166 0.349168
167 0.349168
168 0.349168
169 0.349168
170 0.349168
171 0.349168
172 0.349168
173 0.349168
174 0.349168
175 0.349168
176 0.349168
177 0.349168
178 0.349168
179 0.349168
180 0.349168
181 0.349168
182 0.349168
183 0.349168
184 0.349168
185 0.349168
186 0.349168
187 0.349168
188 0.349168
189 0.349168
190 0.349168
191 0.349168
192 0.349168
193 0.349168
194 0.349319
195 0.349319
196 0.349319
197 0.349168
198 0.349168
199 0.349168
200 0.349168
201 0.349168
202 0.349168
203 0.349168
204 0.349168
205 0.349168
206 0.349168
207 0.349168
208 0.349168
209 0.349168
210 0.349168
211 0.349168
212 0.349168
213 0.349168
214 0.349168
215 0.349168
216 0.349168
217 0.349168
218 0.349168
219 0.349168
220 0.348865
221 0.348865
222 0.349168
223 0.349168
224 0.349168
225 0.349168
226 0.349168
227 0.349168
228 0.349168
229 0.349168
230 0.349168
231 0.349168
232 0.349168
233 0.349168
234 0.349168
235 0.349168
236 0.349168
237 0.349168
238 0.349168
239 0.349168
240 0.349168
241 0.349168
242 0.349168
243 0.349168
244 0.349168
245 0.349168
246 0.349168
247 0.349168
248 0.349168
249 0.349168
250 0.349017
251 0.349017
252 0.349017
253 0.35053
254 0.35053
255 0.35053
256 0.35053
257 0.35053
258 0.35053
259 0.35053
260 0.35053
261 0.35053
262 0.35053
263 0.35053
264 0.35053
265 0.35053
266 0.35053
267 0.35053
268 0.348411
269 0.348411
270 0.348411
271 0.348411
272 0.348411
273 0.348411
274 0.348411
275 0.348411
276 0.348714
277 0.348714
278 0.348714
279 0.348714
280 0.348714
281 0.348714
282 0.348714
283 0.349622
284 0.348411
285 0.350227
286 0.350227
287 0.350227
288 0.350227
289 0.350227
290 0.350227
291 0.350227
292 0.350227
