0 0
1 0.167667
2 0.174333
3 0.170222
4 0.168
5 0.174667
6 0.207296
7 0.210296
8 0.220889
9 0.226778
10 0.230444
11 0.230444
12 0.230444
13 0.230444
14 0.230889
15 0.218667
16 0.215481
17 0.223037
18 0.229556
19 0.250444
20 0.250444
21 0.250444
22 0.267407
23 0.251481
24 0.267111
25 0.267111
26 0.267111
27 0.262444
28 0.252741
29 0.272889
30 0.272889
31 0.268889
32 0.268889
33 0.268889
34 0.268889
35 0.265519
36 0.265519
37 0.265519
38 0.265667
39 0.266556
40 0.266556
41 0.263778
42 0.27363
43 0.27363
44 0.27363
45 0.27363
46 0.27363
47 0.27363
48 0.27363
49 0.27363
50 0.282
51 0.282
52 0.27437
53 0.27437
54 0.283333
55 0.283333
56 0.283333
57 0.283333
58 0.283333
59 0.283333
60 0.274074
61 0.277037
62 0.277037
63 0.271852
64 0.271852
65 0.279556
66 0.279556
67 0.279556
68 0.279556
69 0.279556
70 0.266074
71 0.275852
72 0.275852
73 0.275852
74 0.278519
75 0.279556
76 0.279556
77 0.279556
78 0.280889
79 0.280889
80 0.280889
81 0.280889
82 0.280889
83 0.280889
84 0.280889
85 0.280889
86 0.280889
87 0.280889
88 0.280889
89 0.280889
90 0.280889
91 0.280889
92 0.280889
93 0.280889
94 0.280889
95 0.280889
96 0.280889
97 0.280889
98 0.280889
99 0.27
100 0.27
101 0.27
102 0.27
103 0.27
104 0.27
105 0.27
106 0.27
107 0.27
108 0.27
109 0.27
110 0.27
111 0.27
112 0.27
113 0.27
114 0.27
115 0.27
116 0.27
117 0.27
118 0.271111
119 0.271111
120 0.271111
121 0.271111
122 0.271111
123 0.271111
124 0.266889
125 0.266889
126 0.266889
127 0.266889
128 0.266889
129 0.266889
130 0.266889
131 0.266889
132 0.266889
133 0.266889
134 0.266889
135 0.266889
136 0.266889
137 0.266889
138 0.267778
139 0.267778
140 0.267778
141 0.267778
142 0.267778
143 0.267778
144 0.267778
145 0.267778
146 0.267778
147 0.267778
148 0.267778
149 0.267778
150 0.262222
151 0.262222
152 0.262222
153 0.262222
154 0.261778
155 0.261778
156 0.261778
157 0.261778
158 0.264444
159 0.264444
160 0.264444
161 0.264444
162 0.264444
163 0.264444
164 0.263111
165 0.263111
166 0.263111
167 0.263111
168 0.263111
169 0.263111
170 0.263111
171 0.264
172 0.264
173 0.264
174 0.264
175 0.264
176 0.264
177 0.264
178 0.264
179 0.264444
180 0.262667
181 0.262667
182 0.255111
183 0.255111
184 0.255111
185 0.255111
186 0.255111
187 0.255111
188 0.255111
189 0.255111
190 0.255111
191 0.255111
192 0.255111
193 0.255111
194 0.255111
195 0.255111
196 0.255111
197 0.255111
198 0.255111
199 0.255111
200 0.255111
201 0.255111
202 0.255111
203 0.255111
204 0.255111
205 0.255111
206 0.255111
207 0.255111
208 0.255111
209 0.255111
210 0.255111
211 0.255111
212 0.255111
213 0.254222
214 0.254222
215 0.254222
216 0.254222
217 0.254222
218 0.254222
219 0.254222
220 0.254222
221 0.254222
222 0.254222
223 0.254222
224 0.254222
225 0.254222
226 0.254222
227 0.254222
228 0.254222
229 0.254222
230 0.254222
231 0.254222
232 0.254222
233 0.254222
234 0.254222
235 0.254222
236 0.254222
237 0.254222
238 0.254222
239 0.254222
240 0.254222
241 0.254222
242 0.254222
243 0.254222
244 0.254222
245 0.254222
246 0.254222
247 0.254222
248 0.254222
249 0.254222
250 0.256
251 0.256
252 0.256
253 0.256
254 0.256
255 0.256
256 0.256
257 0.256
258 0.256
259 0.256
260 0.256
261 0.256
262 0.256
263 0.256
264 0.256
265 0.256
266 0.256
267 0.256
268 0.256
269 0.256
270 0.256
271 0.250667
272 0.250667
273 0.250667
274 0.250667
275 0.250667
276 0.250667
277 0.250667
278 0.250667
279 0.250667
280 0.250667
281 0.250667
282 0.250667
283 0.250667
284 0.250667
285 0.250667
286 0.250667
287 0.250667
288 0.250667
289 0.250667
290 0.250667
291 0.250667
292 0.257778
293 0.257778
294 0.257778
295 0.257778
296 0.259111
297 0.257333
298 0.257333
299 0.257778
300 0.257778
301 0.259111
302 0.259111
303 0.259111
304 0.259111
305 0.259111
306 0.259111
307 0.259111
308 0.259111
309 0.259111
310 0.259111
311 0.259111
312 0.259111
