0 0
1 0.180738
2 0.180763
3 0.219908
4 0.219908
5 0.247032
6 0.247032
7 0.246448
8 0.246448
9 0.255825
10 0.255825
11 0.255825
12 0.26581
13 0.271026
14 0.271324
15 0.271324
16 0.271324
17 0.272218
18 0.271026
19 0.271026
20 0.271026
21 0.271026
22 0.270479
23 0.270479
24 0.270479
25 0.270479
26 0.262829
27 0.262829
28 0.262829
29 0.275658
30 0.307004
31 0.307004
32 0.307004
33 0.307004
34 0.307004
35 0.307004
36 0.307004
37 0.307004
38 0.307004
39 0.307004
40 0.307004
41 0.307004
42 0.307004
43 0.307004
44 0.307004
45 0.307004
46 0.307004
47 0.307004
48 0.307004
49 0.307004
50 0.307004
51 0.307004
52 0.307004
53 0.307253
54 0.307253
55 0.307253
56 0.307253
57 0.307253
58 0.307253
59 0.307253
60 0.307253
61 0.307253
62 0.307253
63 0.307253
64 0.307253
65 0.307253
66 0.307253
67 0.307253
68 0.307253
69 0.307253
70 0.307253
71 0.307253
72 0.307253
73 0.307253
74 0.307253
75 0.307253
76 0.307253
77 0.307253
78 0.307253
79 0.307253
80 0.307253
81 0.307253
82 0.307253
83 0.307253
84 0.307253
85 0.307253
86 0.307253
87 0.307253
88 0.307253
89 0.307253
90 0.307253
91 0.307253
92 0.307253
93 0.307253
94 0.307253
95 0.307253
96 0.307253
97 0.307253
98 0.307253
99 0.307253
100 0.307253
101 0.307253
102 0.307253
103 0.307253
104 0.307253
105 0.307253
106 0.307253
107 0.307253
108 0.307253
109 0.34425
110 0.34425
111 0.34425
112 0.34425
113 0.340077
114 0.340077
115 0.340077
116 0.33963
117 0.33963
118 0.33963
119 0.33963
120 0.33963
121 0.33963
122 0.338301
123 0.338301
124 0.338301
125 0.338301
126 0.338301
127 0.338301
128 0.338301
129 0.338301
130 0.338301
131 0.338301
132 0.338301
133 0.338301
134 0.338301
135 0.340387
136 0.340387
137 0.340387
138 0.340387
139 0.340387
140 0.340387
141 0.342027
142 0.339642
143 0.340537
144 0.340537
145 0.340537
146 0.340537
147 0.340537
148 0.338748
149 0.338748
150 0.338748
151 0.338748
152 0.338748
153 0.338748
154 0.338748
155 0.338748
156 0.338748
157 0.338748
158 0.338748
159 0.339642
160 0.339642
161 0.339642
162 0.339642
163 0.339642
164 0.339642
165 0.339642
166 0.339642
167 0.339642
168 0.339642
169 0.339642
170 0.339642
171 0.339642
172 0.339642
173 0.339642
174 0.339642
175 0.339642
176 0.339642
177 0.339642
178 0.339642
179 0.339642
180 0.339642
181 0.340089
182 0.340089
183 0.340089
184 0.340686
185 0.340686
186 0.340686
187 0.340686
188 0.340686
189 0.340686
190 0.339493
191 0.339493
192 0.339493
193 0.339493
194 0.339493
195 0.339493
196 0.339493
197 0.339642
198 0.339642
199 0.339642
200 0.339642
201 0.339642
202 0.339642
203 0.339791
204 0.339791
205 0.338897
206 0.338897
207 0.338897
208 0.338897
209 0.339195
210 0.339195
211 0.339195
212 0.339195
213 0.339195
214 0.339195
215 0.341729
216 0.341729
217 0.341729
218 0.341729
219 0.341729
220 0.33994
221 0.33994
222 0.33994
223 0.33994
224 0.33994
225 0.33994
226 0.33994
227 0.33994
228 0.33994
229 0.340387
230 0.340387
231 0.340387
232 0.340387
233 0.340387
234 0.340387
235 0.340387
236 0.340387
237 0.340387
238 0.340387
239 0.340387
240 0.340387
241 0.340387
242 0.340387
243 0.340387
244 0.340387
245 0.340387
246 0.340387
247 0.340387
248 0.339642
249 0.339642
250 0.339046
251 0.339046
252 0.339046
253 0.339046
254 0.339046
255 0.339046
256 0.339046
257 0.339046
258 0.340238
259 0.340238
260 0.340238
261 0.340238
262 0.340238
263 0.340238
264 0.340238
265 0.340238
266 0.340238
267 0.340238
268 0.340238
269 0.340238
270 0.340238
271 0.340238
272 0.340238
273 0.340238
274 0.340238
275 0.340238
276 0.340238
277 0.340238
278 0.340238
279 0.340238
280 0.340238
281 0.340238
282 0.340238
283 0.340238
284 0.340238
285 0.340238
286 0.340238
287 0.340238
288 0.340238
289 0.340238
290 0.340238
291 0.340238
292 0.338301
293 0.338301
294 0.338301
295 0.338301
296 0.338301
297 0.338301
298 0.338301
299 0.338301
300 0.338301
301 0.338301
302 0.338301
303 0.338301
304 0.338301
305 0.337556
306 0.337556
307 0.337556
308 0.338301
309 0.33532
310 0.33532
311 0.33532
312 0.33532
313 0.33532
314 0.33532
315 0.335171
316 0.335171
317 0.335171
318 0.335171
319 0.335171
320 0.33532
321 0.33532
322 0.33532
323 0.33532
324 0.33532
325 0.33532
326 0.33532
327 0.33532
328 0.33532
329 0.338152
330 0.338152
331 0.337407
