0 0
1 0.151841
2 0.153202
3 0.228593
4 0.21054
5 0.256127
6 0.256127
7 0.256127
8 0.256127
9 0.256127
10 0.256127
11 0.256127
12 0.256127
13 0.256127
14 0.256127
15 0.256127
16 0.256127
17 0.256127
18 0.256127
19 0.256127
20 0.253404
21 0.253404
22 0.25759
23 0.25759
24 0.25759
25 0.25759
26 0.255169
27 0.255169
28 0.255169
29 0.255169
30 0.255169
31 0.255169
32 0.30711
33 0.30711
34 0.30711
35 0.30711
36 0.30711
37 0.30711
38 0.308775
39 0.308775
40 0.308775
41 0.307716
42 0.307716
43 0.307716
44 0.307716
45 0.307716
46 0.30711
47 0.30711
48 0.30711
49 0.311649
50 0.311649
51 0.311649
52 0.305446
53 0.30711
54 0.30711
55 0.30711
56 0.30711
57 0.305446
58 0.305446
59 0.306505
60 0.335048
61 0.335048
62 0.33883
63 0.33883
64 0.33883
65 0.337821
66 0.337821
67 0.337821
68 0.337821
69 0.33888
70 0.33888
71 0.336762
72 0.335401
73 0.335401
74 0.335401
75 0.333888
76 0.333888
77 0.337368
78 0.348109
79 0.348109
80 0.348109
81 0.348109
82 0.351286
83 0.351437
84 0.350681
85 0.350681
86 0.350681
87 0.350378
88 0.349622
89 0.349622
90 0.349622
91 0.349622
92 0.349622
93 0.349622
94 0.349622
95 0.349622
96 0.349622
97 0.349622
98 0.349622
99 0.349622
100 0.349622
101 0.349622
102 0.349622
103 0.349622
104 0.349622
105 0.349622
106 0.35053
107 0.35053
108 0.35053
109 0.35053
110 0.35053
111 0.35053
112 0.35053
113 0.35053
114 0.35053
115 0.35053
116 0.35053
117 0.35053
118 0.35053
119 0.35053
120 0.35053
121 0.35053
122 0.349319
123 0.349319
124 0.348563
125 0.348865
126 0.348865
127 0.348865
128 0.348865
129 0.348865
130 0.348865
131 0.348865
132 0.348865
133 0.348865
134 0.348865
135 0.348865
136 0.348865
137 0.348865
138 0.348865
139 0.348865
140 0.350378
141 0.350378
142 0.350378
143 0.350378
144 0.350076
145 0.350076
146 0.350076
147 0.350076
148 0.350076
149 0.350076
150 0.350076
151 0.350076
152 0.350076
153 0.350076
154 0.350076
155 0.351286
156 0.351286
157 0.351286
158 0.351286
159 0.351286
160 0.351286
161 0.349622
162 0.349622
163 0.349622
164 0.349622
165 0.349622
166 0.350378
167 0.349924
168 0.350681
169 0.350681
170 0.350681
171 0.350681
172 0.350681
173 0.350681
174 0.350681
175 0.350681
176 0.350681
177 0.350681
178 0.350681
179 0.349924
180 0.349924
181 0.349924
182 0.349924
183 0.350681
184 0.350681
185 0.349319
186 0.349319
187 0.350378
188 0.350681
189 0.350681
190 0.350681
191 0.350681
192 0.34947
193 0.34947
194 0.34826
195 0.34826
196 0.34826
197 0.34826
198 0.34826
199 0.34826
200 0.34826
201 0.34826
202 0.349017
203 0.349017
204 0.349017
205 0.349017
206 0.349017
207 0.349017
208 0.349017
209 0.349017
210 0.349017
211 0.349017
212 0.349017
213 0.349017
214 0.349017
215 0.349017
216 0.349017
217 0.349017
218 0.349017
219 0.349017
220 0.349017
221 0.349017
222 0.349017
223 0.349017
224 0.349168
225 0.349168
226 0.349168
227 0.349168
228 0.349168
229 0.349168
230 0.349168
231 0.349168
232 0.349168
233 0.349168
234 0.349168
235 0.349168
236 0.349168
237 0.349168
238 0.349168
239 0.349168
240 0.349168
241 0.349168
242 0.349168
243 0.349168
244 0.349168
245 0.349168
246 0.349168
247 0.349168
248 0.349168
249 0.349168
250 0.349168
251 0.349168
252 0.349168
253 0.349168
254 0.349168
255 0.349168
256 0.349168
257 0.349168
258 0.349168
259 0.349168
260 0.348411
261 0.348411
262 0.348411
263 0.348411
264 0.348411
265 0.348411
266 0.348411
267 0.348411
268 0.348411
269 0.348411
270 0.348411
271 0.348411
272 0.348411
273 0.348411
274 0.348411
275 0.348411
276 0.348411
277 0.348411
278 0.347958
279 0.347958
280 0.347958
281 0.347958
282 0.347958
283 0.347958
284 0.347958
285 0.347958
286 0.347958
287 0.347958
288 0.347958
289 0.347958
290 0.347958
291 0.347958
292 0.347958
293 0.347958
294 0.347958
295 0.348411
296 0.348109
297 0.348109
298 0.349622
299 0.349622
300 0.349622
301 0.349622
302 0.349622
303 0.349622
304 0.349622
305 0.349622
306 0.349622
307 0.349622
308 0.349622
309 0.349622
310 0.349622
311 0.349622
312 0.349622
313 0.349622
314 0.349622
315 0.349622
316 0.349622
317 0.349622
318 0.349622
