0 0
1 0.144659
2 0.182338
3 0.200673
4 0.200673
5 0.240202
6 0.249622
7 0.249622
8 0.248612
9 0.248276
10 0.248276
11 0.248276
12 0.248276
13 0.248276
14 0.248276
15 0.248276
16 0.248276
17 0.248276
18 0.241884
19 0.241884
20 0.251472
21 0.251472
22 0.251472
23 0.263246
24 0.263246
25 0.264256
26 0.267788
27 0.267788
28 0.267788
29 0.267788
30 0.267788
31 0.27233
32 0.266611
33 0.333221
34 0.333221
35 0.333221
36 0.305803
37 0.305803
38 0.305803
39 0.305803
40 0.308326
41 0.337595
42 0.337595
43 0.337595
44 0.337595
45 0.324138
46 0.34651
47 0.34651
48 0.337595
49 0.337595
50 0.337595
51 0.337595
52 0.337595
53 0.330193
54 0.355257
55 0.36434
56 0.33524
57 0.33524
58 0.33524
59 0.33524
60 0.33524
61 0.33524
62 0.33524
63 0.33524
64 0.33524
65 0.33524
66 0.33524
67 0.33524
68 0.330193
69 0.330193
70 0.330193
71 0.330193
72 0.360135
73 0.360135
74 0.360135
75 0.361312
76 0.361312
77 0.361312
78 0.361312
79 0.361312
80 0.361817
81 0.361817
82 0.361817
83 0.361817
84 0.361817
85 0.361817
86 0.361817
87 0.361985
88 0.361985
89 0.361985
90 0.361985
91 0.361985
92 0.361985
93 0.361648
94 0.361648
95 0.361648
96 0.361648
97 0.377796
98 0.377796
99 0.377796
100 0.377796
101 0.377796
102 0.377796
103 0.377796
104 0.377796
105 0.377796
106 0.377796
107 0.377796
108 0.377796
109 0.377796
110 0.377796
111 0.377796
112 0.377796
113 0.377796
114 0.377796
115 0.377796
116 0.377796
117 0.377796
118 0.376451
119 0.376451
120 0.376451
121 0.376451
122 0.376451
123 0.377796
124 0.377796
125 0.377796
126 0.378638
127 0.378806
128 0.378806
129 0.378806
130 0.378806
131 0.376451
132 0.378806
133 0.377965
134 0.377965
135 0.377965
136 0.377965
137 0.377796
138 0.377965
139 0.377965
140 0.377965
141 0.377965
142 0.377965
143 0.377796
144 0.377796
145 0.377796
146 0.377796
147 0.377796
148 0.377796
149 0.377796
150 0.377796
151 0.377796
152 0.377796
153 0.377965
154 0.377965
155 0.377965
156 0.377965
157 0.377965
158 0.377965
159 0.377965
160 0.377965
161 0.377965
162 0.376787
163 0.376787
164 0.367536
165 0.367536
166 0.367536
167 0.367536
168 0.367536
169 0.367536
170 0.367536
171 0.367536
172 0.367536
173 0.367536
174 0.367536
175 0.367536
176 0.367536
177 0.367536
178 0.367536
179 0.367536
180 0.367536
181 0.367536
182 0.368209
183 0.368209
184 0.368209
185 0.368209
186 0.368209
187 0.368209
188 0.368209
189 0.368209
190 0.368209
191 0.368209
192 0.368209
193 0.368209
194 0.368209
195 0.368209
196 0.368209
197 0.368209
198 0.368209
199 0.368209
200 0.368209
201 0.368209
202 0.368209
203 0.368209
204 0.368209
205 0.36905
206 0.36905
207 0.36905
208 0.36905
209 0.36905
210 0.36905
211 0.36905
212 0.36905
213 0.368209
214 0.368209
215 0.368209
216 0.368209
217 0.368209
218 0.368377
219 0.368377
220 0.368209
221 0.368209
222 0.368209
223 0.367536
224 0.367536
225 0.367536
226 0.367536
227 0.367536
228 0.367536
229 0.367536
230 0.367536
231 0.367536
232 0.367536
233 0.367536
234 0.367536
235 0.367704
236 0.367536
237 0.367536
238 0.367536
239 0.367536
240 0.367536
241 0.367536
242 0.367536
243 0.367536
244 0.367536
245 0.367536
246 0.367536
247 0.367536
248 0.367536
249 0.367536
250 0.367536
251 0.367536
252 0.367536
253 0.367536
254 0.367536
255 0.367536
256 0.368545
257 0.368545
258 0.368545
259 0.368545
260 0.368545
261 0.368545
262 0.368545
263 0.368545
264 0.368545
265 0.368545
266 0.368545
267 0.368545
268 0.368545
269 0.368545
270 0.368545
271 0.368545
272 0.368545
273 0.368545
274 0.368545
275 0.368545
276 0.368545
277 0.368545
278 0.368545
279 0.368545
280 0.368545
281 0.368545
282 0.368545
283 0.368545
