0 0
1 0.143818
2 0.140454
3 0.142977
4 0.140791
5 0.177292
6 0.177292
7 0.177292
8 0.177292
9 0.177292
10 0.181497
11 0.234483
12 0.250799
13 0.260387
14 0.26106
15 0.26106
16 0.26106
17 0.258032
18 0.258032
19 0.271825
20 0.320606
21 0.320606
22 0.320606
23 0.320606
24 0.316737
25 0.326661
26 0.257023
27 0.256686
28 0.290496
29 0.290496
30 0.305803
31 0.305803
32 0.305803
33 0.305803
34 0.305803
35 0.305635
36 0.305635
37 0.304458
38 0.305635
39 0.305299
40 0.304458
41 0.304121
42 0.30328
43 0.30328
44 0.30328
45 0.305803
46 0.305803
47 0.317241
48 0.317241
49 0.339613
50 0.339613
51 0.36619
52 0.36619
53 0.36619
54 0.366022
55 0.34651
56 0.334399
57 0.348192
58 0.349201
59 0.349201
60 0.349201
61 0.348192
62 0.348192
63 0.348192
64 0.348192
65 0.344323
66 0.344323
67 0.35021
68 0.348024
69 0.348024
70 0.344659
71 0.353574
72 0.353574
73 0.353574
74 0.353574
75 0.314045
76 0.314045
77 0.314045
78 0.314045
79 0.314045
80 0.335408
81 0.335408
82 0.336754
83 0.336754
84 0.364844
85 0.364844
86 0.364844
87 0.364844
88 0.364844
89 0.364844
90 0.364844
91 0.364844
92 0.364844
93 0.364844
94 0.364844
95 0.365181
96 0.365181
97 0.365181
98 0.365181
99 0.365181
100 0.365181
101 0.365181
102 0.365181
103 0.365181
104 0.365181
105 0.365181
106 0.365517
107 0.365517
108 0.365517
109 0.365517
110 0.377796
111 0.377796
112 0.377796
113 0.377796
114 0.377796
115 0.377796
116 0.377796
117 0.377796
118 0.377796
119 0.377796
120 0.377796
121 0.377796
122 0.376451
123 0.376451
124 0.376451
125 0.376451
126 0.376451
127 0.376451
128 0.376451
129 0.377796
130 0.377796
131 0.376955
132 0.376955
133 0.376955
134 0.376955
135 0.376955
136 0.376955
137 0.376955
138 0.376955
139 0.376955
140 0.376955
141 0.376955
142 0.376955
143 0.376955
144 0.376955
145 0.376955
146 0.376955
147 0.376955
148 0.376955
149 0.376955
150 0.377796
151 0.377796
152 0.377796
153 0.379479
154 0.379479
155 0.379479
156 0.379479
157 0.379479
158 0.379479
159 0.377796
160 0.377796
161 0.377796
162 0.377796
163 0.377796
164 0.377965
165 0.368545
166 0.368545
167 0.368545
168 0.368545
169 0.368545
170 0.368545
171 0.368545
172 0.368545
173 0.376955
174 0.376955
175 0.376955
176 0.376955
177 0.378301
178 0.378301
179 0.378301
180 0.378301
181 0.378301
182 0.367536
183 0.367536
184 0.367536
185 0.368545
186 0.368545
187 0.368545
188 0.368545
189 0.368545
190 0.368545
191 0.368545
192 0.368545
193 0.368545
194 0.368545
195 0.368545
196 0.368545
197 0.368545
198 0.368545
199 0.368209
200 0.368209
201 0.368209
202 0.368209
203 0.368209
204 0.368209
205 0.368209
206 0.368209
207 0.368209
208 0.368209
209 0.368209
210 0.368209
211 0.368209
212 0.367368
213 0.367368
214 0.368209
215 0.368209
216 0.368209
217 0.368209
218 0.368209
219 0.368209
220 0.367536
221 0.367536
222 0.367536
223 0.367536
224 0.367536
225 0.367536
226 0.367536
227 0.367536
228 0.367536
229 0.367536
230 0.367536
231 0.367536
232 0.367536
233 0.367536
234 0.367536
235 0.367536
236 0.367536
237 0.367536
238 0.367536
239 0.367536
240 0.367368
241 0.367368
242 0.367368
243 0.367368
244 0.367368
245 0.368209
246 0.368209
247 0.368209
248 0.368209
249 0.368209
250 0.368209
251 0.368209
252 0.368209
253 0.366863
254 0.368545
255 0.368545
256 0.368545
257 0.368545
258 0.368545
259 0.368545
260 0.368545
261 0.368545
262 0.368545
263 0.368545
264 0.368545
265 0.368545
266 0.368545
267 0.368545
268 0.368545
269 0.368545
270 0.368545
271 0.368545
272 0.368545
273 0.368545
274 0.368545
275 0.368209
276 0.368209
277 0.368209
278 0.368209
279 0.368545
