0 0
1 0.119596
2 0.119596
3 0.119596
4 0.185029
5 0.203196
6 0.19529
7 0.197309
8 0.260723
9 0.263415
10 0.264592
11 0.264592
12 0.264592
13 0.264424
14 0.274012
15 0.273844
16 0.273844
17 0.273507
18 0.273507
19 0.273171
20 0.273171
21 0.273171
22 0.273171
23 0.273171
24 0.273171
25 0.273171
26 0.273171
27 0.273339
28 0.273339
29 0.273339
30 0.273675
31 0.273171
32 0.273171
33 0.273171
34 0.273171
35 0.273171
36 0.273171
37 0.265601
38 0.269134
39 0.313709
40 0.313709
41 0.313709
42 0.313709
43 0.313709
44 0.313709
45 0.339613
46 0.339613
47 0.339613
48 0.336417
49 0.336417
50 0.336417
51 0.336417
52 0.319596
53 0.319596
54 0.333389
55 0.333389
56 0.333389
57 0.333389
58 0.335408
59 0.335408
60 0.334735
61 0.334735
62 0.333389
63 0.333389
64 0.332044
65 0.332044
66 0.332212
67 0.332212
68 0.332212
69 0.330698
70 0.330698
71 0.330698
72 0.330698
73 0.330698
74 0.330698
75 0.330698
76 0.330698
77 0.334399
78 0.334399
79 0.334399
80 0.334399
81 0.334399
82 0.351892
83 0.351892
84 0.351892
85 0.351892
86 0.351892
87 0.351892
88 0.351892
89 0.351892
90 0.351892
91 0.351892
92 0.351892
93 0.351892
94 0.351892
95 0.351892
96 0.351892
97 0.351892
98 0.351892
99 0.351892
100 0.351892
101 0.351892
102 0.351892
103 0.351892
104 0.351892
105 0.351892
106 0.351892
107 0.351892
108 0.351892
109 0.351892
110 0.351892
111 0.351892
112 0.360303
113 0.360303
114 0.360303
115 0.360303
116 0.365013
117 0.365181
118 0.365181
119 0.365181
120 0.365181
121 0.365181
122 0.365181
123 0.365181
124 0.365181
125 0.365181
126 0.365181
127 0.365181
128 0.365181
129 0.365181
130 0.365181
131 0.365181
132 0.365181
133 0.365181
134 0.365181
135 0.365181
136 0.365181
137 0.365181
138 0.365181
139 0.365181
140 0.365181
141 0.365181
142 0.365181
143 0.365181
144 0.377796
145 0.377796
146 0.377796
147 0.377796
148 0.377796
149 0.377796
150 0.377796
151 0.377796
152 0.377796
153 0.377796
154 0.377796
155 0.377796
156 0.377796
157 0.377796
158 0.377796
159 0.377796
160 0.377796
161 0.377796
162 0.377796
163 0.377796
164 0.376955
165 0.376955
166 0.376955
167 0.378638
168 0.378638
169 0.378638
170 0.368545
171 0.368545
172 0.368545
173 0.368545
174 0.368545
175 0.368545
176 0.368545
177 0.368545
178 0.368545
179 0.368545
180 0.368545
181 0.368545
182 0.368545
183 0.368545
184 0.368545
185 0.368545
186 0.368545
187 0.368545
188 0.368377
189 0.367536
190 0.367536
191 0.367536
192 0.367536
193 0.367536
194 0.367536
195 0.367536
196 0.367536
197 0.367536
198 0.367536
199 0.367536
200 0.367536
201 0.367536
202 0.367536
203 0.367536
204 0.367536
205 0.367536
206 0.367536
207 0.367536
208 0.367536
209 0.368545
210 0.368545
211 0.368545
212 0.368545
213 0.368545
214 0.368545
215 0.368545
216 0.368545
217 0.368545
218 0.367536
219 0.367536
220 0.367536
221 0.367536
222 0.367536
223 0.367536
224 0.367536
225 0.367536
226 0.367536
227 0.367536
228 0.367536
229 0.367536
230 0.367536
231 0.367536
232 0.367368
233 0.367368
234 0.367368
235 0.367368
236 0.367704
237 0.367704
238 0.367704
239 0.367704
240 0.367368
241 0.367368
242 0.367368
243 0.367368
244 0.367368
245 0.367368
246 0.367368
247 0.367368
248 0.367368
249 0.367368
250 0.367368
251 0.367368
252 0.367368
253 0.367368
254 0.367368
255 0.367368
256 0.367368
257 0.367368
258 0.367368
259 0.367368
260 0.367368
261 0.367368
262 0.367368
263 0.367368
264 0.367368
265 0.367368
266 0.367368
267 0.368545
268 0.368545
269 0.368545
270 0.368545
271 0.368545
272 0.368545
273 0.368545
274 0.368545
275 0.368545
276 0.368545
277 0.368545
278 0.368545
279 0.368545
280 0.368545
281 0.368545
282 0.368545
283 0.368545
284 0.368545
285 0.368545
286 0.368545
287 0.368545
288 0.368545
289 0.368545
290 0.368545
291 0.368545
292 0.368545
293 0.368545
294 0.368545
