0 0
1 0.138873
2 0.15507
3 0.156761
4 0.156761
5 0.197042
6 0.197042
7 0.197042
8 0.20507
9 0.210845
10 0.205915
11 0.219155
12 0.225352
13 0.230423
14 0.253803
15 0.253803
16 0.252676
17 0.236901
18 0.24831
19 0.252394
20 0.252394
21 0.252394
22 0.252394
23 0.252394
24 0.252394
25 0.254648
26 0.254648
27 0.255211
28 0.255211
29 0.255211
30 0.253803
31 0.258732
32 0.258732
33 0.258732
34 0.313521
35 0.313521
36 0.313521
37 0.313521
38 0.313521
39 0.313521
40 0.313521
41 0.312394
42 0.312394
43 0.312394
44 0.312394
45 0.312394
46 0.313521
47 0.313521
48 0.313521
49 0.313521
50 0.313521
51 0.313521
52 0.313521
53 0.313521
54 0.313521
55 0.313521
56 0.328592
57 0.344789
58 0.344789
59 0.342817
60 0.342817
61 0.342817
62 0.342817
63 0.342817
64 0.342817
65 0.342817
66 0.342817
67 0.342817
68 0.337746
69 0.337746
70 0.337746
71 0.337746
72 0.345493
73 0.345493
74 0.345493
75 0.345493
76 0.345493
77 0.339718
78 0.339718
79 0.338732
80 0.339718
81 0.339718
82 0.339718
83 0.339718
84 0.339718
85 0.339718
86 0.336338
87 0.336338
88 0.339859
89 0.339859
90 0.339859
91 0.339859
92 0.339859
93 0.339859
94 0.339859
95 0.339859
96 0.342113
97 0.342254
98 0.342254
99 0.342254
100 0.342254
101 0.357746
102 0.357746
103 0.357746
104 0.357746
105 0.357746
106 0.357183
107 0.357183
108 0.357746
109 0.357746
110 0.357746
111 0.357183
112 0.357606
113 0.357606
114 0.356761
115 0.358732
116 0.358732
117 0.358732
118 0.358732
119 0.358732
120 0.357042
121 0.357042
122 0.357042
123 0.357042
124 0.357042
125 0.357746
126 0.357746
127 0.357746
128 0.357746
129 0.358451
130 0.358451
131 0.358451
132 0.358451
133 0.357746
134 0.357746
135 0.357746
136 0.357746
137 0.357746
138 0.357746
139 0.357746
140 0.337887
141 0.337887
142 0.337887
143 0.337887
144 0.337887
145 0.337746
146 0.337746
147 0.337746
148 0.337746
149 0.337746
150 0.337746
151 0.337746
152 0.337746
153 0.337746
154 0.337746
155 0.337746
156 0.338592
157 0.338592
158 0.338592
159 0.338592
160 0.338592
161 0.338592
162 0.338592
163 0.338592
164 0.338592
165 0.338592
166 0.338592
167 0.338592
168 0.338592
169 0.337887
170 0.337465
171 0.337465
172 0.337465
173 0.337746
174 0.337746
175 0.336197
176 0.336197
177 0.336197
178 0.336197
179 0.336197
180 0.336197
181 0.336197
182 0.336197
183 0.336197
184 0.336197
185 0.336197
186 0.336197
187 0.337606
188 0.337606
189 0.337606
190 0.337606
191 0.337183
192 0.337183
193 0.337183
194 0.337183
195 0.337465
196 0.337606
197 0.337606
198 0.337606
199 0.335211
200 0.335211
201 0.335211
202 0.335211
203 0.335211
204 0.335211
205 0.335211
206 0.335211
207 0.335211
208 0.335211
209 0.335211
210 0.335211
211 0.335211
212 0.335211
213 0.335211
214 0.335211
215 0.335211
216 0.335211
217 0.335211
218 0.335211
219 0.335211
220 0.335211
221 0.335211
222 0.335211
223 0.335211
224 0.335211
225 0.33493
226 0.335775
227 0.335775
228 0.335775
229 0.335775
230 0.335775
231 0.335775
232 0.335775
233 0.335775
234 0.335775
235 0.335775
236 0.335775
237 0.335775
238 0.335775
239 0.335775
240 0.335775
241 0.335775
242 0.335775
243 0.335775
244 0.336056
245 0.336056
246 0.336056
247 0.336056
248 0.336056
249 0.336056
250 0.336056
251 0.336056
252 0.336056
253 0.336056
254 0.336056
255 0.336056
256 0.336056
257 0.336056
258 0.336056
259 0.336056
260 0.336056
261 0.336056
262 0.336056
263 0.336056
264 0.334085
265 0.334085
266 0.334085
267 0.334507
268 0.334507
269 0.334507
270 0.334507
271 0.334507
272 0.33493
273 0.33493
274 0.33493
275 0.33493
276 0.33493
277 0.33493
278 0.333239
279 0.333239
280 0.333239
281 0.333239
282 0.333239
283 0.333239
284 0.333239
285 0.333239
286 0.334225
287 0.334225
288 0.334225
289 0.334225
290 0.334225
291 0.334225
292 0.334225
293 0.334225
294 0.334225
