0 0
1 0.171111
2 0.168444
3 0.175111
4 0.207444
5 0.207889
6 0.226444
7 0.232667
8 0.232667
9 0.233667
10 0.235333
11 0.22663
12 0.22663
13 0.235074
14 0.241222
15 0.233185
16 0.233185
17 0.234519
18 0.234519
19 0.239407
20 0.239407
21 0.244296
22 0.250444
23 0.252222
24 0.252222
25 0.26
26 0.260444
27 0.260444
28 0.262667
29 0.262667
30 0.262667
31 0.262667
32 0.262667
33 0.262667
34 0.261778
35 0.261778
36 0.261778
37 0.261778
38 0.261778
39 0.261556
40 0.261556
41 0.261556
42 0.261556
43 0.261556
44 0.261556
45 0.261556
46 0.261556
47 0.260667
48 0.260667
49 0.260667
50 0.260667
51 0.260667
52 0.260667
53 0.260667
54 0.260667
55 0.259556
56 0.259556
57 0.259556
58 0.259556
59 0.259556
60 0.259556
61 0.259556
62 0.256
63 0.256
64 0.256
65 0.256
66 0.283333
67 0.283333
68 0.283333
69 0.283333
70 0.283333
71 0.283333
72 0.283333
73 0.283333
74 0.283333
75 0.273556
76 0.273556
77 0.273556
78 0.273556
79 0.273556
80 0.273556
81 0.271333
82 0.271333
83 0.271333
84 0.271333
85 0.279778
86 0.278444
87 0.278444
88 0.280889
89 0.273556
90 0.273556
91 0.273556
92 0.273556
93 0.275778
94 0.275778
95 0.275778
96 0.275778
97 0.277556
98 0.276667
99 0.273111
100 0.273111
101 0.273111
102 0.273111
103 0.273111
104 0.273111
105 0.273111
106 0.273111
107 0.273111
108 0.272222
109 0.272222
110 0.272222
111 0.274
112 0.27
113 0.27
114 0.27
115 0.265111
116 0.267778
117 0.267778
118 0.267778
119 0.267778
120 0.267778
121 0.268667
122 0.268667
123 0.266889
124 0.266889
125 0.266889
126 0.266889
127 0.266889
128 0.266889
129 0.266889
130 0.266889
131 0.266889
132 0.266889
133 0.266889
134 0.266889
135 0.266889
136 0.266889
137 0.266889
138 0.266889
139 0.267778
140 0.267778
141 0.267778
142 0.267778
143 0.267778
144 0.267778
145 0.267778
146 0.267778
147 0.267778
148 0.267778
149 0.267778
150 0.267778
151 0.267778
152 0.267778
153 0.267778
154 0.267778
155 0.267778
156 0.267778
157 0.267778
158 0.262222
159 0.262222
160 0.262222
161 0.262222
162 0.262222
163 0.262222
164 0.262222
165 0.262222
166 0.262222
167 0.262222
168 0.262222
169 0.262222
170 0.262222
171 0.261778
172 0.261778
173 0.261778
174 0.261778
175 0.261778
176 0.261778
177 0.261778
178 0.261778
179 0.261778
180 0.263111
181 0.263111
182 0.263111
183 0.263111
184 0.263111
185 0.262222
186 0.262222
187 0.262222
188 0.251556
189 0.251556
190 0.251556
191 0.251556
192 0.251556
193 0.251556
194 0.251556
195 0.251556
196 0.251556
197 0.251556
198 0.251556
199 0.249778
200 0.249778
201 0.249778
202 0.249778
203 0.249778
204 0.249778
205 0.249778
206 0.249333
207 0.249333
208 0.249333
209 0.249333
210 0.249333
211 0.249333
212 0.249333
213 0.249333
214 0.249333
215 0.249333
216 0.249333
217 0.249333
218 0.249333
219 0.249333
220 0.249333
221 0.249333
222 0.249333
223 0.249333
224 0.249333
225 0.249333
226 0.249333
227 0.249333
228 0.249333
229 0.249333
230 0.250222
231 0.250222
232 0.250222
233 0.250222
234 0.250222
235 0.250222
236 0.250222
237 0.250222
238 0.250222
239 0.250667
240 0.250667
241 0.250667
242 0.250667
243 0.250667
244 0.250667
245 0.250667
246 0.250667
247 0.250667
248 0.250667
249 0.249333
250 0.249333
251 0.249333
252 0.249333
253 0.249333
254 0.249333
255 0.249333
256 0.249333
257 0.249333
258 0.249333
259 0.249333
260 0.249333
261 0.249333
262 0.249333
263 0.248889
264 0.248889
265 0.248889
266 0.249333
267 0.249333
268 0.249333
269 0.249333
270 0.249333
271 0.249333
272 0.249333
273 0.249333
274 0.250667
275 0.250667
276 0.250667
277 0.250667
278 0.250667
279 0.250667
280 0.256
281 0.256
282 0.256
283 0.256
284 0.256
285 0.254222
286 0.254222
287 0.254222
288 0.254222
289 0.254222
290 0.254222
291 0.254222
292 0.254222
293 0.254222
294 0.254222
295 0.254222
296 0.256
297 0.256
298 0.256
299 0.256
300 0.256
301 0.256
302 0.256
303 0.256889
304 0.256889
305 0.256889
306 0.256889
307 0.257333
308 0.257333
309 0.257333
310 0.259111
311 0.259111
312 0.259111
313 0.259111
314 0.257778
315 0.257778
316 0.258222
317 0.258222
318 0.258222
319 0.258222
320 0.258222
321 0.258222
322 0.258222
323 0.258222
324 0.258222
325 0.258222
326 0.258222
327 0.258222
328 0.258222
329 0.258222
330 0.258222
331 0.258222
