0 0
1 0.184789
2 0.184789
3 0.184789
4 0.18493
5 0.190141
6 0.190141
7 0.190845
8 0.194225
9 0.197042
10 0.197042
11 0.197042
12 0.197183
13 0.255634
14 0.255634
15 0.255634
16 0.255634
17 0.258169
18 0.246901
19 0.255352
20 0.255634
21 0.255634
22 0.257465
23 0.257465
24 0.257465
25 0.259296
26 0.259296
27 0.259296
28 0.257887
29 0.257887
30 0.258169
31 0.258169
32 0.258169
33 0.313521
34 0.313521
35 0.349718
36 0.349718
37 0.343521
38 0.343521
39 0.343521
40 0.344789
41 0.344789
42 0.344789
43 0.344789
44 0.344507
45 0.344507
46 0.344507
47 0.345634
48 0.345634
49 0.345634
50 0.345634
51 0.345634
52 0.341831
53 0.341831
54 0.34338
55 0.34338
56 0.34338
57 0.34338
58 0.34338
59 0.34338
60 0.34338
61 0.34338
62 0.34338
63 0.339859
64 0.341972
65 0.341972
66 0.341972
67 0.341972
68 0.341972
69 0.340986
70 0.342254
71 0.342254
72 0.339014
73 0.339014
74 0.339014
75 0.350563
76 0.350563
77 0.340141
78 0.340141
79 0.340141
80 0.340141
81 0.340141
82 0.339437
83 0.336197
84 0.336197
85 0.336197
86 0.336197
87 0.336197
88 0.336197
89 0.336197
90 0.336197
91 0.336197
92 0.336197
93 0.336197
94 0.336197
95 0.336197
96 0.336197
97 0.336197
98 0.336197
99 0.336197
100 0.336197
101 0.336197
102 0.336197
103 0.336761
104 0.336901
105 0.33831
106 0.33831
107 0.33831
108 0.33831
109 0.33831
110 0.33831
111 0.33831
112 0.33831
113 0.33831
114 0.33831
115 0.33831
116 0.337887
117 0.337887
118 0.337887
119 0.337887
120 0.33831
121 0.33831
122 0.33831
123 0.33831
124 0.33831
125 0.33831
126 0.33831
127 0.33831
128 0.33831
129 0.33831
130 0.33831
131 0.33831
132 0.33831
133 0.33831
134 0.33831
135 0.33831
136 0.33831
137 0.33831
138 0.33831
139 0.33831
140 0.33831
141 0.33831
142 0.33831
143 0.33831
144 0.33831
145 0.33831
146 0.33831
147 0.33831
148 0.33831
149 0.33831
150 0.33831
151 0.33831
152 0.33831
153 0.33831
154 0.33831
155 0.33831
156 0.336338
157 0.336338
158 0.336338
159 0.336338
160 0.336338
161 0.336338
162 0.336338
163 0.336338
164 0.336338
165 0.337042
166 0.337042
167 0.337042
168 0.337042
169 0.337042
170 0.337042
171 0.337042
172 0.337606
173 0.337606
174 0.337606
175 0.337606
176 0.337606
177 0.337606
178 0.337606
179 0.337606
180 0.337606
181 0.337606
182 0.337606
183 0.337606
184 0.337606
185 0.337606
186 0.337606
187 0.337606
188 0.337606
189 0.337606
190 0.337606
191 0.337606
192 0.337606
193 0.337606
194 0.335493
195 0.335493
196 0.335493
197 0.335211
198 0.335211
199 0.335211
200 0.335211
201 0.335211
202 0.335211
203 0.335211
204 0.335211
205 0.335211
206 0.335211
207 0.335211
208 0.335211
209 0.335211
210 0.335211
211 0.335211
212 0.335211
213 0.335211
214 0.335211
215 0.335211
216 0.335211
217 0.33507
218 0.335211
219 0.33507
220 0.33507
221 0.33507
222 0.33493
223 0.33493
224 0.33493
225 0.33493
226 0.33493
227 0.33493
228 0.33493
229 0.33493
230 0.33493
231 0.33493
232 0.33493
233 0.33493
234 0.33493
235 0.33493
236 0.33493
237 0.33493
238 0.33493
239 0.33493
240 0.33493
241 0.33493
242 0.33493
243 0.33493
244 0.335915
245 0.335915
246 0.335915
247 0.335915
248 0.335915
249 0.335915
250 0.336056
251 0.336056
252 0.336056
253 0.332535
254 0.332535
255 0.332535
256 0.332535
257 0.332535
258 0.332535
259 0.332535
260 0.332535
261 0.333803
262 0.333803
263 0.333803
264 0.333803
265 0.333803
266 0.333803
267 0.333803
268 0.334085
269 0.334085
270 0.334085
271 0.334085
272 0.334085
273 0.334085
274 0.334085
275 0.334085
276 0.335352
277 0.335352
278 0.335352
279 0.335352
280 0.335352
281 0.335352
282 0.335352
283 0.335352
284 0.335634
285 0.336197
286 0.336197
287 0.336197
288 0.336197
289 0.336197
290 0.336197
291 0.336197
292 0.336197
