0 0
1 0.164225
2 0.165775
3 0.197465
4 0.197465
5 0.231127
6 0.231127
7 0.22662
8 0.22662
9 0.25
10 0.25
11 0.25
12 0.255915
13 0.257465
14 0.255634
15 0.255634
16 0.255634
17 0.254507
18 0.253521
19 0.253521
20 0.253521
21 0.253521
22 0.252535
23 0.252535
24 0.252535
25 0.252535
26 0.312113
27 0.312113
28 0.312113
29 0.326056
30 0.313521
31 0.313521
32 0.313521
33 0.313521
34 0.313521
35 0.313521
36 0.313521
37 0.313521
38 0.313521
39 0.313521
40 0.313521
41 0.313521
42 0.313521
43 0.313521
44 0.313521
45 0.313521
46 0.313521
47 0.313521
48 0.313521
49 0.313521
50 0.313521
51 0.313521
52 0.313521
53 0.313521
54 0.313521
55 0.313521
56 0.313521
57 0.313521
58 0.313521
59 0.313521
60 0.313521
61 0.313521
62 0.313521
63 0.313521
64 0.313521
65 0.313521
66 0.313521
67 0.313521
68 0.313521
69 0.313521
70 0.313521
71 0.313521
72 0.313521
73 0.313521
74 0.313521
75 0.313521
76 0.313521
77 0.313521
78 0.313521
79 0.313521
80 0.313521
81 0.313521
82 0.313521
83 0.313521
84 0.313521
85 0.313521
86 0.313521
87 0.313521
88 0.313521
89 0.313521
90 0.313521
91 0.313521
92 0.313521
93 0.313521
94 0.313521
95 0.313521
96 0.313521
97 0.313521
98 0.313521
99 0.313521
100 0.313521
101 0.313521
102 0.313521
103 0.313521
104 0.313521
105 0.313521
106 0.313521
107 0.313521
108 0.313521
109 0.346901
110 0.346901
111 0.346901
112 0.346901
113 0.35169
114 0.35169
115 0.35169
116 0.350845
117 0.350845
118 0.350845
119 0.350845
120 0.350845
121 0.350845
122 0.343239
123 0.343239
124 0.343239
125 0.343239
126 0.343239
127 0.343239
128 0.343239
129 0.343239
130 0.343239
131 0.343239
132 0.343239
133 0.343239
134 0.343239
135 0.344225
136 0.344225
137 0.344225
138 0.344225
139 0.344225
140 0.344225
141 0.344225
142 0.344507
143 0.344225
144 0.344225
145 0.344225
146 0.344225
147 0.344225
148 0.345634
149 0.345634
150 0.345634
151 0.345634
152 0.345634
153 0.345634
154 0.345634
155 0.345634
156 0.345634
157 0.345634
158 0.345634
159 0.344789
160 0.344789
161 0.344789
162 0.344789
163 0.344789
164 0.344789
165 0.344789
166 0.344789
167 0.344789
168 0.344789
169 0.344789
170 0.344789
171 0.344789
172 0.344789
173 0.344789
174 0.344789
175 0.344789
176 0.344789
177 0.344789
178 0.344789
179 0.344789
180 0.344789
181 0.343239
182 0.343239
183 0.343239
184 0.344225
185 0.344225
186 0.344225
187 0.344225
188 0.344225
189 0.344225
190 0.33831
191 0.33831
192 0.33831
193 0.33831
194 0.33831
195 0.33831
196 0.33831
197 0.338169
198 0.338169
199 0.338169
200 0.338169
201 0.338169
202 0.338169
203 0.338169
204 0.338169
205 0.337887
206 0.337887
207 0.337887
208 0.337887
209 0.338732
210 0.338732
211 0.338732
212 0.338732
213 0.338732
214 0.338732
215 0.338028
216 0.338028
217 0.338028
218 0.338028
219 0.338028
220 0.338451
221 0.338451
222 0.338451
223 0.338451
224 0.338451
225 0.338451
226 0.338451
227 0.338451
228 0.338451
229 0.338732
230 0.338732
231 0.338732
232 0.338732
233 0.338732
234 0.338732
235 0.338732
236 0.338732
237 0.338732
238 0.338732
239 0.338732
240 0.338732
241 0.338732
242 0.338732
243 0.338732
244 0.338732
245 0.338732
246 0.338732
247 0.338732
248 0.338732
249 0.338732
250 0.335352
251 0.335352
252 0.335352
253 0.335352
254 0.335352
255 0.335352
256 0.335352
257 0.335352
258 0.335211
259 0.335211
260 0.335211
261 0.335211
262 0.335211
263 0.335211
264 0.335211
265 0.335211
266 0.335211
267 0.335211
268 0.335211
269 0.335211
270 0.335211
271 0.335211
272 0.335211
273 0.335211
274 0.335211
275 0.335211
276 0.335211
277 0.335211
278 0.335211
279 0.335775
280 0.335775
281 0.335775
282 0.335775
283 0.335775
284 0.335775
285 0.335775
286 0.335775
287 0.335775
288 0.335775
289 0.335775
290 0.335775
291 0.335775
292 0.332535
293 0.332535
294 0.332535
295 0.332535
296 0.332535
297 0.332535
298 0.332535
299 0.332535
300 0.332535
301 0.332535
302 0.332535
303 0.332535
304 0.332535
305 0.332254
306 0.332254
307 0.332254
308 0.332535
309 0.336901
310 0.336901
311 0.336901
312 0.336901
313 0.336901
314 0.33662
315 0.336901
316 0.336901
317 0.336901
318 0.336901
319 0.336901
320 0.336761
321 0.336761
322 0.336761
323 0.336761
324 0.336761
325 0.336761
326 0.33662
327 0.33662
328 0.33662
329 0.334225
330 0.334225
331 0.334225
