0 0
1 0.156813
2 0.156813
3 0.158004
4 0.165302
5 0.165599
6 0.209531
7 0.223232
8 0.223529
9 0.225168
10 0.225168
11 0.228891
12 0.228891
13 0.241251
14 0.241996
15 0.248846
16 0.248846
17 0.257781
18 0.257781
19 0.263738
20 0.263738
21 0.271333
22 0.317647
23 0.319434
24 0.319434
25 0.321519
26 0.322561
27 0.322561
28 0.324944
29 0.324944
30 0.324944
31 0.324944
32 0.324944
33 0.324944
34 0.326136
35 0.326136
36 0.326136
37 0.326136
38 0.326136
39 0.326284
40 0.326284
41 0.326284
42 0.326284
43 0.326284
44 0.326284
45 0.326284
46 0.326284
47 0.326284
48 0.326284
49 0.326284
50 0.326284
51 0.326284
52 0.326284
53 0.326284
54 0.326284
55 0.326731
56 0.326731
57 0.326731
58 0.326731
59 0.326731
60 0.326731
61 0.326731
62 0.346835
63 0.346835
64 0.346835
65 0.346835
66 0.352643
67 0.352643
68 0.352643
69 0.352643
70 0.352643
71 0.352643
72 0.352643
73 0.352643
74 0.352643
75 0.356962
76 0.356962
77 0.358451
78 0.358451
79 0.358451
80 0.358451
81 0.359345
82 0.359345
83 0.359345
84 0.359345
85 0.359643
86 0.361231
87 0.361231
88 0.361727
89 0.363366
90 0.363366
91 0.363366
92 0.363366
93 0.363614
94 0.363614
95 0.363614
96 0.363614
97 0.364259
98 0.364507
99 0.364557
100 0.364557
101 0.364557
102 0.364557
103 0.364557
104 0.364557
105 0.364557
106 0.364557
107 0.364557
108 0.364656
109 0.364656
110 0.364656
111 0.365599
112 0.366443
113 0.366443
114 0.366443
115 0.367635
116 0.368677
117 0.368677
118 0.368677
119 0.368677
120 0.368677
121 0.369273
122 0.369273
123 0.370464
124 0.370464
125 0.370464
126 0.370464
127 0.370464
128 0.370464
129 0.370464
130 0.370464
131 0.370464
132 0.370464
133 0.370464
134 0.370464
135 0.370464
136 0.370464
137 0.370464
138 0.370464
139 0.371804
140 0.371804
141 0.371804
142 0.371804
143 0.371804
144 0.371804
145 0.371804
146 0.371804
147 0.371804
148 0.371804
149 0.371804
150 0.371804
151 0.371804
152 0.371804
153 0.371804
154 0.371804
155 0.371804
156 0.371804
157 0.371804
158 0.37374
159 0.37374
160 0.37374
161 0.37374
162 0.37374
163 0.37374
164 0.37374
165 0.37374
166 0.37374
167 0.37374
168 0.37374
169 0.37374
170 0.37374
171 0.373889
172 0.373889
173 0.373889
174 0.373889
175 0.373889
176 0.373889
177 0.373889
178 0.373889
179 0.373889
180 0.374336
181 0.374336
182 0.374336
183 0.374336
184 0.374336
185 0.374634
186 0.374634
187 0.374634
188 0.375379
189 0.375379
190 0.375379
191 0.375379
192 0.375379
193 0.375379
194 0.375379
195 0.375379
196 0.375379
197 0.375379
198 0.375379
199 0.375676
200 0.375676
201 0.375676
202 0.375676
203 0.375676
204 0.375676
205 0.375676
206 0.375676
207 0.375676
208 0.375676
209 0.375676
210 0.375676
211 0.375676
212 0.375676
213 0.375676
214 0.375676
215 0.375676
216 0.375676
217 0.375676
218 0.375676
219 0.375676
220 0.375676
221 0.375676
222 0.375676
223 0.375676
224 0.375676
225 0.375676
226 0.375676
227 0.375676
228 0.375676
229 0.375676
230 0.375825
231 0.375825
232 0.375825
233 0.375825
234 0.375974
235 0.375974
236 0.375974
237 0.375974
238 0.375974
239 0.376123
240 0.376123
241 0.376123
242 0.376123
243 0.376123
244 0.376123
245 0.376123
246 0.376123
247 0.376123
248 0.376123
249 0.376421
250 0.376421
251 0.376421
252 0.376421
253 0.376421
254 0.376421
255 0.376421
256 0.376421
257 0.376421
258 0.376421
259 0.376421
260 0.376421
261 0.376421
262 0.376421
263 0.376421
264 0.376421
265 0.376421
266 0.376719
267 0.376719
268 0.376719
269 0.376719
270 0.376719
271 0.376719
272 0.376719
273 0.376719
274 0.377017
275 0.377017
276 0.377017
277 0.377017
278 0.377017
279 0.377017
280 0.378804
281 0.378804
282 0.378804
283 0.378804
284 0.378804
285 0.378953
286 0.378953
287 0.378953
288 0.378953
289 0.378953
290 0.378953
291 0.378953
292 0.378953
293 0.378953
294 0.378953
295 0.378953
296 0.378953
297 0.378953
298 0.378953
299 0.378953
300 0.378953
301 0.378953
302 0.378953
303 0.381484
304 0.381484
305 0.381484
306 0.381633
307 0.381782
308 0.381782
309 0.381782
310 0.38208
311 0.38208
312 0.38208
313 0.38208
314 0.38208
315 0.38208
316 0.38208
317 0.38208
318 0.38208
319 0.38208
320 0.38208
321 0.38208
322 0.38208
323 0.38208
324 0.38208
325 0.38208
326 0.38208
327 0.38208
328 0.38208
329 0.38208
330 0.38208
331 0.38208
