0 0
1 0.156479
2 0.154789
3 0.155634
4 0.15507
5 0.156761
6 0.176761
7 0.187465
8 0.218028
9 0.215352
10 0.218169
11 0.218169
12 0.218169
13 0.218169
14 0.218169
15 0.248028
16 0.244507
17 0.251268
18 0.260423
19 0.320141
20 0.320141
21 0.320141
22 0.320423
23 0.322535
24 0.321831
25 0.321831
26 0.321831
27 0.324225
28 0.311127
29 0.323521
30 0.323521
31 0.323239
32 0.323239
33 0.323239
34 0.323239
35 0.34169
36 0.34169
37 0.34169
38 0.341972
39 0.341268
40 0.341268
41 0.340282
42 0.340282
43 0.340282
44 0.340282
45 0.340282
46 0.340282
47 0.340423
48 0.340423
49 0.340423
50 0.344507
51 0.344507
52 0.341408
53 0.341408
54 0.34338
55 0.34338
56 0.34338
57 0.34338
58 0.34338
59 0.34338
60 0.340141
61 0.342676
62 0.342676
63 0.340704
64 0.340704
65 0.344789
66 0.344789
67 0.344789
68 0.344789
69 0.344789
70 0.343662
71 0.343803
72 0.343803
73 0.343803
74 0.343239
75 0.342254
76 0.342958
77 0.342958
78 0.350563
79 0.350563
80 0.350563
81 0.350563
82 0.350563
83 0.350563
84 0.350563
85 0.350563
86 0.350563
87 0.350563
88 0.350563
89 0.350563
90 0.350563
91 0.350563
92 0.350563
93 0.350563
94 0.350563
95 0.350563
96 0.350563
97 0.350563
98 0.350563
99 0.339296
100 0.339296
101 0.339296
102 0.339296
103 0.339296
104 0.339296
105 0.339296
106 0.339296
107 0.339296
108 0.339296
109 0.339296
110 0.339296
111 0.339296
112 0.339296
113 0.339296
114 0.339296
115 0.339296
116 0.339296
117 0.339296
118 0.339296
119 0.339296
120 0.339296
121 0.339296
122 0.339296
123 0.339296
124 0.337887
125 0.337887
126 0.337887
127 0.337887
128 0.337887
129 0.337887
130 0.337887
131 0.337887
132 0.337887
133 0.337887
134 0.337887
135 0.337887
136 0.337887
137 0.337887
138 0.336901
139 0.336901
140 0.336901
141 0.336901
142 0.336901
143 0.336901
144 0.336901
145 0.336901
146 0.336901
147 0.336901
148 0.336901
149 0.336901
150 0.33831
151 0.33831
152 0.33831
153 0.33831
154 0.338028
155 0.338169
156 0.338169
157 0.338169
158 0.338732
159 0.338732
160 0.338732
161 0.338732
162 0.338732
163 0.338732
164 0.338451
165 0.338451
166 0.338451
167 0.338451
168 0.338451
169 0.338451
170 0.338451
171 0.338169
172 0.338169
173 0.337887
174 0.337887
175 0.338169
176 0.338169
177 0.338169
178 0.338169
179 0.337887
180 0.338451
181 0.338451
182 0.337606
183 0.337606
184 0.337606
185 0.337606
186 0.337606
187 0.337606
188 0.337606
189 0.337606
190 0.337606
191 0.337606
192 0.337606
193 0.337606
194 0.337606
195 0.337606
196 0.337606
197 0.337606
198 0.337606
199 0.337606
200 0.337606
201 0.337606
202 0.337606
203 0.337606
204 0.337606
205 0.337606
206 0.337606
207 0.337606
208 0.337606
209 0.337606
210 0.337606
211 0.337606
212 0.337606
213 0.335211
214 0.335211
215 0.335211
216 0.335211
217 0.335211
218 0.335211
219 0.335211
220 0.335211
221 0.335211
222 0.335211
223 0.335211
224 0.335211
225 0.335211
226 0.335211
227 0.335211
228 0.335211
229 0.335211
230 0.335211
231 0.335211
232 0.335211
233 0.335211
234 0.335211
235 0.335211
236 0.335211
237 0.335211
238 0.335211
239 0.335211
240 0.335211
241 0.335211
242 0.335211
243 0.335211
244 0.335211
245 0.335493
246 0.335493
247 0.335493
248 0.335493
249 0.335493
250 0.335775
251 0.335775
252 0.335775
253 0.335775
254 0.335775
255 0.335775
256 0.335775
257 0.335775
258 0.335775
259 0.335775
260 0.335775
261 0.335775
262 0.335775
263 0.335775
264 0.335775
265 0.335775
266 0.335775
267 0.335775
268 0.335775
269 0.335775
270 0.335775
271 0.335915
272 0.335915
273 0.335915
274 0.335915
275 0.335915
276 0.335915
277 0.335915
278 0.335915
279 0.335915
280 0.335915
281 0.335915
282 0.335915
283 0.335915
284 0.335915
285 0.335915
286 0.335915
287 0.335915
288 0.335915
289 0.336056
290 0.336056
291 0.336056
292 0.334085
293 0.334085
294 0.334085
295 0.334085
296 0.335352
297 0.334507
298 0.334507
299 0.334085
300 0.334085
301 0.334085
302 0.334085
303 0.334085
304 0.334085
305 0.334085
306 0.334085
307 0.334085
308 0.334085
309 0.334085
310 0.335211
311 0.335493
312 0.335493
