0 0
1 0.150025
2 0.150025
3 0.150933
4 0.152597
5 0.175946
6 0.175946
7 0.175946
8 0.175946
9 0.175946
10 0.192284
11 0.218759
12 0.221432
13 0.228643
14 0.247655
15 0.247655
16 0.247655
17 0.242965
18 0.242965
19 0.249723
20 0.275492
21 0.275492
22 0.275492
23 0.275492
24 0.272466
25 0.289713
26 0.29289
27 0.291377
28 0.308926
29 0.308926
30 0.310741
31 0.310741
32 0.310741
33 0.310741
34 0.310741
35 0.312708
36 0.312708
37 0.312254
38 0.312557
39 0.311346
40 0.311195
41 0.313918
42 0.314221
43 0.314221
44 0.314221
45 0.321281
46 0.321281
47 0.330812
48 0.330812
49 0.325517
50 0.325517
51 0.335048
52 0.335048
53 0.335048
54 0.335804
55 0.33535
56 0.335048
57 0.334291
58 0.335401
59 0.335401
60 0.335401
61 0.342158
62 0.342158
63 0.342158
64 0.342158
65 0.336914
66 0.336914
67 0.341856
68 0.337317
69 0.337317
70 0.336762
71 0.340343
72 0.340343
73 0.340343
74 0.340343
75 0.338729
76 0.338729
77 0.338729
78 0.338729
79 0.338729
80 0.345991
81 0.345991
82 0.345234
83 0.345234
84 0.342057
85 0.342057
86 0.342057
87 0.342057
88 0.342057
89 0.342057
90 0.342057
91 0.342057
92 0.342057
93 0.342057
94 0.342057
95 0.342663
96 0.342663
97 0.342663
98 0.342663
99 0.342663
100 0.342663
101 0.342663
102 0.342663
103 0.342663
104 0.342663
105 0.342663
106 0.343116
107 0.343116
108 0.343116
109 0.343116
110 0.35053
111 0.35053
112 0.35053
113 0.35053
114 0.35053
115 0.35053
116 0.35053
117 0.35053
118 0.35053
119 0.35053
120 0.351891
121 0.351891
122 0.351135
123 0.351135
124 0.351135
125 0.351135
126 0.351135
127 0.351135
128 0.351135
129 0.348865
130 0.348865
131 0.350378
132 0.350378
133 0.350378
134 0.350378
135 0.350378
136 0.350681
137 0.350681
138 0.350681
139 0.350681
140 0.350681
141 0.350681
142 0.350681
143 0.350681
144 0.350681
145 0.350681
146 0.350681
147 0.350681
148 0.350681
149 0.350681
150 0.349319
151 0.349319
152 0.349319
153 0.347201
154 0.347201
155 0.347201
156 0.347201
157 0.34705
158 0.34705
159 0.350681
160 0.350681
161 0.350681
162 0.350681
163 0.350681
164 0.350983
165 0.349168
166 0.349168
167 0.349168
168 0.349168
169 0.349168
170 0.349168
171 0.349168
172 0.349168
173 0.350681
174 0.350681
175 0.350681
176 0.350681
177 0.350076
178 0.350076
179 0.350076
180 0.350076
181 0.350076
182 0.349168
183 0.349168
184 0.349168
185 0.348865
186 0.348865
187 0.348865
188 0.348865
189 0.348865
190 0.348865
191 0.348865
192 0.348865
193 0.348865
194 0.348865
195 0.348865
196 0.348865
197 0.348865
198 0.348865
199 0.349168
200 0.349168
201 0.349168
202 0.349168
203 0.349168
204 0.349168
205 0.349168
206 0.349168
207 0.349168
208 0.349168
209 0.349168
210 0.349168
211 0.348411
212 0.349168
213 0.349168
214 0.349168
215 0.349168
216 0.349168
217 0.349168
218 0.349168
219 0.349168
220 0.349168
221 0.349168
222 0.349168
223 0.349168
224 0.349168
225 0.349168
226 0.349168
227 0.349168
228 0.349168
229 0.349168
230 0.349168
231 0.349168
232 0.349168
233 0.349168
234 0.349168
235 0.349168
236 0.349168
237 0.349168
238 0.349168
239 0.349168
240 0.349168
241 0.349168
242 0.349168
243 0.349168
244 0.349168
245 0.351135
246 0.351135
247 0.351135
248 0.351135
249 0.35174
250 0.351135
251 0.351135
252 0.351135
253 0.350832
254 0.348714
255 0.348714
256 0.348714
257 0.348714
258 0.348714
259 0.348714
260 0.348714
261 0.348865
262 0.348865
263 0.348865
264 0.349622
265 0.349622
266 0.349622
267 0.349622
268 0.349622
269 0.349622
270 0.348865
271 0.348865
272 0.348865
273 0.348714
274 0.348714
275 0.34947
276 0.34947
277 0.34947
278 0.34947
279 0.348865
