0 0
1 0.158749
2 0.158749
3 0.158749
4 0.158749
5 0.160238
6 0.188831
7 0.208042
8 0.219806
9 0.239017
10 0.245421
11 0.245421
12 0.245421
13 0.245421
14 0.245867
15 0.263589
16 0.274832
17 0.283619
18 0.28831
19 0.317647
20 0.317647
21 0.317647
22 0.319732
23 0.320477
24 0.322264
25 0.322264
26 0.322264
27 0.322859
28 0.324497
29 0.326136
30 0.326136
31 0.335071
32 0.335071
33 0.335071
34 0.335071
35 0.342368
36 0.342368
37 0.342368
38 0.342964
39 0.344751
40 0.344751
41 0.345346
42 0.349814
43 0.349814
44 0.349814
45 0.349814
46 0.349814
47 0.350856
48 0.350856
49 0.350856
50 0.35175
51 0.35175
52 0.352643
53 0.352643
54 0.352643
55 0.352643
56 0.352643
57 0.352792
58 0.352792
59 0.352792
60 0.352792
61 0.353835
62 0.353835
63 0.353835
64 0.353835
65 0.356366
66 0.356366
67 0.356366
68 0.356366
69 0.356366
70 0.356366
71 0.358004
72 0.358004
73 0.358004
74 0.3586
75 0.360089
76 0.360089
77 0.360089
78 0.361727
79 0.361727
80 0.361727
81 0.361727
82 0.361727
83 0.361727
84 0.361727
85 0.361727
86 0.361727
87 0.361727
88 0.361727
89 0.361727
90 0.361727
91 0.361727
92 0.361727
93 0.361727
94 0.361727
95 0.361727
96 0.361727
97 0.361727
98 0.361727
99 0.367784
100 0.367784
101 0.367784
102 0.367784
103 0.367784
104 0.367784
105 0.367784
106 0.367784
107 0.367784
108 0.367784
109 0.367784
110 0.367784
111 0.367784
112 0.367784
113 0.367784
114 0.367784
115 0.367784
116 0.367784
117 0.367784
118 0.36823
119 0.36823
120 0.36823
121 0.36823
122 0.36823
123 0.36823
124 0.370464
125 0.370464
126 0.370464
127 0.370464
128 0.370464
129 0.370464
130 0.370464
131 0.370464
132 0.370464
133 0.370464
134 0.370464
135 0.370464
136 0.370464
137 0.370464
138 0.371804
139 0.371804
140 0.371804
141 0.371804
142 0.371804
143 0.371804
144 0.371804
145 0.371804
146 0.371804
147 0.371804
148 0.371804
149 0.371804
150 0.37374
151 0.37374
152 0.37374
153 0.37374
154 0.37374
155 0.374038
156 0.374038
157 0.374038
158 0.374634
159 0.374634
160 0.374634
161 0.374634
162 0.374634
163 0.374634
164 0.374634
165 0.374634
166 0.374634
167 0.374634
168 0.374634
169 0.374634
170 0.374634
171 0.374783
172 0.374783
173 0.375081
174 0.375081
175 0.375081
176 0.375081
177 0.375081
178 0.375081
179 0.375081
180 0.375825
181 0.375825
182 0.375974
183 0.375974
184 0.375974
185 0.375974
186 0.375974
187 0.375974
188 0.375974
189 0.375974
190 0.375974
191 0.375974
192 0.375974
193 0.375974
194 0.375974
195 0.375974
196 0.375974
197 0.375974
198 0.375974
199 0.375974
200 0.375974
201 0.375974
202 0.375974
203 0.375974
204 0.375974
205 0.375974
206 0.375974
207 0.375974
208 0.375974
209 0.375974
210 0.375974
211 0.375974
212 0.375974
213 0.377612
214 0.377612
215 0.377612
216 0.377612
217 0.377612
218 0.377612
219 0.377612
220 0.377612
221 0.377612
222 0.377612
223 0.377612
224 0.377612
225 0.377612
226 0.377612
227 0.377612
228 0.377612
229 0.377612
230 0.377612
231 0.377612
232 0.377612
233 0.377612
234 0.377612
235 0.377612
236 0.377612
237 0.377612
238 0.377612
239 0.377612
240 0.377612
241 0.377612
242 0.377612
243 0.377612
244 0.377612
245 0.377612
246 0.377612
247 0.377612
248 0.377612
249 0.377612
250 0.378804
251 0.378804
252 0.378804
253 0.378804
254 0.378804
255 0.378804
256 0.378804
257 0.378804
258 0.378804
259 0.378804
260 0.378804
261 0.378804
262 0.378804
263 0.378804
264 0.378804
265 0.378804
266 0.378804
267 0.378804
268 0.378804
269 0.378804
270 0.378804
271 0.379102
272 0.379102
273 0.379102
274 0.379102
275 0.379102
276 0.379102
277 0.379102
278 0.379102
279 0.379102
280 0.37925
281 0.37925
282 0.379548
283 0.379548
284 0.379548
285 0.379548
286 0.379548
287 0.379548
288 0.379548
289 0.379697
290 0.379697
291 0.379697
292 0.381484
293 0.381484
294 0.381484
295 0.381484
296 0.381484
297 0.381633
298 0.381633
299 0.381931
300 0.381931
301 0.382229
302 0.382229
303 0.382229
304 0.382229
305 0.382229
306 0.382229
307 0.382229
308 0.382229
309 0.382229
310 0.382378
311 0.382378
312 0.382378
