0 0
1 0.15726
2 0.158004
3 0.159047
4 0.159047
5 0.188831
6 0.188831
7 0.188831
8 0.188831
9 0.188831
10 0.210871
11 0.232167
12 0.241201
13 0.251229
14 0.261206
15 0.261206
16 0.261206
17 0.262249
18 0.262249
19 0.266121
20 0.28831
21 0.28831
22 0.28831
23 0.28831
24 0.288608
25 0.307818
26 0.315562
27 0.316754
28 0.321221
29 0.321221
30 0.330454
31 0.330454
32 0.330454
33 0.330454
34 0.330454
35 0.331348
36 0.331348
37 0.331497
38 0.331646
39 0.331646
40 0.331794
41 0.332539
42 0.332688
43 0.332688
44 0.332688
45 0.333582
46 0.333582
47 0.338198
48 0.338198
49 0.338496
50 0.338496
51 0.341921
52 0.341921
53 0.341921
54 0.342517
55 0.344751
56 0.346389
57 0.348027
58 0.348325
59 0.348325
60 0.348325
61 0.34892
62 0.34892
63 0.34892
64 0.34892
65 0.349963
66 0.349963
67 0.350112
68 0.350707
69 0.350707
70 0.351601
71 0.351899
72 0.351899
73 0.351899
74 0.351899
75 0.355175
76 0.355175
77 0.355175
78 0.355175
79 0.355175
80 0.359196
81 0.359196
82 0.35994
83 0.35994
84 0.365848
85 0.365848
86 0.365848
87 0.365848
88 0.365848
89 0.365848
90 0.365848
91 0.365848
92 0.365848
93 0.365848
94 0.366145
95 0.367039
96 0.367039
97 0.367039
98 0.367039
99 0.367039
100 0.367039
101 0.367039
102 0.367039
103 0.367039
104 0.367039
105 0.367039
106 0.367932
107 0.367932
108 0.367932
109 0.367932
110 0.370464
111 0.370464
112 0.370464
113 0.370464
114 0.370464
115 0.370464
116 0.370464
117 0.370464
118 0.370464
119 0.370464
120 0.370613
121 0.370613
122 0.370911
123 0.370911
124 0.370911
125 0.370911
126 0.370911
127 0.370911
128 0.370911
129 0.371209
130 0.371209
131 0.371655
132 0.371655
133 0.371655
134 0.371655
135 0.371655
136 0.371655
137 0.371655
138 0.371655
139 0.371655
140 0.371655
141 0.371655
142 0.371655
143 0.372102
144 0.372102
145 0.372102
146 0.372102
147 0.372102
148 0.372102
149 0.372102
150 0.372251
151 0.372251
152 0.372251
153 0.372549
154 0.372549
155 0.372549
156 0.372549
157 0.372698
158 0.372698
159 0.375081
160 0.375081
161 0.375081
162 0.375081
163 0.375081
164 0.375379
165 0.375379
166 0.375379
167 0.375379
168 0.375379
169 0.375379
170 0.375379
171 0.375379
172 0.375379
173 0.375527
174 0.375527
175 0.375527
176 0.375527
177 0.375825
178 0.375825
179 0.375825
180 0.375825
181 0.375825
182 0.375974
183 0.375974
184 0.375974
185 0.376123
186 0.376123
187 0.376123
188 0.376123
189 0.376123
190 0.376123
191 0.376123
192 0.376123
193 0.376123
194 0.376123
195 0.376123
196 0.376123
197 0.376123
198 0.376123
199 0.377612
200 0.377612
201 0.377612
202 0.377612
203 0.377612
204 0.377612
205 0.377612
206 0.377612
207 0.377612
208 0.377612
209 0.377612
210 0.377612
211 0.377612
212 0.377761
213 0.377761
214 0.377761
215 0.37791
216 0.37791
217 0.37791
218 0.37791
219 0.37791
220 0.378804
221 0.378804
222 0.378804
223 0.378804
224 0.378804
225 0.378804
226 0.378804
227 0.378804
228 0.378804
229 0.378804
230 0.378804
231 0.378804
232 0.378804
233 0.378804
234 0.378804
235 0.378804
236 0.378804
237 0.378804
238 0.378804
239 0.378804
240 0.378804
241 0.378804
242 0.378804
243 0.378804
244 0.378804
245 0.378953
246 0.378953
247 0.378953
248 0.378953
249 0.378953
250 0.378953
251 0.378953
252 0.378953
253 0.378953
254 0.381782
255 0.381782
256 0.381782
257 0.381782
258 0.381782
259 0.381782
260 0.381782
261 0.381782
262 0.381782
263 0.381782
264 0.381931
265 0.381931
266 0.381931
267 0.381931
268 0.381931
269 0.381931
270 0.381931
271 0.381931
272 0.381931
273 0.38208
274 0.38208
275 0.38208
276 0.38208
277 0.38208
278 0.38208
279 0.382229
