0 0
1 0.283871
2 0.264516
3 0.264516
4 0.258065
5 0.23871
6 0.23871
7 0.23871
8 0.23871
9 0.23871
10 0.251613
11 0.316129
12 0.348387
13 0.348387
14 0.316129
15 0.316129
16 0.316129
17 0.348387
18 0.348387
19 0.348387
20 0.393548
21 0.393548
22 0.393548
23 0.393548
24 0.380645
25 0.277419
26 0.258065
27 0.258065
28 0.206452
29 0.206452
30 0.277419
31 0.277419
32 0.277419
33 0.277419
34 0.277419
35 0.277419
36 0.277419
37 0.277419
38 0.277419
39 0.277419
40 0.277419
41 0.277419
42 0.277419
43 0.277419
44 0.277419
45 0.283871
46 0.283871
47 0.283871
48 0.283871
49 0.393548
50 0.393548
51 0.335484
52 0.335484
53 0.335484
54 0.335484
55 0.348387
56 0.296774
57 0.348387
58 0.348387
59 0.348387
60 0.348387
61 0.380645
62 0.380645
63 0.380645
64 0.380645
65 0.4
66 0.4
67 0.380645
68 0.348387
69 0.348387
70 0.4
71 0.348387
72 0.348387
73 0.348387
74 0.348387
75 0.251613
76 0.251613
77 0.251613
78 0.251613
79 0.251613
80 0.316129
81 0.316129
82 0.316129
83 0.316129
84 0.348387
85 0.348387
86 0.348387
87 0.348387
88 0.348387
89 0.348387
90 0.348387
91 0.348387
92 0.348387
93 0.348387
94 0.348387
95 0.380645
96 0.380645
97 0.380645
98 0.380645
99 0.380645
100 0.380645
101 0.380645
102 0.380645
103 0.380645
104 0.380645
105 0.380645
106 0.348387
107 0.348387
108 0.348387
109 0.348387
110 0.335484
111 0.335484
112 0.335484
113 0.335484
114 0.335484
115 0.335484
116 0.335484
117 0.335484
118 0.335484
119 0.335484
120 0.335484
121 0.335484
122 0.335484
123 0.335484
124 0.335484
125 0.335484
126 0.335484
127 0.335484
128 0.335484
129 0.335484
130 0.335484
131 0.335484
132 0.335484
133 0.335484
134 0.335484
135 0.335484
136 0.335484
137 0.335484
138 0.335484
139 0.335484
140 0.335484
141 0.335484
142 0.335484
143 0.335484
144 0.335484
145 0.335484
146 0.335484
147 0.335484
148 0.335484
149 0.335484
150 0.335484
151 0.335484
152 0.335484
153 0.335484
154 0.335484
155 0.335484
156 0.335484
157 0.335484
158 0.335484
159 0.335484
160 0.335484
161 0.335484
162 0.335484
163 0.335484
164 0.335484
165 0.335484
166 0.335484
167 0.335484
168 0.335484
169 0.335484
170 0.335484
171 0.335484
172 0.335484
173 0.335484
174 0.335484
175 0.335484
176 0.335484
177 0.335484
178 0.335484
179 0.335484
180 0.335484
181 0.335484
182 0.335484
183 0.335484
184 0.335484
185 0.335484
186 0.335484
187 0.335484
188 0.335484
189 0.335484
190 0.335484
191 0.335484
192 0.335484
193 0.335484
194 0.335484
195 0.335484
196 0.335484
197 0.335484
198 0.335484
199 0.322581
200 0.322581
201 0.322581
202 0.322581
203 0.322581
204 0.322581
205 0.322581
206 0.322581
207 0.322581
208 0.322581
209 0.322581
210 0.322581
211 0.322581
212 0.322581
213 0.322581
214 0.322581
215 0.322581
216 0.322581
217 0.322581
218 0.322581
219 0.322581
220 0.322581
221 0.322581
222 0.322581
223 0.322581
224 0.322581
225 0.322581
226 0.322581
227 0.322581
228 0.322581
229 0.322581
230 0.322581
231 0.322581
232 0.322581
233 0.322581
234 0.335484
235 0.335484
236 0.335484
237 0.335484
238 0.335484
239 0.335484
240 0.322581
241 0.322581
242 0.322581
243 0.322581
244 0.322581
245 0.322581
246 0.322581
247 0.322581
248 0.322581
249 0.322581
250 0.322581
251 0.322581
252 0.322581
253 0.322581
254 0.322581
255 0.322581
256 0.322581
257 0.322581
258 0.322581
259 0.322581
260 0.322581
261 0.322581
262 0.322581
263 0.322581
264 0.322581
265 0.322581
266 0.322581
267 0.322581
268 0.322581
269 0.322581
270 0.322581
271 0.322581
272 0.322581
273 0.322581
274 0.322581
275 0.322581
276 0.322581
277 0.322581
278 0.322581
279 0.322581
