0 0
1 0.168356
2 0.171485
3 0.16925
4 0.169399
5 0.169511
6 0.181011
7 0.206048
8 0.21545
9 0.243169
10 0.251217
11 0.251217
12 0.251217
13 0.251217
14 0.252856
15 0.261053
16 0.271833
17 0.280775
18 0.290002
19 0.301031
20 0.301031
21 0.301031
22 0.300137
23 0.30416
24 0.300994
25 0.300994
26 0.300994
27 0.3077
28 0.304061
29 0.303825
30 0.303825
31 0.328912
32 0.328912
33 0.328912
34 0.328912
35 0.323535
36 0.323535
37 0.323535
38 0.322789
39 0.325323
40 0.325323
41 0.325323
42 0.325522
43 0.325522
44 0.325522
45 0.325522
46 0.325522
47 0.325522
48 0.325522
49 0.325522
50 0.325037
51 0.325037
52 0.328751
53 0.328751
54 0.326379
55 0.326379
56 0.326379
57 0.327869
58 0.327869
59 0.327869
60 0.325373
61 0.325025
62 0.325025
63 0.326267
64 0.326267
65 0.323385
66 0.323385
67 0.323385
68 0.323385
69 0.323385
70 0.323733
71 0.32269
72 0.32269
73 0.32269
74 0.324031
75 0.325174
76 0.325174
77 0.325174
78 0.335618
79 0.335618
80 0.335618
81 0.335618
82 0.335618
83 0.335618
84 0.335618
85 0.335618
86 0.335618
87 0.335618
88 0.335618
89 0.335618
90 0.335618
91 0.335618
92 0.335618
93 0.335618
94 0.335618
95 0.335618
96 0.335618
97 0.335618
98 0.335618
99 0.340686
100 0.340686
101 0.340686
102 0.340686
103 0.340686
104 0.340686
105 0.340686
106 0.340686
107 0.340686
108 0.340686
109 0.340686
110 0.340686
111 0.340686
112 0.340686
113 0.340686
114 0.340686
115 0.340686
116 0.340686
117 0.340686
118 0.342176
119 0.342176
120 0.342176
121 0.342176
122 0.342176
123 0.342176
124 0.339344
125 0.339344
126 0.339344
127 0.339344
128 0.339344
129 0.339344
130 0.339344
131 0.339344
132 0.339344
133 0.339344
134 0.339344
135 0.339344
136 0.339344
137 0.339344
138 0.33994
139 0.33994
140 0.33994
141 0.33994
142 0.33994
143 0.33994
144 0.33994
145 0.33994
146 0.33994
147 0.33994
148 0.33994
149 0.33994
150 0.339493
151 0.339493
152 0.339493
153 0.339493
154 0.339493
155 0.339642
156 0.339642
157 0.339642
158 0.340537
159 0.340537
160 0.340537
161 0.340686
162 0.340686
163 0.340686
164 0.33994
165 0.33994
166 0.33994
167 0.33994
168 0.33994
169 0.33994
170 0.33994
171 0.339642
172 0.339642
173 0.340089
174 0.340089
175 0.339344
176 0.339344
177 0.339344
178 0.339344
179 0.338152
180 0.338152
181 0.338152
182 0.336215
183 0.336215
184 0.336215
185 0.336215
186 0.336215
187 0.336215
188 0.336215
189 0.336215
190 0.336215
191 0.336215
192 0.336215
193 0.336215
194 0.336215
195 0.336215
196 0.336215
197 0.336215
198 0.336215
199 0.336215
200 0.336215
201 0.336215
202 0.336215
203 0.336215
204 0.336215
205 0.336215
206 0.336215
207 0.336215
208 0.336215
209 0.336215
210 0.336215
211 0.336215
212 0.336215
213 0.339642
214 0.339642
215 0.339642
216 0.339642
217 0.339642
218 0.339642
219 0.339642
220 0.339642
221 0.339642
222 0.339642
223 0.339642
224 0.339642
225 0.339642
226 0.339642
227 0.339642
228 0.339642
229 0.339642
230 0.339642
231 0.339642
232 0.339642
233 0.339642
234 0.339642
235 0.339642
236 0.339642
237 0.339642
238 0.339642
239 0.339642
240 0.339642
241 0.339642
242 0.339642
243 0.339642
244 0.339642
245 0.339642
246 0.339642
247 0.339642
248 0.339642
249 0.339642
250 0.340238
251 0.340238
252 0.340238
253 0.340238
254 0.340238
255 0.340238
256 0.340238
257 0.340238
258 0.340238
259 0.340238
260 0.340238
261 0.340238
262 0.340238
263 0.340238
264 0.340238
265 0.340238
266 0.340238
267 0.340238
268 0.340238
269 0.340238
270 0.340238
271 0.339046
272 0.339046
273 0.339046
274 0.339046
275 0.339046
276 0.339046
277 0.339046
278 0.339046
279 0.339046
280 0.339493
281 0.339493
282 0.339046
283 0.339046
284 0.339046
285 0.339046
286 0.339046
287 0.339046
288 0.339046
289 0.339493
290 0.339493
291 0.339493
292 0.338897
293 0.338897
294 0.338897
295 0.338897
296 0.339046
297 0.339195
298 0.339195
299 0.339195
300 0.339195
301 0.33845
302 0.33845
303 0.33845
304 0.33845
305 0.33845
306 0.33845
307 0.33845
308 0.33845
309 0.33845
310 0.338897
311 0.339195
312 0.339195
