0 0
1 0.160889
2 0.131481
3 0.183556
4 0.183556
5 0.220889
6 0.214667
7 0.214667
8 0.216889
9 0.217333
10 0.217333
11 0.217333
12 0.217333
13 0.217333
14 0.217333
15 0.217333
16 0.217333
17 0.217333
18 0.204667
19 0.204667
20 0.207556
21 0.207556
22 0.207556
23 0.216444
24 0.216444
25 0.219333
26 0.225333
27 0.225333
28 0.225333
29 0.225333
30 0.225333
31 0.230222
32 0.219778
33 0.245741
34 0.245741
35 0.245741
36 0.262185
37 0.262185
38 0.262185
39 0.262185
40 0.263963
41 0.25863
42 0.25863
43 0.257296
44 0.257296
45 0.264852
46 0.249741
47 0.249741
48 0.251519
49 0.251519
50 0.251519
51 0.251519
52 0.251519
53 0.251852
54 0.252296
55 0.253074
56 0.283333
57 0.283333
58 0.283333
59 0.283333
60 0.283333
61 0.283333
62 0.283333
63 0.283333
64 0.283333
65 0.283333
66 0.283333
67 0.283333
68 0.272185
69 0.272185
70 0.272185
71 0.272185
72 0.26063
73 0.26063
74 0.26063
75 0.26063
76 0.26063
77 0.26063
78 0.26063
79 0.26063
80 0.26063
81 0.26063
82 0.26063
83 0.26063
84 0.26063
85 0.26063
86 0.26063
87 0.259
88 0.259
89 0.259
90 0.259
91 0.259
92 0.259
93 0.259
94 0.259
95 0.259
96 0.259
97 0.266889
98 0.266889
99 0.266889
100 0.266889
101 0.266889
102 0.266889
103 0.266889
104 0.266889
105 0.266889
106 0.266889
107 0.266889
108 0.266889
109 0.266889
110 0.266889
111 0.266889
112 0.266889
113 0.266889
114 0.266889
115 0.266889
116 0.266889
117 0.266889
118 0.269111
119 0.269111
120 0.269111
121 0.269111
122 0.269111
123 0.267778
124 0.267778
125 0.267778
126 0.262222
127 0.26
128 0.26
129 0.26
130 0.26
131 0.264444
132 0.263556
133 0.263556
134 0.263556
135 0.263556
136 0.262667
137 0.264889
138 0.264
139 0.264
140 0.264
141 0.264
142 0.264
143 0.264
144 0.264
145 0.264
146 0.264
147 0.264
148 0.264
149 0.264
150 0.264
151 0.264
152 0.264
153 0.264
154 0.264
155 0.264
156 0.264
157 0.264
158 0.264
159 0.264
160 0.264
161 0.264
162 0.264
163 0.264
164 0.255111
165 0.255111
166 0.255111
167 0.255111
168 0.255111
169 0.255111
170 0.255111
171 0.255111
172 0.255111
173 0.255111
174 0.255111
175 0.255111
176 0.255111
177 0.255111
178 0.255111
179 0.255111
180 0.255111
181 0.255111
182 0.254222
183 0.254222
184 0.254222
185 0.254222
186 0.254222
187 0.254222
188 0.254222
189 0.254222
190 0.254222
191 0.254222
192 0.254222
193 0.254222
194 0.254222
195 0.254222
196 0.254222
197 0.254222
198 0.254222
199 0.254222
200 0.254222
201 0.254222
202 0.254222
203 0.254222
204 0.254222
205 0.252889
206 0.252889
207 0.252889
208 0.252889
209 0.252889
210 0.252889
211 0.252889
212 0.252889
213 0.254222
214 0.254222
215 0.254222
216 0.254222
217 0.254222
218 0.253333
219 0.253333
220 0.254222
221 0.254222
222 0.254222
223 0.256
224 0.256
225 0.256
226 0.256
227 0.256
228 0.256
229 0.256
230 0.256
231 0.256
232 0.256
233 0.256
234 0.256
235 0.254667
236 0.254222
237 0.254222
238 0.254222
239 0.254222
240 0.254222
241 0.254222
242 0.254222
243 0.254222
244 0.254222
245 0.254222
246 0.254222
247 0.254222
248 0.254222
249 0.254222
250 0.254222
251 0.254222
252 0.254222
253 0.256
254 0.256
255 0.256
256 0.257778
257 0.257778
258 0.257778
259 0.257778
260 0.257778
261 0.257778
262 0.258222
263 0.258222
264 0.258222
265 0.257778
266 0.257778
267 0.258222
268 0.258222
269 0.259111
270 0.259111
271 0.258222
272 0.258222
273 0.259111
274 0.259111
275 0.259111
276 0.257778
277 0.257778
278 0.257778
279 0.257778
280 0.257778
281 0.257778
282 0.257778
283 0.257778
