0 0
1 0.111874
2 0.111874
3 0.111874
4 0.189054
5 0.210019
6 0.205195
7 0.206494
8 0.267347
9 0.269388
10 0.272171
11 0.272171
12 0.272171
13 0.272542
14 0.282189
15 0.282189
16 0.282189
17 0.282189
18 0.282189
19 0.282375
20 0.282375
21 0.282375
22 0.282189
23 0.282189
24 0.282189
25 0.282375
26 0.282375
27 0.282189
28 0.282189
29 0.282189
30 0.281447
31 0.281447
32 0.281447
33 0.281447
34 0.281447
35 0.281447
36 0.281447
37 0.274583
38 0.266048
39 0.288312
40 0.288312
41 0.288312
42 0.288312
43 0.288312
44 0.288312
45 0.315213
46 0.315213
47 0.315213
48 0.312801
49 0.312801
50 0.312801
51 0.312801
52 0.293321
53 0.293321
54 0.303711
55 0.303711
56 0.303711
57 0.303711
58 0.309462
59 0.309462
60 0.310946
61 0.310946
62 0.305009
63 0.305009
64 0.302968
65 0.302968
66 0.303154
67 0.303154
68 0.303154
69 0.300186
70 0.300186
71 0.300186
72 0.300186
73 0.300186
74 0.300186
75 0.300186
76 0.300186
77 0.303525
78 0.303525
79 0.303525
80 0.303525
81 0.303525
82 0.314657
83 0.314657
84 0.314657
85 0.314657
86 0.314657
87 0.314657
88 0.314657
89 0.314657
90 0.314657
91 0.314657
92 0.314657
93 0.314657
94 0.314657
95 0.314657
96 0.314657
97 0.314657
98 0.314657
99 0.314657
100 0.314657
101 0.314657
102 0.314657
103 0.314657
104 0.314657
105 0.314657
106 0.314657
107 0.314657
108 0.314657
109 0.314657
110 0.314657
111 0.314657
112 0.312616
113 0.312616
114 0.312616
115 0.312616
116 0.318553
117 0.334694
118 0.334694
119 0.334694
120 0.334694
121 0.334694
122 0.334694
123 0.334694
124 0.334694
125 0.334694
126 0.334694
127 0.334694
128 0.334694
129 0.334694
130 0.334694
131 0.334694
132 0.334694
133 0.334694
134 0.334694
135 0.334694
136 0.334694
137 0.334694
138 0.334694
139 0.334694
140 0.334694
141 0.334694
142 0.334694
143 0.334694
144 0.345269
145 0.345269
146 0.345269
147 0.345269
148 0.345269
149 0.345269
150 0.345269
151 0.345269
152 0.345269
153 0.345269
154 0.345269
155 0.345269
156 0.345269
157 0.345269
158 0.345269
159 0.345269
160 0.345269
161 0.345269
162 0.345269
163 0.345269
164 0.344712
165 0.344712
166 0.344712
167 0.344341
168 0.344341
169 0.344341
170 0.340445
171 0.340445
172 0.340445
173 0.340445
174 0.340445
175 0.340445
176 0.340445
177 0.340445
178 0.340445
179 0.340445
180 0.340445
181 0.340445
182 0.340445
183 0.340445
184 0.340445
185 0.340445
186 0.340445
187 0.340445
188 0.340074
189 0.341002
190 0.341002
191 0.341002
192 0.341002
193 0.341002
194 0.341002
195 0.341002
196 0.341002
197 0.341002
198 0.341002
199 0.341002
200 0.341002
201 0.341002
202 0.341002
203 0.341002
204 0.341002
205 0.341002
206 0.341002
207 0.341002
208 0.341002
209 0.339889
210 0.339889
211 0.339889
212 0.339889
213 0.339889
214 0.339889
215 0.339889
216 0.339889
217 0.339889
218 0.338776
219 0.338776
220 0.338776
221 0.338776
222 0.338776
223 0.338776
224 0.338776
225 0.338776
226 0.338776
227 0.338776
228 0.338776
229 0.338776
230 0.338776
231 0.338776
232 0.340074
233 0.340074
234 0.340074
235 0.340074
236 0.340074
237 0.340074
238 0.340074
239 0.340074
240 0.340074
241 0.340074
242 0.340074
243 0.340074
244 0.340074
245 0.340074
246 0.340074
247 0.340074
248 0.340074
249 0.340074
250 0.340074
251 0.340074
252 0.340074
253 0.340074
254 0.340074
255 0.340074
256 0.340074
257 0.340074
258 0.340074
259 0.340074
260 0.340074
261 0.339703
262 0.339703
263 0.339703
264 0.339703
265 0.339703
266 0.339703
267 0.342857
268 0.342857
269 0.342857
270 0.342857
271 0.342857
272 0.342857
273 0.342857
274 0.342857
275 0.342857
276 0.342857
277 0.342857
278 0.342857
279 0.342857
280 0.342857
281 0.342857
282 0.342857
283 0.342857
284 0.342857
285 0.342857
286 0.342857
287 0.342857
288 0.342857
289 0.342857
290 0.342857
291 0.342857
292 0.342857
293 0.342857
294 0.342857
