0 0
1 0.362005
2 0.362005
3 0.362005
4 0.362005
5 0.362005
6 0.362005
7 0.362005
8 0.362005
9 0.362005
10 0.362005
11 0.362005
12 0.362005
13 0.362005
14 0.362005
15 0.378668
16 0.378668
17 0.378543
18 0.378543
19 0.37888
20 0.331336
21 0.331336
22 0.331336
23 0.331336
24 0.396071
25 0.396071
26 0.396071
27 0.396071
28 0.396071
29 0.396071
30 0.396071
31 0.396071
32 0.396071
33 0.396071
34 0.396071
35 0.396071
36 0.396071
37 0.396071
38 0.396071
39 0.396071
40 0.396071
41 0.396071
42 0.396071
43 0.396071
44 0.381607
45 0.381607
46 0.371811
47 0.371811
48 0.371811
49 0.371811
50 0.371811
51 0.371811
52 0.378772
53 0.378772
54 0.378772
55 0.378772
56 0.378772
57 0.378772
58 0.378772
59 0.378772
60 0.378772
61 0.378772
62 0.378772
63 0.389569
64 0.389569
65 0.389569
66 0.389569
