0 0
1 0.362411
2 0.362411
3 0.362411
4 0.362411
5 0.362286
6 0.362286
7 0.361995
8 0.362286
9 0.362286
10 0.365128
11 0.395154
12 0.395154
13 0.395154
14 0.395154
15 0.395154
16 0.395154
17 0.395154
18 0.396071
19 0.396071
20 0.396071
21 0.396071
22 0.396071
23 0.396071
24 0.396071
25 0.396071
26 0.396071
27 0.396071
28 0.396071
29 0.396071
30 0.396071
31 0.374701
32 0.374701
33 0.374701
34 0.374701
35 0.374701
36 0.374701
37 0.374701
38 0.374701
39 0.374701
40 0.374701
41 0.374701
42 0.374701
43 0.374701
44 0.374701
45 0.374701
46 0.374701
47 0.374701
48 0.374701
49 0.374701
50 0.374701
51 0.374701
52 0.374701
53 0.374701
54 0.374701
55 0.374701
56 0.374701
57 0.374701
58 0.374701
59 0.374701
60 0.374409
61 0.374409
62 0.374409
63 0.374409
64 0.374409
65 0.374409
66 0.374409
67 0.374409
68 0.374409
69 0.374409
70 0.374409
71 0.374409
72 0.374409
73 0.374409
74 0.374409
75 0.374409
76 0.374034
77 0.374034
78 0.374034
79 0.374034
80 0.374034
81 0.374034
82 0.373951
83 0.374118
84 0.374118
85 0.374118
86 0.374118
87 0.374118
88 0.374118
89 0.374118
90 0.374118
91 0.374118
92 0.374118
93 0.374118
94 0.374118
95 0.374118
96 0.374118
