0 0
1 0.406389
2 0.406389
3 0.406389
4 0.406389
5 0.406389
6 0.406389
7 0.406389
8 0.38741
9 0.38741
10 0.38741
11 0.386454
12 0.386454
13 0.386454
14 0.431156
15 0.431156
16 0.431156
17 0.431156
18 0.431156
19 0.431156
20 0.431156
21 0.431156
22 0.431156
23 0.431156
24 0.430464
25 0.430464
26 0.4059
27 0.4059
28 0.4059
29 0.4059
30 0.4059
31 0.4059
32 0.415713
33 0.415713
34 0.415713
35 0.415713
36 0.415713
37 0.415713
38 0.415713
39 0.415713
40 0.415713
41 0.415713
42 0.415713
43 0.415713
44 0.415713
45 0.415713
46 0.415713
47 0.422757
48 0.422757
