0 0
1 0.451333
2 0.451333
3 0.451333
4 0.451333
5 0.451333
6 0.451333
7 0.451333
8 0.45
9 0.45
10 0.45
11 0.45
12 0.45
13 0.45
14 0.45
15 0.454667
16 0.454667
17 0.454667
18 0.454667
19 0.454667
20 0.454667
21 0.454667
22 0.454667
23 0.454667
24 0.454667
25 0.454667
26 0.454667
27 0.454667
28 0.454667
29 0.454
30 0.454
31 0.454
32 0.454
33 0.454
34 0.454
35 0.454
36 0.454
37 0.456
38 0.456
39 0.456
40 0.456
41 0.456
42 0.456
43 0.456
44 0.456
45 0.456
46 0.456
47 0.456
48 0.456
49 0.456
50 0.456
51 0.456
52 0.452667
53 0.452667
54 0.452667
55 0.452667
56 0.454
57 0.454
58 0.454
59 0.454
60 0.454
61 0.454
62 0.454
63 0.454
64 0.454
65 0.454
66 0.457333
67 0.457333
68 0.457333
69 0.457333
70 0.457333
71 0.457333
72 0.457333
73 0.457333
74 0.457333
75 0.457333
76 0.457333
77 0.457333
78 0.457333
79 0.457333
80 0.457333
81 0.457333
