0 0
1 0.504611
2 0.504611
3 0.504611
4 0.504611
5 0.504611
6 0.504611
7 0.504743
8 0.504611
9 0.504611
10 0.506851
11 0.509486
12 0.509486
13 0.509486
14 0.509486
15 0.509486
16 0.509486
17 0.509486
18 0.510145
19 0.510145
20 0.510145
21 0.510145
22 0.510145
23 0.510145
24 0.510145
25 0.510145
26 0.510145
27 0.510145
28 0.510145
29 0.510145
30 0.510145
31 0.500791
32 0.500791
33 0.500791
34 0.500791
35 0.500791
36 0.500791
37 0.500791
38 0.500791
39 0.500791
40 0.500791
41 0.500791
42 0.500791
43 0.500791
44 0.500791
45 0.500791
46 0.500791
47 0.500791
48 0.500791
49 0.500791
50 0.500791
51 0.500791
52 0.500791
53 0.500791
54 0.500791
55 0.500791
56 0.500791
57 0.500791
58 0.500791
59 0.500791
60 0.500264
61 0.500264
62 0.500264
63 0.500264
64 0.500264
65 0.500264
66 0.500264
67 0.500264
68 0.500264
69 0.500264
70 0.500264
71 0.500264
72 0.500264
73 0.500264
74 0.500264
75 0.500264
76 0.499736
77 0.499736
78 0.499736
79 0.499736
80 0.499736
81 0.499736
82 0.500264
83 0.500264
84 0.500264
85 0.500264
86 0.500264
87 0.500264
88 0.500264
89 0.500264
90 0.500264
91 0.500264
92 0.500264
93 0.500264
94 0.500264
95 0.500264
96 0.500264
