0 0
1 0.182006
2 0.200774
3 0.220022
4 0.208886
5 0.208886
6 0.222013
7 0.194027
8 0.194027
9 0.194027
10 0.205457
11 0.190708
12 0.190708
13 0.190708
14 0.185398
15 0.185398
16 0.185398
17 0.192367
18 0.193473
19 0.20413
20 0.20413
21 0.20413
22 0.20413
23 0.206674
24 0.206674
25 0.206674
26 0.206674
27 0.201917
28 0.201917
29 0.201917
30 0.201917
31 0.201917
32 0.201917
33 0.201917
34 0.201917
35 0.201917
36 0.206342
37 0.205457
38 0.205457
39 0.205457
40 0.205457
41 0.205457
42 0.205457
43 0.205457
44 0.205457
45 0.205457
46 0.205457
47 0.205457
48 0.205457
49 0.205457
