0 0
1 0.50448
2 0.50448
3 0.50448
4 0.50448
5 0.50448
6 0.50448
7 0.50448
8 0.50448
9 0.50448
10 0.508827
11 0.508827
12 0.508827
13 0.508827
14 0.493149
15 0.493149
16 0.493149
17 0.493149
18 0.493149
19 0.493149
20 0.512516
21 0.512516
22 0.50751
23 0.50751
24 0.50751
25 0.50751
26 0.50751
27 0.50751
28 0.509486
29 0.509486
30 0.509486
31 0.509486
32 0.509486
33 0.509486
34 0.510145
35 0.510145
36 0.510145
37 0.510145
38 0.510145
39 0.510145
40 0.510145
41 0.510145
42 0.510145
43 0.510145
44 0.510145
45 0.510145
46 0.510145
47 0.510145
48 0.510145
49 0.510145
50 0.510145
51 0.510145
52 0.494598
53 0.494598
54 0.502767
55 0.502767
56 0.502767
57 0.502767
58 0.502767
59 0.505138
60 0.505138
61 0.505138
62 0.505138
63 0.505138
64 0.505138
65 0.505138
66 0.501449
67 0.501449
68 0.501449
69 0.501449
70 0.501449
71 0.501449
72 0.501449
73 0.501449
