0 0
1 0.386522
2 0.386454
3 0.386454
4 0.38741
5 0.386454
6 0.386454
7 0.386454
8 0.386454
9 0.386454
10 0.386454
11 0.386454
12 0.386454
13 0.386454
14 0.430253
15 0.430253
16 0.430253
17 0.430253
18 0.430253
19 0.430253
20 0.430253
21 0.430253
22 0.430253
23 0.430253
24 0.430253
25 0.430253
26 0.430253
27 0.430253
28 0.4059
29 0.4059
30 0.4059
31 0.4059
32 0.4059
33 0.4059
34 0.4059
35 0.424082
36 0.424082
37 0.415713
38 0.415713
39 0.415713
40 0.415713
41 0.415713
42 0.415713
43 0.415713
44 0.415713
45 0.419205
46 0.419205
47 0.426069
48 0.426069
49 0.426069
