0 0
1 0.393256
2 0.393256
3 0.393256
4 0.393256
5 0.393256
6 0.393256
7 0.393256
8 0.393256
9 0.393256
10 0.393256
11 0.393256
12 0.393256
13 0.393256
14 0.393256
15 0.404328
16 0.404328
17 0.404216
18 0.404216
19 0.404413
20 0.37897
21 0.37897
22 0.37897
23 0.37897
24 0.421907
25 0.421907
26 0.421907
27 0.421907
28 0.421907
29 0.421907
30 0.421907
31 0.421907
32 0.421907
33 0.421907
34 0.421907
35 0.421907
36 0.421907
37 0.421907
38 0.421907
39 0.421907
40 0.421907
41 0.421907
42 0.421907
43 0.421907
44 0.409949
45 0.409949
46 0.40691
47 0.40691
48 0.40691
49 0.40691
50 0.40691
51 0.40691
52 0.410934
53 0.410934
54 0.410934
55 0.410934
56 0.410934
57 0.410934
58 0.410934
59 0.410934
60 0.410934
61 0.410934
62 0.410934
63 0.414648
64 0.414648
65 0.414648
66 0.414648
