0 0
1 0.473566
2 0.474685
3 0.474685
4 0.474685
5 0.474685
6 0.474685
7 0.474685
8 0.474685
9 0.474685
10 0.474685
11 0.474685
12 0.474685
13 0.474685
14 0.479161
15 0.479161
16 0.479161
17 0.479161
18 0.479161
19 0.479161
20 0.479161
21 0.479161
22 0.479161
23 0.479161
24 0.479161
25 0.479161
26 0.479161
27 0.479161
28 0.481399
29 0.481399
30 0.481399
31 0.481399
32 0.481399
33 0.481399
34 0.481399
35 0.481818
36 0.481818
37 0.481958
38 0.481958
39 0.481958
40 0.481958
41 0.481958
42 0.481958
43 0.481958
44 0.481958
45 0.481958
46 0.481958
47 0.482098
48 0.482098
49 0.482098
