0 0
1 0.333111
2 0.331336
3 0.331336
4 0.332982
5 0.331336
6 0.331336
7 0.331336
8 0.331336
9 0.331336
10 0.331336
11 0.331336
12 0.331336
13 0.331336
14 0.395154
15 0.395154
16 0.395154
17 0.395154
18 0.395154
19 0.395154
20 0.395154
21 0.395154
22 0.395154
23 0.395154
24 0.395154
25 0.395154
26 0.395154
27 0.395154
28 0.35768
29 0.35768
30 0.35768
31 0.35768
32 0.35768
33 0.35768
34 0.35768
35 0.386109
36 0.386109
37 0.371811
38 0.371811
39 0.371811
40 0.371811
41 0.371811
42 0.371811
43 0.371811
44 0.371811
45 0.378564
46 0.378564
47 0.388068
48 0.388068
49 0.388068
