0 0
1 0.406389
2 0.406389
3 0.406389
4 0.406389
5 0.406389
6 0.406389
7 0.406389
8 0.41545
9 0.38741
10 0.38741
11 0.38741
12 0.38741
13 0.386454
14 0.386454
15 0.430253
16 0.430253
17 0.430253
18 0.430253
19 0.430253
20 0.430253
21 0.430253
22 0.430253
23 0.430253
24 0.430253
25 0.430253
26 0.430253
27 0.430253
28 0.430253
29 0.415021
30 0.415021
31 0.415021
32 0.415021
33 0.415021
34 0.415021
35 0.415021
36 0.415021
37 0.419416
38 0.419416
39 0.419416
40 0.419416
41 0.419416
42 0.419416
43 0.419416
44 0.419416
45 0.419416
46 0.419416
47 0.419416
48 0.419416
49 0.419416
50 0.419416
51 0.419416
52 0.419326
53 0.419326
54 0.419326
55 0.419326
56 0.416797
57 0.416797
58 0.416797
59 0.415713
60 0.415713
61 0.415713
62 0.415713
63 0.415713
64 0.415713
65 0.415713
66 0.424443
67 0.424443
68 0.424443
69 0.424443
70 0.424443
71 0.424443
72 0.424443
73 0.424443
74 0.424443
75 0.424443
76 0.424443
77 0.424443
78 0.424443
79 0.424443
80 0.424443
81 0.424443
