0 0
1 0.502558
2 0.502558
3 0.502558
4 0.502558
5 0.502558
6 0.502558
7 0.502558
8 0.502558
9 0.502558
10 0.504561
11 0.510456
12 0.510456
13 0.510456
14 0.510456
15 0.510456
16 0.510456
17 0.510456
18 0.510679
19 0.510679
20 0.510679
21 0.510679
22 0.510679
23 0.510679
24 0.510679
25 0.510679
26 0.510679
27 0.510679
28 0.510679
29 0.510679
30 0.510679
31 0.505562
32 0.505562
33 0.505562
34 0.505562
35 0.505562
36 0.505562
37 0.505562
38 0.505562
39 0.505562
40 0.505562
41 0.505562
42 0.505562
43 0.505562
44 0.505562
45 0.505562
46 0.505562
47 0.505562
48 0.505562
49 0.505562
50 0.505562
51 0.505562
52 0.505562
53 0.505562
54 0.505562
55 0.505562
56 0.505562
57 0.505562
58 0.505562
59 0.505562
60 0.505117
61 0.505117
62 0.505117
63 0.505117
64 0.505117
65 0.505117
66 0.505117
67 0.505117
68 0.505117
69 0.505117
70 0.505117
71 0.505117
72 0.505117
73 0.505117
74 0.505117
75 0.505117
76 0.505117
77 0.505117
78 0.505117
79 0.505117
80 0.505117
81 0.505117
82 0.504894
83 0.505117
84 0.505117
85 0.505117
86 0.505117
87 0.505117
88 0.505117
89 0.505117
90 0.505117
91 0.505117
92 0.505117
93 0.505117
94 0.505117
95 0.505117
96 0.505117
