0 0
1 0.39086
2 0.394738
3 0.397526
4 0.396016
5 0.396016
6 0.397686
7 0.404328
8 0.404328
9 0.404328
10 0.395749
11 0.406577
12 0.406577
13 0.406577
14 0.40849
15 0.40849
16 0.40849
17 0.406101
18 0.406441
19 0.421907
20 0.421907
21 0.421907
22 0.421907
23 0.406732
24 0.406732
25 0.406732
26 0.406732
27 0.398075
28 0.398075
29 0.398075
30 0.398075
31 0.398075
32 0.398075
33 0.398075
34 0.398075
35 0.398075
36 0.405897
37 0.414648
38 0.414648
39 0.414648
40 0.414648
41 0.414648
42 0.414648
43 0.414648
44 0.414648
45 0.414648
46 0.414648
47 0.414648
48 0.414648
49 0.414648
