0 0
1 0.497219
2 0.497219
3 0.511012
4 0.51079
5 0.510456
6 0.510456
7 0.510679
8 0.510679
9 0.510679
10 0.510679
11 0.510679
12 0.510679
13 0.510679
14 0.510679
15 0.510679
16 0.510679
17 0.510679
18 0.510679
19 0.51168
20 0.504783
21 0.504783
22 0.504783
23 0.504783
24 0.504783
25 0.504783
26 0.504783
27 0.505228
28 0.505228
29 0.505228
30 0.504449
31 0.504449
32 0.504449
33 0.504449
34 0.504449
35 0.504449
36 0.504449
37 0.504449
38 0.504449
39 0.504449
40 0.504449
41 0.504449
42 0.504449
43 0.504449
44 0.504449
45 0.50901
46 0.50901
47 0.50901
48 0.50901
49 0.50901
50 0.50901
51 0.50901
52 0.508676
53 0.508676
54 0.508676
55 0.508676
56 0.508676
57 0.508676
58 0.508676
59 0.508676
60 0.508676
61 0.508676
62 0.508676
63 0.508676
64 0.508676
65 0.508676
66 0.510011
67 0.510011
68 0.507564
