0 0
1 0.451333
2 0.451333
3 0.451333
4 0.451333
5 0.451333
6 0.451333
7 0.451333
8 0.45
9 0.45
10 0.45
11 0.45
12 0.45
13 0.45
14 0.455333
15 0.455333
16 0.455333
17 0.455333
18 0.455333
19 0.455333
20 0.455333
21 0.455333
22 0.455333
23 0.455333
24 0.454667
25 0.454667
26 0.453333
27 0.453333
28 0.453333
29 0.453333
30 0.453333
31 0.453333
32 0.454
33 0.454
34 0.454
35 0.454
36 0.454
37 0.454
38 0.454
39 0.454
40 0.454
41 0.454
42 0.454
43 0.454
44 0.454
45 0.454
46 0.454
47 0.448667
48 0.448667
