0 0
1 0.468951
2 0.468951
3 0.468951
4 0.468951
5 0.468951
6 0.468951
7 0.468951
8 0.468951
9 0.468951
10 0.468951
11 0.468951
12 0.468951
13 0.468951
14 0.468951
15 0.46993
16 0.46993
17 0.46993
18 0.46993
19 0.47021
20 0.474685
21 0.474685
22 0.474685
23 0.474685
24 0.47972
25 0.47972
26 0.47972
27 0.47972
28 0.47972
29 0.47972
30 0.47972
31 0.47972
32 0.47972
33 0.47972
34 0.47972
35 0.47972
36 0.47972
37 0.47972
38 0.47972
39 0.47972
40 0.47972
41 0.47972
42 0.47972
43 0.47972
44 0.480559
45 0.480559
46 0.481958
47 0.481958
48 0.481958
49 0.481958
50 0.481958
51 0.481958
52 0.482378
53 0.482378
54 0.482378
55 0.482378
56 0.482378
57 0.482378
58 0.482378
59 0.482378
60 0.482378
61 0.482378
62 0.482378
63 0.484056
64 0.484056
65 0.484056
66 0.484056
