0 0
1 0.450667
2 0.451333
3 0.450667
4 0.450667
5 0.450667
6 0.450667
7 0.450667
8 0.450667
9 0.450667
10 0.452
11 0.465333
12 0.465333
13 0.465333
14 0.466
15 0.466
16 0.466
17 0.464
18 0.465333
19 0.455333
20 0.455333
21 0.455333
22 0.455333
23 0.454
24 0.454
25 0.454
26 0.454
27 0.453333
28 0.453333
29 0.453333
30 0.453333
31 0.453333
32 0.453333
33 0.453333
34 0.453333
35 0.453333
36 0.454
37 0.458
38 0.458
39 0.458
40 0.458
41 0.458
42 0.458
43 0.458
44 0.458
45 0.458
46 0.458
47 0.458
48 0.458
49 0.458
