0 0
1 0.190081
2 0.190081
3 0.190081
4 0.190081
5 0.190081
6 0.190081
7 0.190081
8 0.156674
9 0.212168
10 0.212168
11 0.212168
12 0.212168
13 0.201475
14 0.201475
15 0.203687
16 0.203687
17 0.203687
18 0.203687
19 0.203687
20 0.203687
21 0.203687
22 0.203687
23 0.203687
24 0.203687
25 0.203687
26 0.203687
27 0.203687
28 0.203687
29 0.201032
30 0.201032
31 0.201032
32 0.201032
33 0.201032
34 0.201032
35 0.201032
36 0.201032
37 0.196608
38 0.196608
39 0.196608
40 0.196608
41 0.196608
42 0.196608
43 0.196608
44 0.196608
45 0.196608
46 0.196608
47 0.196608
48 0.196608
49 0.196608
50 0.196608
51 0.196608
52 0.197493
53 0.197493
54 0.197493
55 0.197493
56 0.201032
57 0.201032
58 0.201032
59 0.204572
60 0.204572
61 0.204572
62 0.204572
63 0.204572
64 0.204572
65 0.204572
66 0.2059
67 0.2059
68 0.2059
69 0.2059
70 0.2059
71 0.2059
72 0.2059
73 0.2059
74 0.2059
75 0.2059
76 0.2059
77 0.2059
78 0.2059
79 0.2059
80 0.2059
81 0.2059
