0 0
1 0.394738
2 0.393256
3 0.393256
4 0.393256
5 0.393256
6 0.393256
7 0.393256
8 0.393256
9 0.393256
10 0.396298
11 0.396298
12 0.396298
13 0.396298
14 0.37897
15 0.37897
16 0.37897
17 0.37897
18 0.37897
19 0.37897
20 0.4179
21 0.4179
22 0.405599
23 0.405599
24 0.405599
25 0.405599
26 0.405599
27 0.405599
28 0.421373
29 0.421373
30 0.421373
31 0.421373
32 0.421373
33 0.421373
34 0.421907
35 0.421907
36 0.421907
37 0.421907
38 0.421907
39 0.421907
40 0.421907
41 0.421907
42 0.421907
43 0.421907
44 0.421907
45 0.421907
46 0.421907
47 0.421907
48 0.421907
49 0.421907
50 0.421907
51 0.421907
52 0.404401
53 0.404401
54 0.398075
55 0.398075
56 0.398075
57 0.398075
58 0.398075
59 0.418249
60 0.418249
61 0.418249
62 0.418249
63 0.418249
64 0.418249
65 0.418249
66 0.40691
67 0.40691
68 0.40691
69 0.40691
70 0.40691
71 0.40691
72 0.40691
73 0.40691
