0 0
1 0.393256
2 0.393256
3 0.393256
4 0.393256
5 0.393256
6 0.393256
7 0.393256
8 0.401531
9 0.380452
10 0.380452
11 0.380452
12 0.380452
13 0.37897
14 0.37897
15 0.421373
16 0.421373
17 0.421373
18 0.421373
19 0.421373
20 0.421373
21 0.421373
22 0.421373
23 0.421373
24 0.421373
25 0.421373
26 0.421373
27 0.421373
28 0.421373
29 0.407304
30 0.407304
31 0.407304
32 0.407304
33 0.407304
34 0.407304
35 0.407304
36 0.407304
37 0.409949
38 0.409949
39 0.409949
40 0.409949
41 0.409949
42 0.409949
43 0.409949
44 0.409949
45 0.409949
46 0.409949
47 0.409949
48 0.409949
49 0.409949
50 0.409949
51 0.409949
52 0.410061
53 0.410061
54 0.410061
55 0.410061
56 0.407585
57 0.407585
58 0.407585
59 0.40691
60 0.40691
61 0.40691
62 0.40691
63 0.40691
64 0.40691
65 0.40691
66 0.41431
67 0.41431
68 0.41431
69 0.41431
70 0.41431
71 0.41431
72 0.41431
73 0.41431
74 0.41431
75 0.41431
76 0.41431
77 0.41431
78 0.41431
79 0.41431
80 0.41431
81 0.41431
