0 0
1 0.392907
2 0.392907
3 0.39286
4 0.39286
5 0.392926
6 0.392926
7 0.393066
8 0.392879
9 0.392879
10 0.395092
11 0.421373
12 0.421373
13 0.421373
14 0.421373
15 0.421373
16 0.421373
17 0.421373
18 0.421907
19 0.421907
20 0.421907
21 0.421907
22 0.421907
23 0.421907
24 0.421907
25 0.421907
26 0.421907
27 0.421907
28 0.421907
29 0.421907
30 0.421907
31 0.406732
32 0.406732
33 0.406732
34 0.406732
35 0.406732
36 0.406732
37 0.406732
38 0.406732
39 0.406732
40 0.406732
41 0.406732
42 0.406732
43 0.406732
44 0.406732
45 0.406732
46 0.406732
47 0.406732
48 0.406732
49 0.406732
50 0.406732
51 0.406732
52 0.406732
53 0.406732
54 0.406732
55 0.406732
56 0.406732
57 0.406732
58 0.406732
59 0.406732
60 0.406479
61 0.406479
62 0.406479
63 0.406479
64 0.406479
65 0.406479
66 0.406647
67 0.406647
68 0.406647
69 0.406647
70 0.406647
71 0.406647
72 0.406647
73 0.406647
74 0.406647
75 0.406647
76 0.40638
77 0.40638
78 0.40638
79 0.40638
80 0.40638
81 0.40638
82 0.406422
83 0.406619
84 0.406619
85 0.406619
86 0.406619
87 0.406619
88 0.406619
89 0.406619
90 0.406619
91 0.406619
92 0.406619
93 0.406619
94 0.406619
95 0.406619
96 0.406619
