0 0
1 0.188754
2 0.188754
3 0.188754
4 0.188754
5 0.188754
6 0.188754
7 0.188754
8 0.188311
9 0.188311
10 0.206895
11 0.203687
12 0.203687
13 0.203687
14 0.203687
15 0.203687
16 0.203687
17 0.203687
18 0.20413
19 0.20413
20 0.20413
21 0.20413
22 0.20413
23 0.20413
24 0.20413
25 0.20413
26 0.20413
27 0.20413
28 0.20413
29 0.20413
30 0.20413
31 0.206674
32 0.206674
33 0.206674
34 0.206674
35 0.206674
36 0.206674
37 0.206674
38 0.206674
39 0.206674
40 0.206674
41 0.206674
42 0.206674
43 0.206674
44 0.206674
45 0.206674
46 0.206674
47 0.206674
48 0.206674
49 0.206674
50 0.206674
51 0.206674
52 0.206674
53 0.206674
54 0.206674
55 0.206674
56 0.206674
57 0.206674
58 0.206674
59 0.206674
60 0.201254
61 0.201254
62 0.201254
63 0.201254
64 0.201254
65 0.201254
66 0.201254
67 0.201254
68 0.201254
69 0.201254
70 0.201254
71 0.201254
72 0.201254
73 0.201254
74 0.201254
75 0.201254
76 0.200811
77 0.200811
78 0.200811
79 0.200811
80 0.200811
81 0.200811
82 0.200811
83 0.200811
84 0.200811
85 0.200811
86 0.200811
87 0.200811
88 0.200811
89 0.200811
90 0.200811
91 0.200811
92 0.200811
93 0.200811
94 0.200811
95 0.200811
96 0.200811
97 0.200811
