0 0
1 0.50448
2 0.50448
3 0.50448
4 0.50448
5 0.50448
6 0.50448
7 0.50448
8 0.50448
9 0.50448
10 0.50448
11 0.50448
12 0.50448
13 0.50448
14 0.50448
15 0.511462
16 0.511462
17 0.511331
18 0.511331
19 0.511331
20 0.493149
21 0.493149
22 0.493149
23 0.493149
24 0.510145
25 0.510145
26 0.510145
27 0.510145
28 0.510145
29 0.510145
30 0.510145
31 0.510145
32 0.510145
33 0.510145
34 0.510145
35 0.510145
36 0.510145
37 0.510145
38 0.510145
39 0.510145
40 0.510145
41 0.510145
42 0.510145
43 0.510145
44 0.498155
45 0.498155
46 0.501449
47 0.501449
48 0.501449
49 0.501449
50 0.501449
51 0.501449
52 0.505797
53 0.505797
54 0.505797
55 0.505797
56 0.505797
57 0.505797
58 0.505797
59 0.505797
60 0.505797
61 0.505797
62 0.505797
63 0.501845
64 0.501845
65 0.501845
66 0.501845
