0 0
1 0.212021
2 0.201475
3 0.201475
4 0.212168
5 0.201475
6 0.201475
7 0.201475
8 0.201475
9 0.201475
10 0.201475
11 0.201475
12 0.201475
13 0.201475
14 0.203687
15 0.203687
16 0.203687
17 0.203687
18 0.203687
19 0.203687
20 0.203687
21 0.203687
22 0.203687
23 0.203687
24 0.203687
25 0.203687
26 0.203687
27 0.203687
28 0.201917
29 0.201917
30 0.201917
31 0.201917
32 0.201917
33 0.201917
34 0.201917
35 0.203245
36 0.203245
37 0.204572
38 0.204572
39 0.204572
40 0.204572
41 0.204572
42 0.204572
43 0.204572
44 0.204572
45 0.203687
46 0.203687
47 0.205015
48 0.205015
49 0.205015
