0 0
1 0.362005
2 0.362005
3 0.362005
4 0.362005
5 0.362005
6 0.362005
7 0.362005
8 0.375076
9 0.332982
10 0.332982
11 0.332982
12 0.332982
13 0.331336
14 0.331336
15 0.395154
16 0.395154
17 0.395154
18 0.395154
19 0.395154
20 0.395154
21 0.395154
22 0.395154
23 0.395154
24 0.395154
25 0.395154
26 0.395154
27 0.395154
28 0.395154
29 0.374854
30 0.374854
31 0.374854
32 0.374854
33 0.374854
34 0.374854
35 0.374854
36 0.374854
37 0.381607
38 0.381607
39 0.381607
40 0.381607
41 0.381607
42 0.381607
43 0.381607
44 0.381607
45 0.381607
46 0.381607
47 0.381607
48 0.381607
49 0.381607
50 0.381607
51 0.381607
52 0.381357
53 0.381357
54 0.381357
55 0.381357
56 0.376688
57 0.376688
58 0.376688
59 0.371811
60 0.371811
61 0.371811
62 0.371811
63 0.371811
64 0.371811
65 0.371811
66 0.387359
67 0.387359
68 0.387359
69 0.387359
70 0.387359
71 0.387359
72 0.387359
73 0.387359
74 0.387359
75 0.387359
76 0.387359
77 0.387359
78 0.387359
79 0.387359
80 0.387359
81 0.387359
