0 0
1 0.406111
2 0.406111
3 0.406171
4 0.406171
5 0.406081
6 0.406081
7 0.406141
8 0.406051
9 0.406051
10 0.408986
11 0.430253
12 0.430253
13 0.430253
14 0.430253
15 0.430253
16 0.430253
17 0.430253
18 0.431156
19 0.431156
20 0.431156
21 0.431156
22 0.431156
23 0.431156
24 0.431156
25 0.431156
26 0.431156
27 0.431156
28 0.431156
29 0.431156
30 0.431156
31 0.415059
32 0.415059
33 0.415059
34 0.415059
35 0.415059
36 0.415059
37 0.415059
38 0.415059
39 0.415059
40 0.415059
41 0.415059
42 0.415059
43 0.415059
44 0.415059
45 0.415059
46 0.415059
47 0.415059
48 0.415059
49 0.415059
50 0.415059
51 0.415059
52 0.415059
53 0.415059
54 0.415059
55 0.415059
56 0.415059
57 0.415059
58 0.415059
59 0.415059
60 0.414065
61 0.414065
62 0.414065
63 0.414065
64 0.414065
65 0.414065
66 0.414095
67 0.414095
68 0.414095
69 0.414095
70 0.414095
71 0.414095
72 0.414095
73 0.414095
74 0.414095
75 0.414095
76 0.413554
77 0.413554
78 0.413554
79 0.413554
80 0.413554
81 0.413554
82 0.41384
83 0.41387
84 0.41387
85 0.41387
86 0.41387
87 0.41387
88 0.41387
89 0.41387
90 0.41387
91 0.41387
92 0.41387
93 0.41387
94 0.41387
95 0.41387
96 0.41387
