0 0
1 0.502558
2 0.502558
3 0.502558
4 0.502558
5 0.502558
6 0.502558
7 0.502558
8 0.502558
9 0.502558
10 0.504227
11 0.504227
12 0.504227
13 0.504227
14 0.497219
15 0.497219
16 0.497219
17 0.497219
18 0.497219
19 0.497219
20 0.515795
21 0.515795
22 0.509121
23 0.509121
24 0.509121
25 0.509121
26 0.509121
27 0.509121
28 0.510456
29 0.510456
30 0.510456
31 0.510456
32 0.510456
33 0.510456
34 0.510679
35 0.510679
36 0.510679
37 0.510679
38 0.510679
39 0.510679
40 0.510679
41 0.510679
42 0.510679
43 0.510679
44 0.510679
45 0.510679
46 0.510679
47 0.510679
48 0.510679
49 0.510679
50 0.510679
51 0.510679
52 0.498776
53 0.498776
54 0.506007
55 0.506007
56 0.506007
57 0.506007
58 0.506007
59 0.507119
60 0.507119
61 0.507119
62 0.507119
63 0.507119
64 0.507119
65 0.507119
66 0.50901
67 0.50901
68 0.50901
69 0.50901
70 0.50901
71 0.50901
72 0.50901
73 0.50901
