0 0
1 0.45
2 0.45
3 0.45
4 0.45
5 0.45
6 0.45
7 0.45
8 0.45
9 0.45
10 0.45
11 0.45
12 0.45
13 0.45
14 0.454667
15 0.454667
16 0.454667
17 0.454667
18 0.454667
19 0.454667
20 0.454667
21 0.454667
22 0.454667
23 0.454667
24 0.454667
25 0.454667
26 0.454667
27 0.454667
28 0.453333
29 0.453333
30 0.453333
31 0.453333
32 0.453333
33 0.453333
34 0.453333
35 0.458
36 0.458
37 0.454
38 0.454
39 0.454
40 0.454
41 0.454
42 0.454
43 0.454
44 0.454
45 0.457333
46 0.457333
47 0.449333
48 0.449333
49 0.449333
