0 0
1 0.393256
2 0.393256
3 0.393256
4 0.393256
5 0.393256
6 0.393256
7 0.393256
8 0.380452
9 0.380452
10 0.380452
11 0.37897
12 0.37897
13 0.37897
14 0.421907
15 0.421907
16 0.421907
17 0.421907
18 0.421907
19 0.421907
20 0.421907
21 0.421907
22 0.421907
23 0.421907
24 0.421598
25 0.421598
26 0.398075
27 0.398075
28 0.398075
29 0.398075
30 0.398075
31 0.398075
32 0.40691
33 0.40691
34 0.40691
35 0.40691
36 0.40691
37 0.40691
38 0.40691
39 0.40691
40 0.40691
41 0.40691
42 0.40691
43 0.40691
44 0.40691
45 0.40691
46 0.40691
47 0.415211
48 0.415211
