0 0
1 0.468951
2 0.468951
3 0.468951
4 0.468951
5 0.468951
6 0.468951
7 0.468951
8 0.468951
9 0.468951
10 0.469231
11 0.469231
12 0.469231
13 0.469231
14 0.474685
15 0.474685
16 0.474685
17 0.474685
18 0.474685
19 0.474685
20 0.475664
21 0.475664
22 0.478322
23 0.478322
24 0.478322
25 0.478322
26 0.478322
27 0.478322
28 0.479161
29 0.479161
30 0.479161
31 0.479161
32 0.479161
33 0.479161
34 0.47972
35 0.47972
36 0.47972
37 0.47972
38 0.47972
39 0.47972
40 0.47972
41 0.47972
42 0.47972
43 0.47972
44 0.47972
45 0.47972
46 0.47972
47 0.47972
48 0.47972
49 0.47972
50 0.47972
51 0.47972
52 0.48
53 0.48
54 0.481399
55 0.481399
56 0.481399
57 0.481399
58 0.481399
59 0.481818
60 0.481818
61 0.481818
62 0.481818
63 0.481818
64 0.481818
65 0.481818
66 0.481958
67 0.481958
68 0.481958
69 0.481958
70 0.481958
71 0.481958
72 0.481958
73 0.481958
