0 0
1 0.201475
2 0.201475
3 0.20059
4 0.203245
5 0.203687
6 0.203687
7 0.20413
8 0.20413
9 0.20413
10 0.20413
11 0.20413
12 0.20413
13 0.20413
14 0.20413
15 0.20413
16 0.20413
17 0.20413
18 0.20413
19 0.205015
20 0.201032
21 0.201032
22 0.201032
23 0.201032
24 0.201032
25 0.201032
26 0.201032
27 0.202802
28 0.202802
29 0.202802
30 0.197493
31 0.197493
32 0.197493
33 0.197493
34 0.197493
35 0.197493
36 0.197493
37 0.197493
38 0.197493
39 0.197493
40 0.197493
41 0.197493
42 0.197493
43 0.197493
44 0.197493
45 0.204572
46 0.204572
47 0.204572
48 0.204572
49 0.204572
50 0.204572
51 0.204572
52 0.203245
53 0.203245
54 0.203245
55 0.203245
56 0.203245
57 0.203245
58 0.203245
59 0.203245
60 0.203245
61 0.203245
62 0.203245
63 0.203245
64 0.203245
65 0.203245
66 0.203687
67 0.203687
68 0.2059
