0 0
1 0.451333
2 0.451333
3 0.451333
4 0.451333
5 0.451333
6 0.451333
7 0.451333
8 0.451333
9 0.451333
10 0.451333
11 0.451333
12 0.451333
13 0.451333
14 0.45
15 0.45
16 0.45
17 0.45
18 0.45
19 0.45
20 0.452667
21 0.452667
22 0.454667
23 0.454667
24 0.454667
25 0.454667
26 0.454667
27 0.454667
28 0.454667
29 0.454667
30 0.454667
31 0.454667
32 0.454667
33 0.454667
34 0.455333
35 0.455333
36 0.455333
37 0.455333
38 0.455333
39 0.455333
40 0.455333
41 0.455333
42 0.455333
43 0.455333
44 0.455333
45 0.455333
46 0.455333
47 0.455333
48 0.455333
49 0.455333
50 0.455333
51 0.455333
52 0.451333
53 0.451333
54 0.453333
55 0.453333
56 0.453333
57 0.453333
58 0.453333
59 0.452
60 0.452
61 0.452
62 0.452
63 0.452
64 0.452
65 0.452
66 0.454
67 0.454
68 0.454
69 0.454
70 0.454
71 0.454
72 0.454
73 0.454
