0 0
1 0.502558
2 0.502558
3 0.502558
4 0.502558
5 0.502558
6 0.502558
7 0.502558
8 0.502558
9 0.502558
10 0.502558
11 0.502558
12 0.502558
13 0.502558
14 0.502558
15 0.5099
16 0.5099
17 0.509677
18 0.509677
19 0.5099
20 0.497219
21 0.497219
22 0.497219
23 0.497219
24 0.510679
25 0.510679
26 0.510679
27 0.510679
28 0.510679
29 0.510679
30 0.510679
31 0.510679
32 0.510679
33 0.510679
34 0.510679
35 0.510679
36 0.510679
37 0.510679
38 0.510679
39 0.510679
40 0.510679
41 0.510679
42 0.510679
43 0.510679
44 0.504449
45 0.504449
46 0.50901
47 0.50901
48 0.50901
49 0.50901
50 0.50901
51 0.50901
52 0.508788
53 0.508788
54 0.508788
55 0.508788
56 0.508788
57 0.508788
58 0.508788
59 0.508788
60 0.508788
61 0.508788
62 0.508788
63 0.506674
64 0.506674
65 0.506674
66 0.506674
