0 0
1 0.404282
2 0.407315
3 0.41104
4 0.40964
5 0.40964
6 0.411266
7 0.41478
8 0.41478
9 0.41478
10 0.409008
11 0.420312
12 0.420312
13 0.420312
14 0.42272
15 0.42272
16 0.42272
17 0.419341
18 0.421425
19 0.431156
20 0.431156
21 0.431156
22 0.431156
23 0.415059
24 0.415059
25 0.415059
26 0.415059
27 0.4059
28 0.4059
29 0.4059
30 0.4059
31 0.4059
32 0.4059
33 0.4059
34 0.4059
35 0.4059
36 0.413095
37 0.4236
38 0.4236
39 0.4236
40 0.4236
41 0.4236
42 0.4236
43 0.4236
44 0.4236
45 0.4236
46 0.4236
47 0.4236
48 0.4236
49 0.4236
