0 0
1 0.50448
2 0.50448
3 0.50448
4 0.50448
5 0.50448
6 0.50448
7 0.50448
8 0.507115
9 0.493149
10 0.493149
11 0.493149
12 0.493149
13 0.493149
14 0.493149
15 0.509486
16 0.509486
17 0.509486
18 0.509486
19 0.509486
20 0.509486
21 0.509486
22 0.509486
23 0.509486
24 0.509486
25 0.509486
26 0.509486
27 0.509486
28 0.509486
29 0.501713
30 0.501713
31 0.501713
32 0.501713
33 0.501713
34 0.501713
35 0.501713
36 0.501713
37 0.498155
38 0.498155
39 0.498155
40 0.498155
41 0.498155
42 0.498155
43 0.498155
44 0.498155
45 0.498155
46 0.498155
47 0.498155
48 0.498155
49 0.498155
50 0.498155
51 0.498155
52 0.499209
53 0.499209
54 0.499209
55 0.499209
56 0.501713
57 0.501713
58 0.501713
59 0.501449
60 0.501449
61 0.501449
62 0.501449
63 0.501449
64 0.501449
65 0.501449
66 0.505665
67 0.505665
68 0.505665
69 0.505665
70 0.505665
71 0.505665
72 0.505665
73 0.505665
74 0.505665
75 0.505665
76 0.505665
77 0.505665
78 0.505665
79 0.505665
80 0.505665
81 0.505665
