0 0
1 0.50448
2 0.50448
3 0.507905
4 0.507773
5 0.507773
6 0.506851
7 0.511462
8 0.511462
9 0.511462
10 0.505929
11 0.51278
12 0.51278
13 0.51278
14 0.514097
15 0.514097
16 0.514097
17 0.513702
18 0.512648
19 0.510145
20 0.510145
21 0.510145
22 0.510145
23 0.500791
24 0.500791
25 0.500791
26 0.500791
27 0.502767
28 0.502767
29 0.502767
30 0.502767
31 0.502767
32 0.502767
33 0.502767
34 0.502767
35 0.502767
36 0.503953
37 0.501845
38 0.501845
39 0.501845
40 0.501845
41 0.501845
42 0.501845
43 0.501845
44 0.501845
45 0.501845
46 0.501845
47 0.501845
48 0.501845
49 0.501845
