0 0
1 0.359938
2 0.36361
3 0.368886
4 0.366281
5 0.366281
6 0.367577
7 0.378668
8 0.378668
9 0.378668
10 0.363704
11 0.386505
12 0.386505
13 0.386505
14 0.387234
15 0.387234
16 0.387234
17 0.384643
18 0.387936
19 0.396071
20 0.396071
21 0.396071
22 0.396071
23 0.374701
24 0.374701
25 0.374701
26 0.374701
27 0.35768
28 0.35768
29 0.35768
30 0.35768
31 0.35768
32 0.35768
33 0.35768
34 0.35768
35 0.35768
36 0.375604
37 0.389569
38 0.389569
39 0.389569
40 0.389569
41 0.389569
42 0.389569
43 0.389569
44 0.389569
45 0.389569
46 0.389569
47 0.389569
48 0.389569
49 0.389569
