0 0
1 0.451333
2 0.451333
3 0.451333
4 0.451333
5 0.451333
6 0.451333
7 0.451333
8 0.451333
9 0.451333
10 0.45
11 0.454667
12 0.454667
13 0.454667
14 0.454667
15 0.454667
16 0.454667
17 0.454667
18 0.455333
19 0.455333
20 0.455333
21 0.455333
22 0.455333
23 0.455333
24 0.455333
25 0.455333
26 0.455333
27 0.455333
28 0.455333
29 0.455333
30 0.455333
31 0.454
32 0.454
33 0.454
34 0.454
35 0.454
36 0.454
37 0.454
38 0.454
39 0.454
40 0.454
41 0.454
42 0.454
43 0.454
44 0.454
45 0.454
46 0.454
47 0.454
48 0.454
49 0.454
50 0.454
51 0.454
52 0.454
53 0.454
54 0.454
55 0.454
56 0.454
57 0.454
58 0.454
59 0.454
60 0.455333
61 0.455333
62 0.455333
63 0.455333
64 0.455333
65 0.455333
66 0.455333
67 0.455333
68 0.455333
69 0.455333
70 0.455333
71 0.455333
72 0.455333
73 0.455333
74 0.455333
75 0.455333
76 0.455333
77 0.455333
78 0.455333
79 0.455333
80 0.455333
81 0.455333
82 0.455333
83 0.455333
84 0.455333
85 0.455333
86 0.455333
87 0.455333
88 0.455333
89 0.455333
90 0.455333
91 0.455333
92 0.455333
93 0.455333
94 0.455333
95 0.455333
96 0.455333
