0 0
1 0.468951
2 0.468951
3 0.468951
4 0.468951
5 0.468951
6 0.468951
7 0.468951
8 0.468951
9 0.468951
10 0.46951
11 0.479161
12 0.479161
13 0.479161
14 0.479161
15 0.479161
16 0.479161
17 0.479161
18 0.47972
19 0.47972
20 0.47972
21 0.47972
22 0.47972
23 0.47972
24 0.47972
25 0.47972
26 0.47972
27 0.47972
28 0.47972
29 0.47972
30 0.47972
31 0.48
32 0.48
33 0.48
34 0.48
35 0.48
36 0.48
37 0.48
38 0.48
39 0.48
40 0.48
41 0.48
42 0.48
43 0.48
44 0.48
45 0.48
46 0.48
47 0.48
48 0.48
49 0.48
50 0.48
51 0.48
52 0.48
53 0.48
54 0.48
55 0.48
56 0.48
57 0.48
58 0.48
59 0.48
60 0.48028
61 0.48028
62 0.48028
63 0.48028
64 0.48028
65 0.48028
66 0.48028
67 0.48028
68 0.48028
69 0.48028
70 0.48028
71 0.48028
72 0.48028
73 0.48028
74 0.48028
75 0.48028
76 0.48028
77 0.48028
78 0.48028
79 0.48028
80 0.48028
81 0.48028
82 0.48028
83 0.48028
84 0.48028
85 0.48028
86 0.48028
87 0.48028
88 0.48028
89 0.48028
90 0.48028
91 0.48028
92 0.48028
93 0.48028
94 0.48028
95 0.48028
96 0.48028
97 0.48028
