0 0
1 0.37897
2 0.37897
3 0.422104
4 0.421541
5 0.421373
6 0.421373
7 0.42216
8 0.421907
9 0.421907
10 0.421907
11 0.421907
12 0.421907
13 0.421907
14 0.421907
15 0.421907
16 0.421907
17 0.421907
18 0.421907
19 0.421935
20 0.407304
21 0.407304
22 0.407304
23 0.407304
24 0.407304
25 0.407304
26 0.407304
27 0.407698
28 0.407698
29 0.407698
30 0.410061
31 0.410061
32 0.410005
33 0.410005
34 0.410005
35 0.410005
36 0.410005
37 0.410005
38 0.410005
39 0.410005
40 0.410005
41 0.410005
42 0.410005
43 0.410005
44 0.410005
45 0.40691
46 0.40691
47 0.40691
48 0.40691
49 0.40691
50 0.40691
51 0.40691
52 0.415211
53 0.415211
54 0.415211
55 0.415211
56 0.415211
57 0.415211
58 0.415211
59 0.415211
60 0.415211
61 0.415211
62 0.415211
63 0.415211
64 0.415211
65 0.415211
66 0.415717
67 0.415717
68 0.41431
