0 0
1 0.502558
2 0.502558
3 0.502558
4 0.502558
5 0.502558
6 0.502558
7 0.502558
8 0.510567
9 0.497219
10 0.497219
11 0.497219
12 0.497219
13 0.497219
14 0.497219
15 0.510456
16 0.510456
17 0.510456
18 0.510456
19 0.510456
20 0.510456
21 0.510456
22 0.510456
23 0.510456
24 0.510456
25 0.510456
26 0.510456
27 0.510456
28 0.510456
29 0.504783
30 0.504783
31 0.504783
32 0.504783
33 0.504783
34 0.504783
35 0.504783
36 0.504783
37 0.504449
38 0.504449
39 0.504449
40 0.504449
41 0.504449
42 0.504449
43 0.504449
44 0.504449
45 0.504449
46 0.504449
47 0.504449
48 0.504449
49 0.504449
50 0.504449
51 0.504449
52 0.504449
53 0.504449
54 0.504449
55 0.504449
56 0.504338
57 0.504338
58 0.504338
59 0.50901
60 0.50901
61 0.50901
62 0.50901
63 0.50901
64 0.50901
65 0.50901
66 0.507564
67 0.507564
68 0.507564
69 0.507564
70 0.507564
71 0.507564
72 0.507564
73 0.507564
74 0.507564
75 0.507564
76 0.507564
77 0.507564
78 0.507564
79 0.507564
80 0.507564
81 0.507564
