0 0
1 0.379994
2 0.37897
3 0.37897
4 0.380452
5 0.37897
6 0.37897
7 0.37897
8 0.37897
9 0.37897
10 0.37897
11 0.37897
12 0.37897
13 0.37897
14 0.421373
15 0.421373
16 0.421373
17 0.421373
18 0.421373
19 0.421373
20 0.421373
21 0.421373
22 0.421373
23 0.421373
24 0.421373
25 0.421373
26 0.421373
27 0.421373
28 0.398075
29 0.398075
30 0.398075
31 0.398075
32 0.398075
33 0.398075
34 0.398075
35 0.413804
36 0.413804
37 0.40691
38 0.40691
39 0.40691
40 0.40691
41 0.40691
42 0.40691
43 0.40691
44 0.40691
45 0.410962
46 0.410962
47 0.417011
48 0.417011
49 0.417011
