0 0
1 0.492622
2 0.493149
3 0.493149
4 0.493149
5 0.493149
6 0.493149
7 0.493149
8 0.493149
9 0.493149
10 0.493149
11 0.493149
12 0.493149
13 0.493149
14 0.509486
15 0.509486
16 0.509486
17 0.509486
18 0.509486
19 0.509486
20 0.509486
21 0.509486
22 0.509486
23 0.509486
24 0.509486
25 0.509486
26 0.509486
27 0.509486
28 0.502767
29 0.502767
30 0.502767
31 0.502767
32 0.502767
33 0.502767
34 0.502767
35 0.508696
36 0.508696
37 0.501449
38 0.501449
39 0.501449
40 0.501449
41 0.501449
42 0.501449
43 0.501449
44 0.501449
45 0.50448
46 0.50448
47 0.507378
48 0.507378
49 0.507378
