0 0
1 0.474685
2 0.474685
3 0.477902
4 0.478881
5 0.479161
6 0.479161
7 0.479441
8 0.47972
9 0.47972
10 0.47972
11 0.47972
12 0.47972
13 0.47972
14 0.47972
15 0.47972
16 0.47972
17 0.47972
18 0.47972
19 0.47972
20 0.48014
21 0.48014
22 0.48014
23 0.48014
24 0.48014
25 0.48014
26 0.48014
27 0.48014
28 0.48014
29 0.48014
30 0.480559
31 0.480559
32 0.480559
33 0.480559
34 0.480559
35 0.480559
36 0.480559
37 0.480559
38 0.480559
39 0.480559
40 0.480559
41 0.480559
42 0.480559
43 0.480559
44 0.480559
45 0.481958
46 0.481958
47 0.481958
48 0.481958
49 0.481958
50 0.481958
51 0.481958
52 0.482517
53 0.482517
54 0.482517
55 0.482517
56 0.482517
57 0.482517
58 0.482517
59 0.482517
60 0.482517
61 0.482517
62 0.482517
63 0.482517
64 0.482517
65 0.482517
66 0.483636
67 0.483636
68 0.483636
