0 0
1 0.190081
2 0.190081
3 0.190081
4 0.190081
5 0.190081
6 0.190081
7 0.190081
8 0.212168
9 0.212168
10 0.212168
11 0.201475
12 0.201475
13 0.201475
14 0.20413
15 0.20413
16 0.20413
17 0.20413
18 0.20413
19 0.20413
20 0.20413
21 0.20413
22 0.20413
23 0.20413
24 0.2059
25 0.2059
26 0.201917
27 0.201917
28 0.201917
29 0.201917
30 0.201917
31 0.201917
32 0.204572
33 0.204572
34 0.204572
35 0.204572
36 0.204572
37 0.204572
38 0.204572
39 0.204572
40 0.204572
41 0.204572
42 0.204572
43 0.204572
44 0.204572
45 0.204572
46 0.204572
47 0.203245
48 0.203245
