0 0
1 0.493149
2 0.493149
3 0.511067
4 0.511067
5 0.509486
6 0.509486
7 0.509881
8 0.510145
9 0.510145
10 0.510145
11 0.510145
12 0.510145
13 0.510145
14 0.510145
15 0.510145
16 0.510145
17 0.510145
18 0.510145
19 0.510804
20 0.501713
21 0.501713
22 0.501713
23 0.501713
24 0.501713
25 0.501713
26 0.501713
27 0.50224
28 0.50224
29 0.50224
30 0.499209
31 0.499209
32 0.499209
33 0.499209
34 0.499209
35 0.499209
36 0.499209
37 0.499209
38 0.499209
39 0.499209
40 0.499209
41 0.499209
42 0.499209
43 0.499209
44 0.499209
45 0.501449
46 0.501449
47 0.501449
48 0.501449
49 0.501449
50 0.501449
51 0.501449
52 0.504743
53 0.504743
54 0.504743
55 0.504743
56 0.504743
57 0.504743
58 0.504743
59 0.504743
60 0.504743
61 0.504743
62 0.504743
63 0.504743
64 0.504743
65 0.504743
66 0.503557
67 0.503557
68 0.505665
