0 0
1 0.331336
2 0.331336
3 0.396071
4 0.396655
5 0.395154
6 0.395154
7 0.396113
8 0.396071
9 0.396071
10 0.396071
11 0.396071
12 0.396071
13 0.396071
14 0.396071
15 0.396071
16 0.396071
17 0.396071
18 0.396071
19 0.39653
20 0.374854
21 0.374854
22 0.374854
23 0.374854
24 0.374854
25 0.374854
26 0.374854
27 0.375646
28 0.375646
29 0.375646
30 0.381357
31 0.381357
32 0.381357
33 0.381357
34 0.381357
35 0.381357
36 0.381357
37 0.381357
38 0.381357
39 0.381357
40 0.381357
41 0.381357
42 0.381357
43 0.381357
44 0.381357
45 0.371811
46 0.371811
47 0.371811
48 0.371811
49 0.371811
50 0.371811
51 0.371811
52 0.386276
53 0.386276
54 0.386276
55 0.386276
56 0.386276
57 0.386276
58 0.386276
59 0.386276
60 0.386276
61 0.386276
62 0.386276
63 0.386276
64 0.386276
65 0.386276
66 0.38615
67 0.38615
68 0.387359
