0 0
1 0.45
2 0.45
3 0.454667
4 0.454
5 0.454667
6 0.454667
7 0.454
8 0.455333
9 0.455333
10 0.455333
11 0.455333
12 0.455333
13 0.455333
14 0.455333
15 0.455333
16 0.455333
17 0.455333
18 0.455333
19 0.454667
20 0.454
21 0.454
22 0.454
23 0.454
24 0.454
25 0.454
26 0.454
27 0.454
28 0.454
29 0.454
30 0.452667
31 0.452667
32 0.452667
33 0.452667
34 0.452667
35 0.452667
36 0.452667
37 0.452667
38 0.452667
39 0.452667
40 0.452667
41 0.452667
42 0.452667
43 0.452667
44 0.452667
45 0.454
46 0.454
47 0.454
48 0.454
49 0.454
50 0.454
51 0.454
52 0.448667
53 0.448667
54 0.448667
55 0.448667
56 0.448667
57 0.448667
58 0.448667
59 0.448667
60 0.448667
61 0.448667
62 0.448667
63 0.448667
64 0.448667
65 0.448667
66 0.452667
67 0.452667
68 0.457333
