0 0
1 0.468951
2 0.468951
3 0.468951
4 0.468951
5 0.468951
6 0.468951
7 0.468951
8 0.474685
9 0.474685
10 0.474685
11 0.474685
12 0.474685
13 0.474685
14 0.47972
15 0.47972
16 0.47972
17 0.47972
18 0.47972
19 0.47972
20 0.47972
21 0.47972
22 0.47972
23 0.47972
24 0.47986
25 0.47986
26 0.481399
27 0.481399
28 0.481399
29 0.481399
30 0.481399
31 0.481399
32 0.481958
33 0.481958
34 0.481958
35 0.481958
36 0.481958
37 0.481958
38 0.481958
39 0.481958
40 0.481958
41 0.481958
42 0.481958
43 0.481958
44 0.481958
45 0.481958
46 0.481958
47 0.482517
48 0.482517
