0 0
1 0.386454
2 0.386454
3 0.431126
4 0.431246
5 0.430253
6 0.430253
7 0.431186
8 0.431156
9 0.431156
10 0.431156
11 0.431156
12 0.431156
13 0.431156
14 0.431156
15 0.431156
16 0.431156
17 0.431156
18 0.431156
19 0.431848
20 0.415021
21 0.415021
22 0.415021
23 0.415021
24 0.415021
25 0.415021
26 0.415021
27 0.415924
28 0.415924
29 0.415924
30 0.419326
31 0.419326
32 0.419326
33 0.419326
34 0.419326
35 0.419326
36 0.419326
37 0.419326
38 0.419326
39 0.419326
40 0.419326
41 0.419326
42 0.419326
43 0.419326
44 0.419326
45 0.415713
46 0.415713
47 0.415713
48 0.415713
49 0.415713
50 0.415713
51 0.415713
52 0.422757
53 0.422757
54 0.422757
55 0.422757
56 0.422757
57 0.422757
58 0.422757
59 0.422757
60 0.422757
61 0.422757
62 0.422757
63 0.422757
64 0.422757
65 0.422757
66 0.421794
67 0.421794
68 0.424443
