0 0
1 0.50448
2 0.50448
3 0.50448
4 0.50448
5 0.50448
6 0.50448
7 0.50448
8 0.493149
9 0.493149
10 0.493149
11 0.493149
12 0.493149
13 0.493149
14 0.510145
15 0.510145
16 0.510145
17 0.510145
18 0.510145
19 0.510145
20 0.510145
21 0.510145
22 0.510145
23 0.510145
24 0.510804
25 0.510804
26 0.502767
27 0.502767
28 0.502767
29 0.502767
30 0.502767
31 0.502767
32 0.501449
33 0.501449
34 0.501449
35 0.501449
36 0.501449
37 0.501449
38 0.501449
39 0.501449
40 0.501449
41 0.501449
42 0.501449
43 0.501449
44 0.501449
45 0.501449
46 0.501449
47 0.504743
48 0.504743
