0 0
1 0.190081
2 0.190081
3 0.190081
4 0.190081
5 0.190081
6 0.190081
7 0.190081
8 0.190081
9 0.190081
10 0.190081
11 0.190081
12 0.190081
13 0.190081
14 0.190081
15 0.194027
16 0.194027
17 0.194469
18 0.194469
19 0.194248
20 0.201475
21 0.201475
22 0.201475
23 0.201475
24 0.20413
25 0.20413
26 0.20413
27 0.20413
28 0.20413
29 0.20413
30 0.20413
31 0.20413
32 0.20413
33 0.20413
34 0.20413
35 0.20413
36 0.20413
37 0.20413
38 0.20413
39 0.20413
40 0.20413
41 0.20413
42 0.20413
43 0.20413
44 0.196608
45 0.196608
46 0.204572
47 0.204572
48 0.204572
49 0.204572
50 0.204572
51 0.204572
52 0.201032
53 0.201032
54 0.201032
55 0.201032
56 0.201032
57 0.201032
58 0.201032
59 0.201032
60 0.201032
61 0.201032
62 0.201032
63 0.205457
64 0.205457
65 0.205457
66 0.205457
