0 0
1 0.451333
2 0.451333
3 0.451333
4 0.451333
5 0.451333
6 0.451333
7 0.451333
8 0.451333
9 0.451333
10 0.451333
11 0.451333
12 0.451333
13 0.451333
14 0.451333
15 0.450667
16 0.450667
17 0.450667
18 0.450667
19 0.450667
20 0.45
21 0.45
22 0.45
23 0.45
24 0.455333
25 0.455333
26 0.455333
27 0.455333
28 0.455333
29 0.455333
30 0.455333
31 0.455333
32 0.455333
33 0.455333
34 0.455333
35 0.455333
36 0.455333
37 0.455333
38 0.455333
39 0.455333
40 0.455333
41 0.455333
42 0.455333
43 0.455333
44 0.456
45 0.456
46 0.454
47 0.454
48 0.454
49 0.454
50 0.454
51 0.454
52 0.456667
53 0.456667
54 0.456667
55 0.456667
56 0.456667
57 0.456667
58 0.456667
59 0.456667
60 0.456667
61 0.456667
62 0.456667
63 0.458
64 0.458
65 0.458
66 0.458
