0 0
1 0.407315
2 0.406389
3 0.406389
4 0.406389
5 0.406389
6 0.406389
7 0.406389
8 0.406389
9 0.406389
10 0.410604
11 0.410604
12 0.410604
13 0.410604
14 0.386454
15 0.386454
16 0.386454
17 0.386454
18 0.386454
19 0.386454
20 0.427544
21 0.427544
22 0.417911
23 0.417911
24 0.417911
25 0.417911
26 0.417911
27 0.417911
28 0.430253
29 0.430253
30 0.430253
31 0.430253
32 0.430253
33 0.430253
34 0.431156
35 0.431156
36 0.431156
37 0.431156
38 0.431156
39 0.431156
40 0.431156
41 0.431156
42 0.431156
43 0.431156
44 0.431156
45 0.431156
46 0.431156
47 0.431156
48 0.431156
49 0.431156
50 0.431156
51 0.431156
52 0.414216
53 0.414216
54 0.4059
55 0.4059
56 0.4059
57 0.4059
58 0.4059
59 0.424624
60 0.424624
61 0.424624
62 0.424624
63 0.424624
64 0.424624
65 0.424624
66 0.415713
67 0.415713
68 0.415713
69 0.415713
70 0.415713
71 0.415713
72 0.415713
73 0.415713
