0 0
1 0.200774
2 0.190081
3 0.190081
4 0.190081
5 0.190081
6 0.190081
7 0.190081
8 0.190081
9 0.190081
10 0.199152
11 0.199152
12 0.199152
13 0.199152
14 0.201475
15 0.201475
16 0.201475
17 0.201475
18 0.201475
19 0.201475
20 0.185398
21 0.185398
22 0.150442
23 0.150442
24 0.150442
25 0.150442
26 0.150442
27 0.150442
28 0.203687
29 0.203687
30 0.203687
31 0.203687
32 0.203687
33 0.203687
34 0.20413
35 0.20413
36 0.20413
37 0.20413
38 0.20413
39 0.20413
40 0.20413
41 0.20413
42 0.20413
43 0.20413
44 0.20413
45 0.20413
46 0.20413
47 0.20413
48 0.20413
49 0.20413
50 0.20413
51 0.20413
52 0.191593
53 0.191593
54 0.201917
55 0.201917
56 0.201917
57 0.201917
58 0.201917
59 0.20413
60 0.20413
61 0.20413
62 0.20413
63 0.20413
64 0.20413
65 0.20413
66 0.204572
67 0.204572
68 0.204572
69 0.204572
70 0.204572
71 0.204572
72 0.204572
73 0.204572
