0 0
1 0.36361
2 0.362005
3 0.362005
4 0.362005
5 0.362005
6 0.362005
7 0.362005
8 0.362005
9 0.362005
10 0.366448
11 0.366448
12 0.366448
13 0.366448
14 0.331336
15 0.331336
16 0.331336
17 0.331336
18 0.331336
19 0.331336
20 0.395786
21 0.395786
22 0.378491
23 0.378491
24 0.378491
25 0.378491
26 0.378491
27 0.378491
28 0.395154
29 0.395154
30 0.395154
31 0.395154
32 0.395154
33 0.395154
34 0.396071
35 0.396071
36 0.396071
37 0.396071
38 0.396071
39 0.396071
40 0.396071
41 0.396071
42 0.396071
43 0.396071
44 0.396071
45 0.396071
46 0.396071
47 0.396071
48 0.396071
49 0.396071
50 0.396071
51 0.396071
52 0.370363
53 0.370363
54 0.35768
55 0.35768
56 0.35768
57 0.35768
58 0.35768
59 0.391945
60 0.391945
61 0.391945
62 0.391945
63 0.391945
64 0.391945
65 0.391945
66 0.371811
67 0.371811
68 0.371811
69 0.371811
70 0.371811
71 0.371811
72 0.371811
73 0.371811
