0 0
1 0.502558
2 0.502558
3 0.502558
4 0.502558
5 0.502558
6 0.502558
7 0.502558
8 0.497219
9 0.497219
10 0.497219
11 0.497219
12 0.497219
13 0.497219
14 0.510679
15 0.510679
16 0.510679
17 0.510679
18 0.510679
19 0.510679
20 0.510679
21 0.510679
22 0.510679
23 0.510679
24 0.511123
25 0.511123
26 0.506007
27 0.506007
28 0.506007
29 0.506007
30 0.506007
31 0.506007
32 0.50901
33 0.50901
34 0.50901
35 0.50901
36 0.50901
37 0.50901
38 0.50901
39 0.50901
40 0.50901
41 0.50901
42 0.50901
43 0.50901
44 0.50901
45 0.50901
46 0.50901
47 0.508676
48 0.508676
