0 0
1 0.49733
2 0.497219
3 0.497219
4 0.497219
5 0.497219
6 0.497219
7 0.497219
8 0.497219
9 0.497219
10 0.497219
11 0.497219
12 0.497219
13 0.497219
14 0.510456
15 0.510456
16 0.510456
17 0.510456
18 0.510456
19 0.510456
20 0.510456
21 0.510456
22 0.510456
23 0.510456
24 0.510456
25 0.510456
26 0.510456
27 0.510456
28 0.506007
29 0.506007
30 0.506007
31 0.506007
32 0.506007
33 0.506007
34 0.506007
35 0.508899
36 0.508899
37 0.50901
38 0.50901
39 0.50901
40 0.50901
41 0.50901
42 0.50901
43 0.50901
44 0.50901
45 0.507564
46 0.507564
47 0.509232
48 0.509232
49 0.509232
