0 0
1 0.468811
2 0.468951
3 0.469231
4 0.469231
5 0.469231
6 0.46951
7 0.46993
8 0.46993
9 0.46993
10 0.47035
11 0.474965
12 0.474965
13 0.474965
14 0.475105
15 0.475105
16 0.475105
17 0.475105
18 0.475245
19 0.47972
20 0.47972
21 0.47972
22 0.47972
23 0.48
24 0.48
25 0.48
26 0.48
27 0.481399
28 0.481399
29 0.481399
30 0.481399
31 0.481399
32 0.481399
33 0.481399
34 0.481399
35 0.481399
36 0.481678
37 0.484056
38 0.484056
39 0.484056
40 0.484056
41 0.484056
42 0.484056
43 0.484056
44 0.484056
45 0.484056
46 0.484056
47 0.484056
48 0.484056
49 0.484056
