0 0
1 0.406389
2 0.406389
3 0.406389
4 0.406389
5 0.406389
6 0.406389
7 0.406389
8 0.406389
9 0.406389
10 0.406389
11 0.406389
12 0.406389
13 0.406389
14 0.406389
15 0.41478
16 0.41478
17 0.414871
18 0.414871
19 0.414299
20 0.386454
21 0.386454
22 0.386454
23 0.386454
24 0.431156
25 0.431156
26 0.431156
27 0.431156
28 0.431156
29 0.431156
30 0.431156
31 0.431156
32 0.431156
33 0.431156
34 0.431156
35 0.431156
36 0.431156
37 0.431156
38 0.431156
39 0.431156
40 0.431156
41 0.431156
42 0.431156
43 0.431156
44 0.419416
45 0.419416
46 0.415713
47 0.415713
48 0.415713
49 0.415713
50 0.415713
51 0.415713
52 0.421162
53 0.421162
54 0.421162
55 0.421162
56 0.421162
57 0.421162
58 0.421162
59 0.421162
60 0.421162
61 0.421162
62 0.421162
63 0.4236
64 0.4236
65 0.4236
66 0.4236
