0 0
1 0.468951
2 0.468951
3 0.468951
4 0.468951
5 0.468951
6 0.468951
7 0.468951
8 0.472587
9 0.474685
10 0.474685
11 0.474685
12 0.474685
13 0.474685
14 0.474685
15 0.479161
16 0.479161
17 0.479161
18 0.479161
19 0.479161
20 0.479161
21 0.479161
22 0.479161
23 0.479161
24 0.479161
25 0.479161
26 0.479161
27 0.479161
28 0.479161
29 0.48014
30 0.48014
31 0.48014
32 0.48014
33 0.48014
34 0.48014
35 0.48014
36 0.48014
37 0.480559
38 0.480559
39 0.480559
40 0.480559
41 0.480559
42 0.480559
43 0.480559
44 0.480559
45 0.480559
46 0.480559
47 0.480559
48 0.480559
49 0.480559
50 0.480559
51 0.480559
52 0.480559
53 0.480559
54 0.480559
55 0.480559
56 0.480559
57 0.480559
58 0.480559
59 0.481958
60 0.481958
61 0.481958
62 0.481958
63 0.481958
64 0.481958
65 0.481958
66 0.483636
67 0.483636
68 0.483636
69 0.483636
70 0.483636
71 0.483636
72 0.483636
73 0.483636
74 0.483636
75 0.483636
76 0.483636
77 0.483636
78 0.483636
79 0.483636
80 0.483636
81 0.483636
