0 0
1 0.502447
2 0.502558
3 0.504116
4 0.504338
5 0.504338
6 0.503782
7 0.5099
8 0.5099
9 0.5099
10 0.505117
11 0.50812
12 0.50812
13 0.50812
14 0.509232
15 0.509232
16 0.509232
17 0.507898
18 0.508899
19 0.510679
20 0.510679
21 0.510679
22 0.510679
23 0.505562
24 0.505562
25 0.505562
26 0.505562
27 0.506007
28 0.506007
29 0.506007
30 0.506007
31 0.506007
32 0.506007
33 0.506007
34 0.506007
35 0.506007
36 0.50634
37 0.506674
38 0.506674
39 0.506674
40 0.506674
41 0.506674
42 0.506674
43 0.506674
44 0.506674
45 0.506674
46 0.506674
47 0.506674
48 0.506674
49 0.506674
