0 0
1 0.362005
2 0.362005
3 0.362005
4 0.362005
5 0.362005
6 0.362005
7 0.362005
8 0.332982
9 0.332982
10 0.332982
11 0.331336
12 0.331336
13 0.331336
14 0.396071
15 0.396071
16 0.396071
17 0.396071
18 0.396071
19 0.396071
20 0.396071
21 0.396071
22 0.396071
23 0.396071
24 0.394321
25 0.394321
26 0.35768
27 0.35768
28 0.35768
29 0.35768
30 0.35768
31 0.35768
32 0.371811
33 0.371811
34 0.371811
35 0.371811
36 0.371811
37 0.371811
38 0.371811
39 0.371811
40 0.371811
41 0.371811
42 0.371811
43 0.371811
44 0.371811
45 0.371811
46 0.371811
47 0.386276
48 0.386276
