0 0
1 0.362005
2 0.362005
3 0.362005
4 0.362005
5 0.362005
6 0.362005
7 0.362005
8 0.362005
9 0.362005
10 0.362005
11 0.362005
12 0.362005
13 0.362005
14 0.362005
15 0.362005
16 0.362005
17 0.362005
18 0.362005
19 0.362005
20 0.362005
21 0.362005
22 0.362005
23 0.362005
24 0.362005
25 0.362005
26 0.362005
27 0.362005
28 0.362005
29 0.362005
30 0.362005
31 0.362005
32 0.362005
33 0.362005
34 0.362005
35 0.362005
36 0.362005
37 0.362005
38 0.362005
39 0.362005
40 0.362005
41 0.362005
42 0.362005
43 0.369887
44 0.369887
45 0.369803
46 0.369803
47 0.369803
48 0.370658
49 0.366166
50 0.366166
51 0.367011
52 0.367011
