0 0
1 0.502558
2 0.502558
3 0.502558
4 0.502558
5 0.502558
6 0.502558
7 0.502558
8 0.502558
9 0.502558
10 0.502558
11 0.502558
12 0.502558
13 0.502558
14 0.502558
15 0.502558
16 0.502558
17 0.502558
18 0.502558
19 0.502558
20 0.502558
21 0.502558
22 0.502558
23 0.502558
24 0.502558
25 0.502558
26 0.502558
27 0.502558
28 0.502558
29 0.502558
30 0.502558
31 0.502558
32 0.502558
33 0.502558
34 0.502558
35 0.502558
36 0.502558
37 0.502558
38 0.502558
39 0.502558
40 0.502558
41 0.502558
42 0.502558
43 0.505784
44 0.505784
45 0.505784
46 0.505784
47 0.505784
48 0.504449
49 0.504894
50 0.504894
51 0.505562
52 0.505562
