0 0
1 0.450667
2 0.450667
3 0.450667
4 0.450667
5 0.450667
6 0.450667
7 0.450667
8 0.450667
9 0.450667
10 0.450667
11 0.450667
12 0.450667
13 0.450667
14 0.450667
15 0.450667
16 0.450667
17 0.450667
18 0.450667
19 0.450667
20 0.450667
21 0.450667
22 0.450667
23 0.450667
24 0.450667
25 0.450667
26 0.450667
27 0.450667
28 0.450667
29 0.450667
30 0.450667
31 0.450667
32 0.450667
33 0.450667
34 0.450667
35 0.450667
36 0.450667
37 0.450667
38 0.450667
39 0.450667
40 0.450667
41 0.450667
42 0.450667
43 0.450667
44 0.450667
45 0.450667
46 0.450667
47 0.450667
48 0.450667
49 0.450667
50 0.450667
51 0.450667
52 0.450667
53 0.450667
54 0.450667
55 0.450667
56 0.450667
57 0.450667
58 0.450667
59 0.450667
60 0.450667
61 0.450667
62 0.450667
63 0.450667
64 0.450667
65 0.450667
66 0.450667
67 0.450667
68 0.450667
69 0.450667
70 0.450667
71 0.450667
72 0.450667
73 0.450667
74 0.450667
75 0.450667
76 0.450667
77 0.450667
78 0.450667
79 0.450667
80 0.450667
81 0.450667
82 0.450667
83 0.450667
84 0.450667
85 0.450667
86 0.450667
87 0.450667
88 0.450667
89 0.450667
90 0.450667
91 0.450667
92 0.450667
93 0.450667
94 0.450667
95 0.450667
96 0.450667
97 0.450667
98 0.450667
99 0.450667
100 0.450667
101 0.450667
102 0.450667
103 0.450667
104 0.450667
105 0.450667
106 0.450667
107 0.450667
108 0.450667
109 0.450667
110 0.450667
111 0.450667
112 0.450667
113 0.450667
114 0.450667
115 0.450667
116 0.450667
117 0.450667
118 0.450667
119 0.450667
120 0.450667
121 0.450667
122 0.450667
123 0.450667
124 0.450667
125 0.450667
126 0.450667
127 0.450667
128 0.450667
129 0.450667
130 0.450667
131 0.450667
132 0.450667
133 0.450667
134 0.450667
135 0.450667
136 0.450667
137 0.450667
138 0.450667
139 0.450667
140 0.450667
141 0.450667
142 0.450667
143 0.450667
144 0.450667
145 0.450667
146 0.450667
147 0.450667
148 0.450667
149 0.450667
150 0.450667
151 0.450667
152 0.450667
153 0.450667
154 0.450667
155 0.450667
156 0.450667
157 0.450667
158 0.450667
159 0.450667
160 0.450667
161 0.450667
162 0.450667
163 0.450667
164 0.450667
165 0.450667
166 0.450667
167 0.450667
168 0.450667
169 0.450667
170 0.450667
171 0.450667
172 0.450667
173 0.450667
174 0.450667
175 0.450667
176 0.450667
177 0.450667
178 0.450667
179 0.450667
180 0.450667
181 0.450667
182 0.450667
183 0.450667
184 0.450667
185 0.450667
186 0.450667
187 0.450667
188 0.450667
189 0.450667
190 0.450667
191 0.450667
192 0.450667
193 0.450667
194 0.450667
195 0.450667
196 0.450667
197 0.450667
198 0.450667
199 0.450667
200 0.450667
201 0.450667
202 0.450667
203 0.450667
204 0.450667
205 0.450667
206 0.450667
207 0.450667
208 0.450667
209 0.450667
210 0.450667
211 0.450667
212 0.450667
213 0.450667
214 0.450667
215 0.450667
216 0.450667
217 0.450667
218 0.450667
219 0.450667
220 0.450667
221 0.450667
222 0.450667
223 0.450667
224 0.450667
225 0.450667
226 0.450667
227 0.450667
228 0.450667
229 0.450667
230 0.450667
231 0.450667
232 0.450667
233 0.450667
234 0.450667
235 0.450667
236 0.450667
237 0.450667
238 0.450667
239 0.450667
240 0.450667
241 0.450667
242 0.450667
243 0.450667
244 0.450667
245 0.450667
246 0.450667
247 0.450667
248 0.450667
249 0.450667
250 0.450667
251 0.450667
252 0.450667
253 0.450667
254 0.450667
255 0.450667
256 0.450667
257 0.450667
258 0.450667
259 0.450667
260 0.450667
261 0.450667
262 0.450667
263 0.450667
