0 0
1 0.190081
2 0.190081
3 0.201475
4 0.201475
5 0.201475
6 0.201475
7 0.201475
8 0.201475
9 0.201475
10 0.201475
11 0.201475
12 0.201475
13 0.201475
14 0.185398
15 0.185398
16 0.185398
17 0.185398
18 0.185398
19 0.185398
20 0.185398
21 0.185398
22 0.185398
23 0.185398
24 0.185398
25 0.185398
26 0.185398
27 0.185398
28 0.185398
29 0.185398
30 0.185398
31 0.185398
32 0.185398
33 0.185398
34 0.185398
35 0.185398
36 0.185398
37 0.185398
38 0.185398
39 0.185398
40 0.227139
41 0.225369
42 0.225369
43 0.225369
44 0.225369
45 0.226254
46 0.226254
47 0.240044
48 0.240044
49 0.209993
50 0.209993
