0 0
1 0.502447
2 0.502447
3 0.502447
4 0.502447
5 0.502447
6 0.502447
7 0.502447
8 0.502447
9 0.502447
10 0.502447
11 0.502447
12 0.502447
13 0.502447
14 0.502447
15 0.502447
16 0.502447
17 0.502447
18 0.502447
19 0.502447
20 0.502447
21 0.502447
22 0.502447
23 0.502447
24 0.502447
25 0.502447
26 0.502447
27 0.502447
28 0.502447
29 0.502447
30 0.502447
31 0.502447
32 0.502447
33 0.502447
34 0.502447
35 0.502447
36 0.502447
37 0.502447
38 0.502447
39 0.502447
40 0.502447
41 0.502447
42 0.502447
43 0.502447
44 0.502447
45 0.502447
46 0.502447
47 0.502447
48 0.502447
49 0.502447
50 0.502447
51 0.502447
52 0.502447
53 0.502447
54 0.502447
55 0.502447
56 0.502447
57 0.502447
58 0.502447
59 0.502447
60 0.502447
61 0.502447
62 0.502447
63 0.502447
64 0.502447
65 0.502447
66 0.502447
67 0.502447
68 0.502447
69 0.502447
70 0.502447
71 0.502447
72 0.502447
73 0.502447
74 0.502447
75 0.502447
76 0.502447
77 0.502447
78 0.502447
79 0.502447
80 0.502447
81 0.502447
82 0.502447
83 0.502447
84 0.502447
85 0.502447
86 0.502447
87 0.502447
88 0.502447
89 0.502447
90 0.502447
91 0.502447
92 0.502447
93 0.502447
94 0.502447
95 0.502447
96 0.502447
97 0.502447
98 0.502447
99 0.502447
100 0.502447
101 0.502447
102 0.502447
103 0.502447
104 0.502447
105 0.502447
106 0.502447
107 0.502447
108 0.502447
109 0.502447
110 0.502447
111 0.502447
112 0.502447
113 0.502447
114 0.502447
115 0.502447
116 0.502447
117 0.502447
118 0.502447
119 0.502447
120 0.502447
121 0.502447
122 0.502447
123 0.502447
124 0.502447
125 0.502447
126 0.502447
127 0.502447
128 0.502447
129 0.502447
130 0.502447
131 0.502447
132 0.502447
133 0.502447
134 0.502447
135 0.502447
136 0.502447
137 0.502447
138 0.502447
139 0.502447
140 0.502447
141 0.502447
142 0.502447
143 0.502447
144 0.502447
145 0.502447
146 0.502447
147 0.502447
148 0.502447
149 0.502447
150 0.502447
151 0.502447
152 0.502447
153 0.502447
154 0.502447
155 0.502447
156 0.502447
157 0.502447
158 0.502447
159 0.502447
160 0.502447
161 0.502447
162 0.502447
163 0.502447
164 0.502447
165 0.502447
166 0.502447
167 0.502447
168 0.502447
169 0.502447
170 0.502447
171 0.502447
172 0.502447
173 0.502447
174 0.502447
175 0.502447
176 0.502447
177 0.502447
178 0.502447
179 0.502447
180 0.502447
181 0.502447
182 0.502447
183 0.502447
184 0.502447
185 0.502447
186 0.502447
187 0.502447
188 0.502447
189 0.502447
190 0.502447
191 0.502447
192 0.502447
193 0.502447
194 0.502447
195 0.502447
196 0.502447
197 0.502447
198 0.502447
199 0.502447
200 0.502447
201 0.502447
202 0.502447
203 0.502447
204 0.502447
205 0.502447
206 0.502447
207 0.502447
208 0.502447
209 0.502447
210 0.502447
211 0.502447
212 0.502447
213 0.502447
214 0.502447
215 0.502447
216 0.502447
217 0.502447
218 0.502447
219 0.502447
220 0.502447
221 0.502447
222 0.502447
223 0.502447
224 0.502447
225 0.502447
226 0.502447
227 0.502447
228 0.502447
229 0.502447
230 0.502447
231 0.502447
232 0.502447
233 0.502447
234 0.502447
235 0.502447
236 0.502447
237 0.502447
238 0.502447
239 0.502447
240 0.502447
241 0.502447
242 0.502447
243 0.502447
244 0.502447
245 0.502447
246 0.502447
247 0.502447
248 0.502447
249 0.502447
250 0.502447
251 0.502447
252 0.502447
253 0.502447
254 0.502447
255 0.502447
256 0.502447
257 0.502447
258 0.502447
259 0.502447
260 0.502447
261 0.502447
262 0.502447
263 0.502447
