0 0
1 0.393256
2 0.393256
3 0.393256
4 0.393256
5 0.393256
6 0.393256
7 0.393256
8 0.393256
9 0.393256
10 0.393256
11 0.393256
12 0.393256
13 0.393256
14 0.393256
15 0.393256
16 0.393256
17 0.393256
18 0.393256
19 0.393256
20 0.393256
21 0.393256
22 0.393256
23 0.393256
24 0.393256
25 0.393256
26 0.393256
27 0.393256
28 0.393256
29 0.393256
30 0.393256
31 0.393256
32 0.393256
33 0.393256
34 0.393256
35 0.393256
36 0.393256
37 0.393256
38 0.393256
39 0.393256
40 0.393256
41 0.393256
42 0.393256
43 0.398112
44 0.398112
45 0.397608
46 0.397608
47 0.397608
48 0.397648
49 0.394483
50 0.394483
51 0.39596
52 0.39596
