0 0
1 0.502558
2 0.502558
3 0.497219
4 0.497219
5 0.497219
6 0.497219
7 0.497219
8 0.497219
9 0.497219
10 0.497219
11 0.497219
12 0.497219
13 0.497219
14 0.515795
15 0.515795
16 0.515795
17 0.515795
18 0.515795
19 0.515795
20 0.515795
21 0.515795
22 0.515795
23 0.515795
24 0.515795
25 0.515795
26 0.515795
27 0.515795
28 0.515795
29 0.515795
30 0.515795
31 0.515795
32 0.515795
33 0.515795
34 0.515795
35 0.515795
36 0.515795
37 0.515795
38 0.515795
39 0.515795
40 0.507341
41 0.50723
42 0.507675
43 0.507675
44 0.507675
45 0.514238
46 0.514238
47 0.51713
48 0.51713
49 0.51624
50 0.51624
