0 0
1 0.50448
2 0.50448
3 0.50448
4 0.50448
5 0.50448
6 0.50448
7 0.50448
8 0.50448
9 0.50448
10 0.50448
11 0.50448
12 0.50448
13 0.50448
14 0.50448
15 0.50448
16 0.50448
17 0.50448
18 0.50448
19 0.50448
20 0.50448
21 0.50448
22 0.50448
23 0.50448
24 0.50448
25 0.50448
26 0.50448
27 0.50448
28 0.50448
29 0.50448
30 0.50448
31 0.50448
32 0.50448
33 0.50448
34 0.50448
35 0.50448
36 0.50448
37 0.50448
38 0.50448
39 0.50448
40 0.50448
41 0.50448
42 0.50448
43 0.50448
44 0.50448
45 0.50448
46 0.50448
47 0.50448
48 0.50448
49 0.50448
50 0.50448
51 0.50448
52 0.50448
53 0.50448
54 0.50448
55 0.50448
56 0.50448
57 0.50448
58 0.50448
59 0.50448
60 0.50448
61 0.50448
62 0.50448
63 0.50448
64 0.50448
65 0.50448
66 0.50448
67 0.50448
68 0.50448
69 0.50448
70 0.50448
71 0.50448
72 0.50448
73 0.50448
74 0.50448
75 0.50448
76 0.50448
77 0.50448
78 0.50448
79 0.50448
80 0.50448
81 0.50448
82 0.50448
83 0.50448
84 0.50448
85 0.50448
86 0.50448
87 0.50448
88 0.50448
89 0.50448
90 0.50448
91 0.50448
92 0.50448
93 0.50448
94 0.50448
95 0.50448
96 0.50448
97 0.50448
98 0.50448
99 0.50448
100 0.50448
101 0.50448
102 0.50448
103 0.50448
104 0.50448
105 0.50448
106 0.50448
107 0.50448
108 0.50448
109 0.50448
110 0.50448
111 0.50448
112 0.50448
113 0.50448
114 0.50448
115 0.50448
116 0.50448
117 0.50448
118 0.50448
119 0.50448
120 0.50448
121 0.50448
122 0.50448
123 0.50448
124 0.50448
125 0.50448
126 0.50448
127 0.50448
128 0.50448
129 0.50448
130 0.50448
131 0.50448
132 0.50448
133 0.50448
134 0.50448
135 0.50448
136 0.50448
137 0.50448
138 0.50448
139 0.50448
140 0.50448
141 0.50448
142 0.50448
143 0.50448
144 0.50448
145 0.50448
146 0.50448
147 0.50448
148 0.50448
149 0.50448
150 0.50448
151 0.50448
152 0.50448
153 0.50448
154 0.50448
155 0.50448
156 0.50448
157 0.50448
158 0.50448
159 0.50448
160 0.50448
161 0.50448
162 0.50448
163 0.50448
164 0.50448
165 0.50448
166 0.50448
167 0.50448
168 0.50448
169 0.50448
170 0.50448
171 0.50448
172 0.50448
173 0.50448
174 0.50448
175 0.50448
176 0.50448
177 0.50448
178 0.50448
179 0.50448
180 0.50448
181 0.50448
182 0.50448
183 0.50448
184 0.50448
185 0.50448
186 0.50448
187 0.50448
188 0.50448
189 0.50448
190 0.50448
191 0.50448
192 0.50448
193 0.50448
194 0.50448
195 0.50448
196 0.50448
197 0.50448
198 0.50448
199 0.50448
200 0.50448
201 0.50448
202 0.50448
203 0.50448
204 0.50448
205 0.50448
206 0.50448
207 0.50448
208 0.50448
209 0.50448
210 0.50448
211 0.50448
212 0.50448
213 0.50448
214 0.50448
215 0.50448
216 0.50448
217 0.50448
218 0.50448
219 0.50448
220 0.50448
221 0.50448
222 0.50448
223 0.50448
224 0.50448
225 0.50448
226 0.50448
227 0.50448
228 0.50448
229 0.50448
230 0.50448
231 0.50448
232 0.50448
233 0.50448
234 0.50448
235 0.50448
236 0.50448
237 0.50448
238 0.50448
239 0.50448
240 0.50448
241 0.50448
242 0.50448
243 0.50448
244 0.50448
245 0.50448
246 0.50448
247 0.50448
248 0.50448
249 0.50448
250 0.50448
251 0.50448
252 0.50448
253 0.50448
254 0.50448
255 0.50448
256 0.50448
257 0.50448
258 0.50448
259 0.50448
260 0.50448
261 0.50448
262 0.50448
263 0.50448
