0 0
1 0.404282
2 0.404282
3 0.404282
4 0.404282
5 0.404282
6 0.404282
7 0.404282
8 0.404282
9 0.404282
10 0.404282
11 0.404282
12 0.404282
13 0.404282
14 0.404282
15 0.404282
16 0.404282
17 0.404282
18 0.404282
19 0.404282
20 0.404282
21 0.404282
22 0.404282
23 0.404282
24 0.404282
25 0.404282
26 0.404282
27 0.404282
28 0.404282
29 0.404282
30 0.404282
31 0.404282
32 0.404282
33 0.404282
34 0.404282
35 0.404282
36 0.404282
37 0.404282
38 0.404282
39 0.404282
40 0.404282
41 0.404282
42 0.404282
43 0.404282
44 0.404282
45 0.404282
46 0.404282
47 0.404282
48 0.404282
49 0.404282
50 0.404282
51 0.404282
52 0.404282
53 0.404282
54 0.404282
55 0.404282
56 0.404282
57 0.404282
58 0.404282
59 0.404282
60 0.404282
61 0.404282
62 0.404282
63 0.404282
64 0.404282
65 0.404282
66 0.404282
67 0.404282
68 0.404282
69 0.404282
70 0.404282
71 0.404282
72 0.404282
73 0.404282
74 0.404282
75 0.404282
76 0.404282
77 0.404282
78 0.404282
79 0.404282
80 0.404282
81 0.404282
82 0.404282
83 0.404282
84 0.404282
85 0.404282
86 0.404282
87 0.404282
88 0.404282
89 0.404282
90 0.404282
91 0.404282
92 0.404282
93 0.404282
94 0.404282
95 0.404282
96 0.404282
97 0.404282
98 0.404282
99 0.404282
100 0.404282
101 0.404282
102 0.404282
103 0.404282
104 0.404282
105 0.404282
106 0.404282
107 0.404282
108 0.404282
109 0.404282
110 0.404282
111 0.404282
112 0.404282
113 0.404282
114 0.404282
115 0.404282
116 0.404282
117 0.404282
118 0.404282
119 0.404282
120 0.404282
121 0.404282
122 0.404282
123 0.404282
124 0.404282
125 0.404282
126 0.404282
127 0.404282
128 0.404282
129 0.404282
130 0.404282
131 0.404282
132 0.404282
133 0.404282
134 0.404282
135 0.404282
136 0.404282
137 0.404282
138 0.404282
139 0.404282
140 0.404282
141 0.404282
142 0.404282
143 0.404282
144 0.404282
145 0.404282
146 0.404282
147 0.404282
148 0.404282
149 0.404282
150 0.404282
151 0.404282
152 0.404282
153 0.404282
154 0.404282
155 0.404282
156 0.404282
157 0.404282
158 0.404282
159 0.404282
160 0.404282
161 0.404282
162 0.404282
163 0.404282
164 0.404282
165 0.404282
166 0.404282
167 0.404282
168 0.404282
169 0.404282
170 0.404282
171 0.404282
172 0.404282
173 0.404282
174 0.404282
175 0.404282
176 0.404282
177 0.404282
178 0.404282
179 0.404282
180 0.404282
181 0.404282
182 0.404282
183 0.404282
184 0.404282
185 0.404282
186 0.404282
187 0.404282
188 0.404282
189 0.404282
190 0.404282
191 0.404282
192 0.404282
193 0.404282
194 0.404282
195 0.404282
196 0.404282
197 0.404282
198 0.404282
199 0.404282
200 0.404282
201 0.404282
202 0.404282
203 0.404282
204 0.404282
205 0.404282
206 0.404282
207 0.404282
208 0.404282
209 0.404282
210 0.404282
211 0.404282
212 0.404282
213 0.404282
214 0.404282
215 0.404282
216 0.404282
217 0.404282
218 0.404282
219 0.404282
220 0.404282
221 0.404282
222 0.404282
223 0.404282
224 0.404282
225 0.404282
226 0.404282
227 0.404282
228 0.404282
229 0.404282
230 0.404282
231 0.404282
232 0.404282
233 0.404282
234 0.404282
235 0.404282
236 0.404282
237 0.404282
238 0.404282
239 0.404282
240 0.404282
241 0.404282
242 0.404282
243 0.404282
244 0.404282
245 0.404282
246 0.404282
247 0.404282
248 0.404282
249 0.404282
250 0.404282
251 0.404282
252 0.404282
253 0.404282
254 0.404282
255 0.404282
256 0.404282
257 0.404282
258 0.404282
259 0.404282
260 0.404282
261 0.404282
262 0.404282
263 0.404282
