0 0
1 0.393256
2 0.393256
3 0.37897
4 0.37897
5 0.37897
6 0.37897
7 0.37897
8 0.37897
9 0.37897
10 0.37897
11 0.37897
12 0.37897
13 0.37897
14 0.4179
15 0.4179
16 0.4179
17 0.4179
18 0.4179
19 0.4179
20 0.4179
21 0.4179
22 0.4179
23 0.4179
24 0.4179
25 0.4179
26 0.4179
27 0.4179
28 0.4179
29 0.4179
30 0.4179
31 0.4179
32 0.4179
33 0.4179
34 0.4179
35 0.4179
36 0.4179
37 0.4179
38 0.4179
39 0.4179
40 0.422095
41 0.422158
42 0.421504
43 0.421504
44 0.421504
45 0.422859
46 0.422859
47 0.423051
48 0.423051
49 0.417778
50 0.417778
