0 0
1 0.451333
2 0.451333
3 0.451333
4 0.451333
5 0.451333
6 0.451333
7 0.451333
8 0.451333
9 0.451333
10 0.451333
11 0.451333
12 0.451333
13 0.451333
14 0.451333
15 0.451333
16 0.451333
17 0.451333
18 0.451333
19 0.451333
20 0.451333
21 0.451333
22 0.451333
23 0.451333
24 0.451333
25 0.451333
26 0.451333
27 0.451333
28 0.451333
29 0.451333
30 0.451333
31 0.451333
32 0.451333
33 0.451333
34 0.451333
35 0.451333
36 0.451333
37 0.451333
38 0.451333
39 0.451333
40 0.451333
41 0.451333
42 0.451333
43 0.462
44 0.462
45 0.462
46 0.462
47 0.462
48 0.462
49 0.464667
50 0.464667
51 0.465333
52 0.465333
