0 0
1 0.362005
2 0.362005
3 0.331336
4 0.331336
5 0.331336
6 0.331336
7 0.331336
8 0.331336
9 0.331336
10 0.331336
11 0.331336
12 0.331336
13 0.331336
14 0.395786
15 0.395786
16 0.395786
17 0.395786
18 0.395786
19 0.395786
20 0.395786
21 0.395786
22 0.395786
23 0.395786
24 0.395786
25 0.395786
26 0.395786
27 0.395786
28 0.395786
29 0.395786
30 0.395786
31 0.395786
32 0.395786
33 0.395786
34 0.395786
35 0.395786
36 0.395786
37 0.395786
38 0.395786
39 0.395786
40 0.402348
41 0.402595
42 0.39918
43 0.39918
44 0.39918
45 0.406412
46 0.406412
47 0.40577
48 0.40577
49 0.399611
50 0.399611
