0 0
1 0.451333
2 0.451333
3 0.45
4 0.45
5 0.45
6 0.45
7 0.45
8 0.45
9 0.45
10 0.45
11 0.45
12 0.45
13 0.45
14 0.452667
15 0.452667
16 0.452667
17 0.452667
18 0.452667
19 0.452667
20 0.452667
21 0.452667
22 0.452667
23 0.452667
24 0.452667
25 0.452667
26 0.452667
27 0.452667
28 0.452667
29 0.452667
30 0.452667
31 0.452667
32 0.452667
33 0.452667
34 0.452667
35 0.452667
36 0.452667
37 0.452667
38 0.452667
39 0.452667
40 0.456
41 0.456
42 0.456
43 0.456
44 0.456
45 0.461333
46 0.461333
47 0.461333
48 0.461333
49 0.459333
50 0.459333
