0 0
1 0.406389
2 0.406389
3 0.386454
4 0.386454
5 0.386454
6 0.386454
7 0.386454
8 0.386454
9 0.386454
10 0.386454
11 0.386454
12 0.386454
13 0.386454
14 0.427544
15 0.427544
16 0.427544
17 0.427544
18 0.427544
19 0.427544
20 0.427544
21 0.427544
22 0.427544
23 0.427544
24 0.427544
25 0.427544
26 0.427544
27 0.427544
28 0.427544
29 0.427544
30 0.427544
31 0.427544
32 0.427544
33 0.427544
34 0.427544
35 0.427544
36 0.427544
37 0.427544
38 0.427544
39 0.427544
40 0.431412
41 0.431871
42 0.429275
43 0.429275
44 0.429275
45 0.434362
46 0.434362
47 0.433233
48 0.433233
49 0.429651
50 0.429651
