0 0
1 0.406389
2 0.406389
3 0.406389
4 0.406389
5 0.406389
6 0.406389
7 0.406389
8 0.406389
9 0.406389
10 0.406389
11 0.406389
12 0.406389
13 0.406389
14 0.406389
15 0.406389
16 0.406389
17 0.406389
18 0.406389
19 0.406389
20 0.406389
21 0.406389
22 0.406389
23 0.406389
24 0.406389
25 0.406389
26 0.406389
27 0.406389
28 0.406389
29 0.406389
30 0.406389
31 0.406389
32 0.406389
33 0.406389
34 0.406389
35 0.406389
36 0.406389
37 0.406389
38 0.406389
39 0.406389
40 0.406389
41 0.406389
42 0.406389
43 0.407368
44 0.407368
45 0.40727
46 0.40727
47 0.40727
48 0.406811
49 0.405411
50 0.405411
51 0.407067
52 0.407067
