0 0
1 0.468811
2 0.468811
3 0.468811
4 0.468811
5 0.468811
6 0.468811
7 0.468811
8 0.468811
9 0.468811
10 0.468811
11 0.468811
12 0.468811
13 0.468811
14 0.468811
15 0.468811
16 0.468811
17 0.468811
18 0.468811
19 0.468811
20 0.468811
21 0.468811
22 0.468811
23 0.468811
24 0.468811
25 0.468811
26 0.468811
27 0.468811
28 0.468811
29 0.468811
30 0.468811
31 0.468811
32 0.468811
33 0.468811
34 0.468811
35 0.468811
36 0.468811
37 0.468811
38 0.468811
39 0.468811
40 0.468811
41 0.468811
42 0.468811
43 0.468811
44 0.468811
45 0.468811
46 0.468811
47 0.468811
48 0.468811
49 0.468811
50 0.468811
51 0.468811
52 0.468811
53 0.468811
54 0.468811
55 0.468811
56 0.468811
57 0.468811
58 0.468811
59 0.468811
60 0.468811
61 0.468811
62 0.468811
63 0.468811
64 0.468811
65 0.468811
66 0.468811
67 0.468811
68 0.468811
69 0.468811
70 0.468811
71 0.468811
72 0.468811
73 0.468811
74 0.468811
75 0.468811
76 0.468811
77 0.468811
78 0.468811
79 0.468811
80 0.468811
81 0.468811
82 0.468811
83 0.468811
84 0.468811
85 0.468811
86 0.468811
87 0.468811
88 0.468811
89 0.468811
90 0.468811
91 0.468811
92 0.468811
93 0.468811
94 0.468811
95 0.468811
96 0.468811
97 0.468811
98 0.468811
99 0.468811
100 0.468811
101 0.468811
102 0.468811
103 0.468811
104 0.468811
105 0.468811
106 0.468811
107 0.468811
108 0.468811
109 0.468811
110 0.468811
111 0.468811
112 0.468811
113 0.468811
114 0.468811
115 0.468811
116 0.468811
117 0.468811
118 0.468811
119 0.468811
120 0.468811
121 0.468811
122 0.468811
123 0.468811
124 0.468811
125 0.468811
126 0.468811
127 0.468811
128 0.468811
129 0.468811
130 0.468811
131 0.468811
132 0.468811
133 0.468811
134 0.468811
135 0.468811
136 0.468811
137 0.468811
138 0.468811
139 0.468811
140 0.468811
141 0.468811
142 0.468811
143 0.468811
144 0.468811
145 0.468811
146 0.468811
147 0.468811
148 0.468811
149 0.468811
150 0.468811
151 0.468811
152 0.468811
153 0.468811
154 0.468811
155 0.468811
156 0.468811
157 0.468811
158 0.468811
159 0.468811
160 0.468811
161 0.468811
162 0.468811
163 0.468811
164 0.468811
165 0.468811
166 0.468811
167 0.468811
168 0.468811
169 0.468811
170 0.468811
171 0.468811
172 0.468811
173 0.468811
174 0.468811
175 0.468811
176 0.468811
177 0.468811
178 0.468811
179 0.468811
180 0.468811
181 0.468811
182 0.468811
183 0.468811
184 0.468811
185 0.468811
186 0.468811
187 0.468811
188 0.468811
189 0.468811
190 0.468811
191 0.468811
192 0.468811
193 0.468811
194 0.468811
195 0.468811
196 0.468811
197 0.468811
198 0.468811
199 0.468811
200 0.468811
201 0.468811
202 0.468811
203 0.468811
204 0.468811
205 0.468811
206 0.468811
207 0.468811
208 0.468811
209 0.468811
210 0.468811
211 0.468811
212 0.468811
213 0.468811
214 0.468811
215 0.468811
216 0.468811
217 0.468811
218 0.468811
219 0.468811
220 0.468811
221 0.468811
222 0.468811
223 0.468811
224 0.468811
225 0.468811
226 0.468811
227 0.468811
228 0.468811
229 0.468811
230 0.468811
231 0.468811
232 0.468811
233 0.468811
234 0.468811
235 0.468811
236 0.468811
237 0.468811
238 0.468811
239 0.468811
240 0.468811
241 0.468811
242 0.468811
243 0.468811
244 0.468811
245 0.468811
246 0.468811
247 0.468811
248 0.468811
249 0.468811
250 0.468811
251 0.468811
252 0.468811
253 0.468811
254 0.468811
255 0.468811
256 0.468811
257 0.468811
258 0.468811
259 0.468811
260 0.468811
261 0.468811
262 0.468811
263 0.468811
