0 0
1 0.190081
2 0.190081
3 0.190081
4 0.190081
5 0.190081
6 0.190081
7 0.190081
8 0.190081
9 0.190081
10 0.190081
11 0.190081
12 0.190081
13 0.190081
14 0.190081
15 0.190081
16 0.190081
17 0.190081
18 0.190081
19 0.190081
20 0.190081
21 0.190081
22 0.190081
23 0.190081
24 0.190081
25 0.190081
26 0.190081
27 0.190081
28 0.190081
29 0.190081
30 0.190081
31 0.190081
32 0.190081
33 0.190081
34 0.190081
35 0.190081
36 0.190081
37 0.190081
38 0.190081
39 0.190081
40 0.190081
41 0.190081
42 0.190081
43 0.177471
44 0.177471
45 0.175627
46 0.175627
47 0.175627
48 0.177913
49 0.164749
50 0.164749
51 0.176622
52 0.176622
