0 0
1 0.50448
2 0.50448
3 0.50448
4 0.50448
5 0.50448
6 0.50448
7 0.50448
8 0.50448
9 0.50448
10 0.50448
11 0.50448
12 0.50448
13 0.50448
14 0.50448
15 0.50448
16 0.50448
17 0.50448
18 0.50448
19 0.50448
20 0.50448
21 0.50448
22 0.50448
23 0.50448
24 0.50448
25 0.50448
26 0.50448
27 0.50448
28 0.50448
29 0.50448
30 0.50448
31 0.50448
32 0.50448
33 0.50448
34 0.50448
35 0.50448
36 0.50448
37 0.50448
38 0.50448
39 0.50448
40 0.50448
41 0.50448
42 0.50448
43 0.503821
44 0.503821
45 0.503821
46 0.503821
47 0.503821
48 0.50303
49 0.502372
50 0.502372
51 0.502767
52 0.502767
