0 0
1 0.359938
2 0.359938
3 0.359938
4 0.359938
5 0.359938
6 0.359938
7 0.359938
8 0.359938
9 0.359938
10 0.359938
11 0.359938
12 0.359938
13 0.359938
14 0.359938
15 0.359938
16 0.359938
17 0.359938
18 0.359938
19 0.359938
20 0.359938
21 0.359938
22 0.359938
23 0.359938
24 0.359938
25 0.359938
26 0.359938
27 0.359938
28 0.359938
29 0.359938
30 0.359938
31 0.359938
32 0.359938
33 0.359938
34 0.359938
35 0.359938
36 0.359938
37 0.359938
38 0.359938
39 0.359938
40 0.359938
41 0.359938
42 0.359938
43 0.359938
44 0.359938
45 0.359938
46 0.359938
47 0.359938
48 0.359938
49 0.359938
50 0.359938
51 0.359938
52 0.359938
53 0.359938
54 0.359938
55 0.359938
56 0.359938
57 0.359938
58 0.359938
59 0.359938
60 0.359938
61 0.359938
62 0.359938
63 0.359938
64 0.359938
65 0.359938
66 0.359938
67 0.359938
68 0.359938
69 0.359938
70 0.359938
71 0.359938
72 0.359938
73 0.359938
74 0.359938
75 0.359938
76 0.359938
77 0.359938
78 0.359938
79 0.359938
80 0.359938
81 0.359938
82 0.359938
83 0.359938
84 0.359938
85 0.359938
86 0.359938
87 0.359938
88 0.359938
89 0.359938
90 0.359938
91 0.359938
92 0.359938
93 0.359938
94 0.359938
95 0.359938
96 0.359938
97 0.359938
98 0.359938
99 0.359938
100 0.359938
101 0.359938
102 0.359938
103 0.359938
104 0.359938
105 0.359938
106 0.359938
107 0.359938
108 0.359938
109 0.359938
110 0.359938
111 0.359938
112 0.359938
113 0.359938
114 0.359938
115 0.359938
116 0.359938
117 0.359938
118 0.359938
119 0.359938
120 0.359938
121 0.359938
122 0.359938
123 0.359938
124 0.359938
125 0.359938
126 0.359938
127 0.359938
128 0.359938
129 0.359938
130 0.359938
131 0.359938
132 0.359938
133 0.359938
134 0.359938
135 0.359938
136 0.359938
137 0.359938
138 0.359938
139 0.359938
140 0.359938
141 0.359938
142 0.359938
143 0.359938
144 0.359938
145 0.359938
146 0.359938
147 0.359938
148 0.359938
149 0.359938
150 0.359938
151 0.359938
152 0.359938
153 0.359938
154 0.359938
155 0.359938
156 0.359938
157 0.359938
158 0.359938
159 0.359938
160 0.359938
161 0.359938
162 0.359938
163 0.359938
164 0.359938
165 0.359938
166 0.359938
167 0.359938
168 0.359938
169 0.359938
170 0.359938
171 0.359938
172 0.359938
173 0.359938
174 0.359938
175 0.359938
176 0.359938
177 0.359938
178 0.359938
179 0.359938
180 0.359938
181 0.359938
182 0.359938
183 0.359938
184 0.359938
185 0.359938
186 0.359938
187 0.359938
188 0.359938
189 0.359938
190 0.359938
191 0.359938
192 0.359938
193 0.359938
194 0.359938
195 0.359938
196 0.359938
197 0.359938
198 0.359938
199 0.359938
200 0.359938
201 0.359938
202 0.359938
203 0.359938
204 0.359938
205 0.359938
206 0.359938
207 0.359938
208 0.359938
209 0.359938
210 0.359938
211 0.359938
212 0.359938
213 0.359938
214 0.359938
215 0.359938
216 0.359938
217 0.359938
218 0.359938
219 0.359938
220 0.359938
221 0.359938
222 0.359938
223 0.359938
224 0.359938
225 0.359938
226 0.359938
227 0.359938
228 0.359938
229 0.359938
230 0.359938
231 0.359938
232 0.359938
233 0.359938
234 0.359938
235 0.359938
236 0.359938
237 0.359938
238 0.359938
239 0.359938
240 0.359938
241 0.359938
242 0.359938
243 0.359938
244 0.359938
245 0.359938
246 0.359938
247 0.359938
248 0.359938
249 0.359938
250 0.359938
251 0.359938
252 0.359938
253 0.359938
254 0.359938
255 0.359938
256 0.359938
257 0.359938
258 0.359938
259 0.359938
260 0.359938
261 0.359938
262 0.359938
263 0.359938
