0 0
1 0.468951
2 0.468951
3 0.474685
4 0.474685
5 0.474685
6 0.474685
7 0.474685
8 0.474685
9 0.474685
10 0.474685
11 0.474685
12 0.474685
13 0.474685
14 0.475664
15 0.475664
16 0.475664
17 0.475664
18 0.475664
19 0.475664
20 0.475664
21 0.475664
22 0.475664
23 0.475664
24 0.475664
25 0.475664
26 0.475664
27 0.475664
28 0.475664
29 0.475664
30 0.475664
31 0.475664
32 0.475664
33 0.475664
34 0.475664
35 0.475664
36 0.475664
37 0.475664
38 0.475664
39 0.475664
40 0.481259
41 0.481259
42 0.481538
43 0.481538
44 0.481538
45 0.481538
46 0.481538
47 0.482517
48 0.482517
49 0.483217
50 0.483217
