0 0
1 0.468951
2 0.468951
3 0.468951
4 0.468951
5 0.468951
6 0.468951
7 0.468951
8 0.468951
9 0.468951
10 0.468951
11 0.468951
12 0.468951
13 0.468951
14 0.468951
15 0.468951
16 0.468951
17 0.468951
18 0.468951
19 0.468951
20 0.468951
21 0.468951
22 0.468951
23 0.468951
24 0.468951
25 0.468951
26 0.468951
27 0.468951
28 0.468951
29 0.468951
30 0.468951
31 0.468951
32 0.468951
33 0.468951
34 0.468951
35 0.468951
36 0.468951
37 0.468951
38 0.468951
39 0.468951
40 0.468951
41 0.468951
42 0.468951
43 0.48042
44 0.48042
45 0.48042
46 0.48042
47 0.48042
48 0.480699
49 0.480839
50 0.480839
51 0.482098
52 0.482098
