0 0
1 0.39086
2 0.39086
3 0.39086
4 0.39086
5 0.39086
6 0.39086
7 0.39086
8 0.39086
9 0.39086
10 0.39086
11 0.39086
12 0.39086
13 0.39086
14 0.39086
15 0.39086
16 0.39086
17 0.39086
18 0.39086
19 0.39086
20 0.39086
21 0.39086
22 0.39086
23 0.39086
24 0.39086
25 0.39086
26 0.39086
27 0.39086
28 0.39086
29 0.39086
30 0.39086
31 0.39086
32 0.39086
33 0.39086
34 0.39086
35 0.39086
36 0.39086
37 0.39086
38 0.39086
39 0.39086
40 0.39086
41 0.39086
42 0.39086
43 0.39086
44 0.39086
45 0.39086
46 0.39086
47 0.39086
48 0.39086
49 0.39086
50 0.39086
51 0.39086
52 0.39086
53 0.39086
54 0.39086
55 0.39086
56 0.39086
57 0.39086
58 0.39086
59 0.39086
60 0.39086
61 0.39086
62 0.39086
63 0.39086
64 0.39086
65 0.39086
66 0.39086
67 0.39086
68 0.39086
69 0.39086
70 0.39086
71 0.39086
72 0.39086
73 0.39086
74 0.39086
75 0.39086
76 0.39086
77 0.39086
78 0.39086
79 0.39086
80 0.39086
81 0.39086
82 0.39086
83 0.39086
84 0.39086
85 0.39086
86 0.39086
87 0.39086
88 0.39086
89 0.39086
90 0.39086
91 0.39086
92 0.39086
93 0.39086
94 0.39086
95 0.39086
96 0.39086
97 0.39086
98 0.39086
99 0.39086
100 0.39086
101 0.39086
102 0.39086
103 0.39086
104 0.39086
105 0.39086
106 0.39086
107 0.39086
108 0.39086
109 0.39086
110 0.39086
111 0.39086
112 0.39086
113 0.39086
114 0.39086
115 0.39086
116 0.39086
117 0.39086
118 0.39086
119 0.39086
120 0.39086
121 0.39086
122 0.39086
123 0.39086
124 0.39086
125 0.39086
126 0.39086
127 0.39086
128 0.39086
129 0.39086
130 0.39086
131 0.39086
132 0.39086
133 0.39086
134 0.39086
135 0.39086
136 0.39086
137 0.39086
138 0.39086
139 0.39086
140 0.39086
141 0.39086
142 0.39086
143 0.39086
144 0.39086
145 0.39086
146 0.39086
147 0.39086
148 0.39086
149 0.39086
150 0.39086
151 0.39086
152 0.39086
153 0.39086
154 0.39086
155 0.39086
156 0.39086
157 0.39086
158 0.39086
159 0.39086
160 0.39086
161 0.39086
162 0.39086
163 0.39086
164 0.39086
165 0.39086
166 0.39086
167 0.39086
168 0.39086
169 0.39086
170 0.39086
171 0.39086
172 0.39086
173 0.39086
174 0.39086
175 0.39086
176 0.39086
177 0.39086
178 0.39086
179 0.39086
180 0.39086
181 0.39086
182 0.39086
183 0.39086
184 0.39086
185 0.39086
186 0.39086
187 0.39086
188 0.39086
189 0.39086
190 0.39086
191 0.39086
192 0.39086
193 0.39086
194 0.39086
195 0.39086
196 0.39086
197 0.39086
198 0.39086
199 0.39086
200 0.39086
201 0.39086
202 0.39086
203 0.39086
204 0.39086
205 0.39086
206 0.39086
207 0.39086
208 0.39086
209 0.39086
210 0.39086
211 0.39086
212 0.39086
213 0.39086
214 0.39086
215 0.39086
216 0.39086
217 0.39086
218 0.39086
219 0.39086
220 0.39086
221 0.39086
222 0.39086
223 0.39086
224 0.39086
225 0.39086
226 0.39086
227 0.39086
228 0.39086
229 0.39086
230 0.39086
231 0.39086
232 0.39086
233 0.39086
234 0.39086
235 0.39086
236 0.39086
237 0.39086
238 0.39086
239 0.39086
240 0.39086
241 0.39086
242 0.39086
243 0.39086
244 0.39086
245 0.39086
246 0.39086
247 0.39086
248 0.39086
249 0.39086
250 0.39086
251 0.39086
252 0.39086
253 0.39086
254 0.39086
255 0.39086
256 0.39086
257 0.39086
258 0.39086
259 0.39086
260 0.39086
261 0.39086
262 0.39086
263 0.39086
