0 0
1 0.50448
2 0.50448
3 0.493149
4 0.493149
5 0.493149
6 0.493149
7 0.493149
8 0.493149
9 0.493149
10 0.493149
11 0.493149
12 0.493149
13 0.493149
14 0.512516
15 0.512516
16 0.512516
17 0.512516
18 0.512516
19 0.512516
20 0.512516
21 0.512516
22 0.512516
23 0.512516
24 0.512516
25 0.512516
26 0.512516
27 0.512516
28 0.512516
29 0.512516
30 0.512516
31 0.512516
32 0.512516
33 0.512516
34 0.512516
35 0.512516
36 0.512516
37 0.512516
38 0.512516
39 0.512516
40 0.500791
41 0.500791
42 0.498814
43 0.498814
44 0.498814
45 0.504875
46 0.504875
47 0.505929
48 0.505929
49 0.507642
50 0.507642
