0 0
1 0.325606
2 0.325606
3 0.325999
4 0.31002
5 0.31002
6 0.31002
7 0.308972
8 0.275835
9 0.318533
10 0.328094
11 0.345252
12 0.345252
13 0.345252
14 0.353766
15 0.353766
16 0.327963
17 0.327963
18 0.254617
19 0.254617
20 0.254617
21 0.254617
22 0.361493
23 0.26575
24 0.26575
25 0.26575
26 0.26575
27 0.26575
28 0.26575
29 0.35979
30 0.35979
31 0.35979
32 0.339882
33 0.339882
34 0.31814
35 0.317616
36 0.329404
37 0.298494
38 0.179568
39 0.274787
40 0.274787
41 0.283563
42 0.283563
43 0.283563
44 0.283563
45 0.309627
46 0.309627
47 0.309627
48 0.309627
49 0.309627
50 0.309627
51 0.309627
52 0.311329
53 0.250164
54 0.250164
55 0.250164
