0 0
1 0.303909
2 0.308359
3 0.308359
4 0.319755
5 0.32016
6 0.346226
7 0.34687
8 0.34687
9 0.346912
10 0.345352
11 0.340258
12 0.34791
13 0.34791
14 0.34791
15 0.343751
16 0.343751
17 0.299865
18 0.299865
19 0.299865
20 0.299865
21 0.299865
22 0.299865
23 0.299865
24 0.299865
25 0.299865
26 0.361634
27 0.361634
28 0.361634
29 0.361634
30 0.249553
31 0.249553
32 0.357392
33 0.357392
34 0.330048
35 0.330048
36 0.330048
37 0.330048
38 0.330048
39 0.35236
40 0.35236
41 0.354772
42 0.354772
43 0.357476
44 0.329195
45 0.329195
46 0.34346
47 0.361551
48 0.338553
49 0.338553
50 0.338553
51 0.345748
52 0.345748
53 0.345748
54 0.345748
55 0.345748
56 0.345748
57 0.346829
58 0.346829
59 0.346954
60 0.315097
61 0.315097
62 0.311395
63 0.331399
64 0.331399
65 0.331399
