0 0
1 0.325606
2 0.325606
3 0.325606
4 0.325606
5 0.325606
6 0.327308
7 0.327308
8 0.327308
9 0.327308
10 0.327308
11 0.327308
12 0.327308
13 0.327308
14 0.327308
15 0.327308
16 0.327308
17 0.327308
18 0.327308
19 0.327308
20 0.327308
21 0.327308
22 0.327308
23 0.327308
24 0.327308
25 0.327308
26 0.327308
27 0.327308
28 0.327308
29 0.327308
30 0.327308
31 0.327308
32 0.327308
33 0.327308
34 0.327308
35 0.327308
36 0.327308
37 0.327308
38 0.327308
39 0.327308
40 0.327308
41 0.327308
42 0.327308
43 0.327308
44 0.327308
45 0.327308
46 0.327308
47 0.327308
48 0.327308
49 0.327308
50 0.327308
51 0.327308
52 0.327308
53 0.327308
54 0.327308
55 0.327308
56 0.327308
57 0.327308
58 0.142764
59 0.142764
60 0.142764
61 0.142764
62 0.142764
63 0.142764
64 0.142764
65 0.142764
66 0.142764
67 0.142764
68 0.142764
69 0.142764
70 0.142764
71 0.142764
72 0.142764
73 0.142764
74 0.142764
75 0.142764
76 0.142764
77 0.142764
78 0.26575
79 0.26575
80 0.26575
81 0.274787
82 0.274787
83 0.274787
84 0.274787
85 0.274787
86 0.274787
87 0.206156
88 0.206156
89 0.206156
90 0.206156
91 0.206156
92 0.206156
93 0.206156
94 0.184414
95 0.184414
96 0.184414
97 0.184414
98 0.184414
99 0.184414
100 0.184414
101 0.184414
102 0.184414
103 0.174198
104 0.174198
105 0.174198
106 0.174198
107 0.177341
108 0.177341
109 0.177341
110 0.177341
111 0.177341
112 0.203667
113 0.203667
114 0.203667
115 0.162017
116 0.162017
117 0.164113
118 0.164113
119 0.163851
120 0.163851
121 0.163851
122 0.163851
123 0.163851
124 0.163851
125 0.164768
126 0.236018
127 0.236018
128 0.236018
129 0.226457
130 0.226457
131 0.226457
132 0.168566
133 0.169745
134 0.179306
135 0.179306
136 0.184938
137 0.186509
138 0.186509
139 0.186509
140 0.186509
141 0.182711
142 0.182711
143 0.184938
144 0.184938
145 0.182711
