0 0
1 0.328339
2 0.328339
3 0.328339
4 0.328339
5 0.237134
6 0.237134
7 0.30228
8 0.30228
9 0.30228
10 0.302932
11 0.298371
12 0.298371
13 0.30684
14 0.30684
15 0.30684
16 0.27101
17 0.27101
18 0.27101
19 0.303583
20 0.303583
21 0.303583
22 0.303583
23 0.256678
24 0.29772
25 0.239739
26 0.149186
27 0.149186
28 0.149186
29 0.149186
30 0.07557
31 0.07557
32 0.07557
33 0.07557
34 0.07557
35 0.07557
36 0.07557
37 0.0612378
38 0.0612378
39 0.0612378
40 0.0612378
41 0.0612378
42 0.0612378
43 0.0612378
44 0.0612378
45 0.0612378
46 0.0612378
47 0.0612378
48 0.0990228
49 0.0990228
50 0.0801303
51 0.0801303
52 0.0801303
53 0.0879479
54 0.0885993
55 0.0885993
56 0.0885993
57 0.0885993
58 0.0892508
59 0.0892508
60 0.0840391
61 0.100326
62 0.100326
63 0.0794788
64 0.076873
65 0.076873
66 0.076873
67 0.076873
68 0.0801303
