0 0
1 0.258988
2 0.258988
3 0.258988
4 0.263081
5 0.263081
6 0.263081
7 0.272291
8 0.272291
9 0.272291
10 0.275726
11 0.275726
12 0.275908
13 0.276773
14 0.276773
15 0.276773
16 0.276955
17 0.276955
18 0.278383
19 0.278954
20 0.278954
21 0.280382
22 0.280382
23 0.282001
24 0.283143
25 0.283143
26 0.283143
27 0.283809
28 0.283809
29 0.284888
30 0.284952
31 0.285428
32 0.286475
33 0.292377
34 0.292377
35 0.295978
36 0.295978
37 0.295978
38 0.295978
39 0.295978
40 0.295978
41 0.295978
42 0.295978
43 0.295978
44 0.303324
45 0.303324
46 0.303324
47 0.303324
48 0.306878
49 0.306973
50 0.306973
51 0.306973
52 0.306973
53 0.306973
54 0.306973
55 0.306973
56 0.306973
57 0.306973
58 0.306973
59 0.306973
60 0.306973
61 0.306973
62 0.307036
63 0.307607
64 0.307607
65 0.307607
66 0.308083
67 0.308083
68 0.308083
