0 0
1 0.303909
2 0.303909
3 0.303909
4 0.303909
5 0.263766
6 0.264431
7 0.331389
8 0.331389
9 0.331389
10 0.331056
11 0.343294
12 0.343294
13 0.353389
14 0.353389
15 0.352651
16 0.333874
17 0.333874
18 0.333874
19 0.361634
20 0.361634
21 0.361634
22 0.361634
23 0.365128
24 0.358973
25 0.366833
26 0.367956
27 0.367956
28 0.367956
29 0.367956
30 0.287149
31 0.287149
32 0.287149
33 0.287149
34 0.287149
35 0.287149
36 0.287149
37 0.27488
38 0.27488
39 0.27488
40 0.27488
41 0.27488
42 0.27488
43 0.27488
44 0.27488
45 0.27488
46 0.27488
47 0.27488
48 0.348784
49 0.348784
50 0.283905
51 0.279206
52 0.279206
53 0.298253
54 0.305906
55 0.305906
56 0.305906
57 0.305906
58 0.306945
59 0.306945
60 0.331399
61 0.347411
62 0.347328
63 0.314972
64 0.329029
65 0.329029
66 0.329029
67 0.329029
68 0.326825
