0 0
1 0.305271
2 0.305271
3 0.305271
4 0.334924
5 0.334924
6 0.334924
7 0.270611
8 0.270611
9 0.270611
10 0.346593
11 0.346593
12 0.260879
13 0.330249
14 0.330249
15 0.330249
16 0.264622
17 0.264622
18 0.267211
19 0.306134
20 0.306134
21 0.295533
22 0.295533
23 0.299109
24 0.289585
25 0.289585
26 0.289585
27 0.284013
28 0.284013
29 0.29154
30 0.2939
31 0.293443
32 0.280145
33 0.300769
34 0.300769
35 0.330048
36 0.330048
37 0.330048
38 0.330048
39 0.330048
40 0.330048
41 0.330048
42 0.330048
43 0.330048
44 0.303954
45 0.303954
46 0.303954
47 0.303954
48 0.328949
49 0.300679
50 0.300679
51 0.300679
52 0.300679
53 0.300679
54 0.300679
55 0.300679
56 0.300679
57 0.300679
58 0.300679
59 0.300679
60 0.300679
61 0.300679
62 0.298964
63 0.299089
64 0.299089
65 0.299089
66 0.300918
67 0.300918
68 0.300918
