0 0
1 0.230723
2 0.230723
3 0.230819
4 0.230819
5 0.230819
6 0.235102
7 0.235102
8 0.235102
9 0.235102
10 0.235102
11 0.235102
12 0.235102
13 0.235198
14 0.235198
15 0.235198
16 0.235198
17 0.235198
18 0.235198
19 0.235198
20 0.235198
21 0.235198
22 0.235198
23 0.235198
24 0.235198
25 0.235198
26 0.235198
27 0.235198
28 0.235198
29 0.235198
30 0.235198
31 0.235198
32 0.235198
33 0.235198
34 0.235198
35 0.235198
36 0.235198
37 0.235198
38 0.235198
39 0.235198
40 0.235198
41 0.235198
42 0.235198
43 0.235198
44 0.235198
45 0.235198
46 0.235198
47 0.235198
48 0.235198
49 0.235198
50 0.235198
51 0.235198
52 0.235198
53 0.235198
54 0.235198
55 0.235198
56 0.235198
57 0.235198
58 0.256299
59 0.256299
60 0.256299
61 0.256299
62 0.256299
63 0.256299
64 0.256299
65 0.256299
66 0.256299
67 0.256299
68 0.256299
69 0.256299
70 0.256299
71 0.256299
72 0.256299
73 0.256299
74 0.256299
75 0.256299
76 0.256299
77 0.256299
78 0.295978
79 0.295978
80 0.295978
81 0.296168
82 0.296168
83 0.296168
84 0.296168
85 0.296168
86 0.296168
87 0.298961
88 0.298961
89 0.298961
90 0.298961
91 0.298961
92 0.298961
93 0.298961
94 0.301245
95 0.301245
96 0.301245
97 0.301245
98 0.301245
99 0.301245
100 0.301245
101 0.301245
102 0.301245
103 0.30372
104 0.30372
105 0.30372
106 0.30372
107 0.304006
108 0.304006
109 0.304006
110 0.304006
111 0.304006
112 0.304482
113 0.304482
114 0.304482
115 0.305624
116 0.305624
117 0.30591
118 0.30591
119 0.307052
120 0.307052
121 0.307052
122 0.307052
123 0.307052
124 0.307052
125 0.307306
126 0.307909
127 0.307909
128 0.307909
129 0.30829
130 0.30829
131 0.30829
132 0.308353
133 0.308353
134 0.308829
135 0.308829
136 0.30902
137 0.30902
138 0.30902
139 0.30902
140 0.30902
141 0.30902
142 0.30902
143 0.30902
144 0.30902
145 0.30902
