0 0
1 0.0651466
2 0.0651466
3 0.0651466
4 0.0977199
5 0.0977199
6 0.0977199
7 0.0605863
8 0.0605863
9 0.0605863
10 0.104886
11 0.104886
12 0.0625407
13 0.0801303
14 0.0801303
15 0.0801303
16 0.0605863
17 0.0605863
18 0.0456026
19 0.0612378
20 0.0612378
21 0.0514658
22 0.0514658
23 0.0579805
24 0.0508143
25 0.0508143
26 0.0508143
27 0.0501629
28 0.0501629
29 0.0508143
30 0.0482085
31 0.0482085
32 0.0501629
33 0.0540717
34 0.0540717
35 0.106189
36 0.106189
37 0.106189
38 0.106189
39 0.106189
40 0.106189
41 0.106189
42 0.106189
43 0.106189
44 0.0788274
45 0.0788274
46 0.0788274
47 0.0788274
48 0.0905537
49 0.0833876
50 0.0833876
51 0.0833876
52 0.0833876
53 0.0833876
54 0.0833876
55 0.0833876
56 0.0833876
57 0.0833876
58 0.0833876
59 0.0833876
60 0.0833876
61 0.0833876
62 0.0833876
63 0.0801303
64 0.0801303
65 0.0801303
66 0.086645
67 0.086645
68 0.086645
