0 0
1 0.328339
2 0.238436
3 0.325733
4 0.325733
5 0.325733
6 0.325733
7 0.325733
8 0.313355
9 0.0319218
10 0.0319218
11 0.0319218
12 0.0319218
13 0.0319218
14 0.0319218
15 0.0319218
16 0.0319218
17 0.0319218
18 0.0319218
19 0.0319218
20 0.0319218
21 0.0319218
22 0.0319218
23 0.106189
24 0.106189
25 0.106189
26 0.106189
27 0.106189
28 0.106189
29 0.106189
30 0.106189
31 0.106189
32 0.153094
33 0.153094
34 0.153094
35 0.153094
36 0.153094
37 0.153094
38 0.153094
39 0.153094
40 0.162866
41 0.164169
42 0.164169
43 0.164169
44 0.164169
45 0.164169
46 0.164169
47 0.148534
48 0.115961
49 0.115961
50 0.115961
51 0.108143
52 0.108143
53 0.107492
54 0.107492
55 0.107492
56 0.107492
57 0.107492
58 0.107492
59 0.107492
60 0.107492
61 0.107492
62 0.107492
63 0.0299674
64 0.0299674
65 0.0299674
66 0.0332248
67 0.0332248
68 0.0332248
69 0.0332248
70 0.0332248
71 0.0332248
72 0.0332248
73 0.0332248
74 0.0332248
75 0.0332248
76 0.0364821
77 0.0840391
78 0.0840391
79 0.0840391
80 0.0840391
81 0.0397394
82 0.0397394
83 0.0397394
84 0.0397394
85 0.0397394
