0 0
1 0.328339
2 0.328339
3 0.328339
4 0.328339
5 0.328339
6 0.323779
7 0.323779
8 0.323779
9 0.323779
10 0.323779
11 0.323779
12 0.323779
13 0.323779
14 0.323779
15 0.323779
16 0.323779
17 0.323779
18 0.323779
19 0.323779
20 0.323779
21 0.323779
22 0.323779
23 0.323779
24 0.323779
25 0.323779
26 0.323779
27 0.323779
28 0.323779
29 0.323779
30 0.323779
31 0.323779
32 0.323779
33 0.323779
34 0.323779
35 0.323779
36 0.323779
37 0.323779
38 0.323779
39 0.323779
40 0.323779
41 0.323779
42 0.323779
43 0.323779
44 0.323779
45 0.323779
46 0.323779
47 0.323779
48 0.323779
49 0.323779
50 0.323779
51 0.323779
52 0.323779
53 0.323779
54 0.323779
55 0.323779
56 0.323779
57 0.323779
58 0.0319218
59 0.0319218
60 0.0319218
61 0.0319218
62 0.0319218
63 0.0319218
64 0.0319218
65 0.0319218
66 0.0319218
67 0.0319218
68 0.0319218
69 0.0319218
70 0.0319218
71 0.0319218
72 0.0319218
73 0.0319218
74 0.0319218
75 0.0319218
76 0.0319218
77 0.0319218
78 0.106189
79 0.106189
80 0.106189
81 0.114007
82 0.114007
83 0.114007
84 0.114007
85 0.114007
86 0.114007
87 0.07557
88 0.07557
89 0.07557
90 0.07557
91 0.07557
92 0.07557
93 0.07557
94 0.0605863
95 0.0605863
96 0.0605863
97 0.0605863
98 0.0605863
99 0.0605863
100 0.0605863
101 0.0605863
102 0.0605863
103 0.0553746
104 0.0553746
105 0.0553746
106 0.0553746
107 0.0566775
108 0.0566775
109 0.0566775
110 0.0566775
111 0.0566775
112 0.065798
113 0.065798
114 0.065798
115 0.0436482
116 0.0436482
117 0.0436482
118 0.0436482
119 0.0442997
120 0.0442997
121 0.0442997
122 0.0442997
123 0.0442997
124 0.0442997
125 0.0436482
126 0.0729642
127 0.0729642
128 0.0729642
129 0.0664495
130 0.0664495
131 0.0664495
132 0.0442997
133 0.0442997
134 0.0482085
135 0.0482085
136 0.0521173
137 0.0547231
138 0.0534202
139 0.0547231
140 0.0547231
141 0.0488599
142 0.0488599
143 0.0534202
144 0.0534202
145 0.0488599
