0 0
1 0.303909
2 0.264972
3 0.329008
4 0.329008
5 0.328509
6 0.328509
7 0.32907
8 0.332252
9 0.289177
10 0.289177
11 0.289177
12 0.289177
13 0.289177
14 0.289177
15 0.289177
16 0.289177
17 0.289177
18 0.289177
19 0.289177
20 0.289177
21 0.289177
22 0.289177
23 0.330048
24 0.330048
25 0.330048
26 0.330048
27 0.330048
28 0.330048
29 0.330048
30 0.330048
31 0.330048
32 0.369744
33 0.369744
34 0.369744
35 0.369744
36 0.369744
37 0.369744
38 0.369744
39 0.369744
40 0.372198
41 0.372489
42 0.372489
43 0.372489
44 0.372489
45 0.372489
46 0.372489
47 0.369204
48 0.351643
49 0.351643
50 0.351643
51 0.344375
52 0.344375
53 0.344167
54 0.344417
55 0.344417
56 0.344209
57 0.344209
58 0.344209
59 0.344209
60 0.344209
61 0.344209
62 0.344209
63 0.333572
64 0.333572
65 0.333572
66 0.335652
67 0.335652
68 0.335652
69 0.335652
70 0.335652
71 0.335652
72 0.335652
73 0.335652
74 0.335652
75 0.335652
76 0.335111
77 0.331399
78 0.331399
79 0.331399
80 0.331399
81 0.307403
82 0.307403
83 0.307403
84 0.299043
85 0.299043
