0 0
1 0.231678
2 0.231678
3 0.23131
4 0.233223
5 0.266115
6 0.266115
7 0.266115
8 0.266115
9 0.266115
10 0.263024
11 0.262252
12 0.262252
13 0.262252
14 0.262252
15 0.27064
16 0.274614
17 0.277704
18 0.277704
19 0.26755
20 0.268911
21 0.268911
22 0.268911
23 0.26582
24 0.26582
25 0.26582
26 0.279397
27 0.273657
28 0.273657
29 0.273657
30 0.280132
31 0.290287
32 0.290287
33 0.290287
34 0.277042
35 0.289845
36 0.289845
37 0.289845
38 0.289845
39 0.289845
40 0.289845
41 0.289845
42 0.289845
43 0.289845
44 0.289845
45 0.289845
46 0.289845
47 0.289845
48 0.289845
49 0.303164
50 0.303164
51 0.303164
52 0.303164
53 0.303164
54 0.303164
55 0.303164
56 0.303164
57 0.303164
58 0.303164
59 0.304047
60 0.304047
61 0.304047
62 0.304047
63 0.304047
64 0.304047
65 0.304047
66 0.304047
67 0.304047
