0 0
1 0.303909
2 0.303909
3 0.303826
4 0.303826
5 0.303826
6 0.306987
7 0.306987
8 0.306987
9 0.306987
10 0.306987
11 0.306987
12 0.306987
13 0.306987
14 0.306987
15 0.306987
16 0.306987
17 0.306987
18 0.306987
19 0.306987
20 0.306987
21 0.306987
22 0.306987
23 0.306987
24 0.306987
25 0.306987
26 0.306987
27 0.306987
28 0.306987
29 0.306987
30 0.306987
31 0.306987
32 0.306987
33 0.306987
34 0.306987
35 0.306987
36 0.306987
37 0.306987
38 0.306987
39 0.306987
40 0.306987
41 0.306987
42 0.306987
43 0.306987
44 0.306987
45 0.306987
46 0.306987
47 0.306987
48 0.306987
49 0.306987
50 0.306987
51 0.306987
52 0.306987
53 0.306987
54 0.306987
55 0.306987
56 0.306987
57 0.306987
58 0.289177
59 0.289177
60 0.289177
61 0.289177
62 0.289177
63 0.289177
64 0.289177
65 0.289177
66 0.289177
67 0.289177
68 0.289177
69 0.289177
70 0.289177
71 0.289177
72 0.289177
73 0.289177
74 0.289177
75 0.289177
76 0.289177
77 0.289177
78 0.330048
79 0.330048
80 0.330048
81 0.333011
82 0.333011
83 0.333011
84 0.333011
85 0.333011
86 0.333011
87 0.287149
88 0.287149
89 0.287149
90 0.287149
91 0.287149
92 0.287149
93 0.287149
94 0.277168
95 0.277168
96 0.277168
97 0.277168
98 0.277168
99 0.277168
100 0.277168
101 0.277168
102 0.277168
103 0.271803
104 0.271803
105 0.271803
106 0.271803
107 0.273186
108 0.273186
109 0.273186
110 0.273186
111 0.273186
112 0.293647
113 0.293647
114 0.293647
115 0.27069
116 0.27069
117 0.269734
118 0.269734
119 0.270399
120 0.270399
121 0.270399
122 0.270399
123 0.270399
124 0.270399
125 0.269859
126 0.344084
127 0.344084
128 0.344084
129 0.340715
130 0.340715
131 0.340715
132 0.27331
133 0.273477
134 0.278426
135 0.278426
136 0.283708
137 0.284539
138 0.28533
139 0.284747
140 0.284539
141 0.283458
142 0.283458
143 0.283417
144 0.283417
145 0.283458
