0 0
1 0.303909
2 0.303909
3 0.41414
4 0.308224
5 0.348035
6 0.348035
7 0.348035
8 0.348035
9 0.348035
10 0.346621
11 0.351352
12 0.351352
13 0.351352
14 0.351352
15 0.353098
16 0.34948
17 0.35027
18 0.35027
19 0.336712
20 0.293637
21 0.293637
22 0.293637
23 0.29713
24 0.29713
25 0.29713
26 0.336723
27 0.261323
28 0.261323
29 0.261323
30 0.323706
31 0.342961
32 0.342961
33 0.342961
34 0.325494
35 0.297047
36 0.297047
37 0.297047
38 0.297047
39 0.297047
40 0.297047
41 0.297047
42 0.297047
43 0.297047
44 0.297047
45 0.297047
46 0.297047
47 0.297047
48 0.297047
49 0.338553
50 0.338553
51 0.338553
52 0.338553
53 0.338553
54 0.338553
55 0.33352
56 0.33352
57 0.311603
58 0.325785
59 0.331399
60 0.331399
61 0.331399
62 0.331399
63 0.331399
64 0.331399
65 0.331399
66 0.331316
67 0.330526
