0 0
1 0.231678
2 0.231678
3 0.266115
4 0.260486
5 0.260486
6 0.260486
7 0.260486
8 0.255408
9 0.271744
10 0.271818
11 0.271965
12 0.271965
13 0.271965
14 0.291685
15 0.291685
16 0.296468
17 0.296468
18 0.292494
19 0.292494
20 0.292494
21 0.292494
22 0.308021
23 0.291795
24 0.291795
25 0.291795
26 0.291795
27 0.291795
28 0.291795
29 0.291244
30 0.291244
31 0.291244
32 0.303606
33 0.303606
34 0.308462
35 0.309345
36 0.314202
37 0.309787
38 0.297866
39 0.298749
40 0.298749
41 0.306255
42 0.306255
43 0.306255
44 0.306255
45 0.315526
46 0.315526
47 0.315526
48 0.315526
49 0.315526
50 0.315526
51 0.315526
52 0.313319
53 0.308021
54 0.308021
55 0.308021
