0 0
1 0.325606
2 0.325606
3 0.325606
4 0.325606
5 0.246627
6 0.246627
7 0.324296
8 0.327177
9 0.327177
10 0.329011
11 0.343287
12 0.343287
13 0.353766
14 0.353766
15 0.354551
16 0.333071
17 0.333071
18 0.333071
19 0.353766
20 0.353766
21 0.353766
22 0.353766
23 0.359267
24 0.352587
25 0.359136
26 0.325606
27 0.325606
28 0.325606
29 0.325606
30 0.206156
31 0.206156
32 0.206156
33 0.206156
34 0.206156
35 0.206156
36 0.206156
37 0.179568
38 0.179568
39 0.179568
40 0.179568
41 0.179568
42 0.179568
43 0.179568
44 0.179568
45 0.179568
46 0.179568
47 0.179568
48 0.271775
49 0.271775
50 0.209823
51 0.210347
52 0.210347
53 0.228029
54 0.23091
55 0.23091
56 0.23091
57 0.23091
58 0.230648
59 0.230648
60 0.23628
61 0.269941
62 0.269941
63 0.223838
64 0.231958
65 0.231958
66 0.231958
67 0.231958
68 0.234054
