0 0
1 0.325606
2 0.247544
3 0.344597
4 0.344597
5 0.344597
6 0.344597
7 0.344597
8 0.344073
9 0.142764
10 0.142764
11 0.142764
12 0.142764
13 0.142764
14 0.142764
15 0.142764
16 0.142764
17 0.142764
18 0.142764
19 0.142764
20 0.142764
21 0.142764
22 0.142764
23 0.26575
24 0.26575
25 0.26575
26 0.26575
27 0.26575
28 0.26575
29 0.26575
30 0.26575
31 0.26575
32 0.341716
33 0.341716
34 0.341716
35 0.341716
36 0.341716
37 0.341716
38 0.341716
39 0.341716
40 0.344859
41 0.344335
42 0.344335
43 0.344335
44 0.344335
45 0.344335
46 0.344335
47 0.329535
48 0.294826
49 0.294826
50 0.294826
51 0.276228
52 0.276228
53 0.275835
54 0.275835
55 0.275835
56 0.275835
57 0.275835
58 0.275835
59 0.275835
60 0.275835
61 0.275835
62 0.275835
63 0.160314
64 0.160314
65 0.160314
66 0.162148
67 0.162148
68 0.162148
69 0.162148
70 0.162148
71 0.162148
72 0.162148
73 0.162148
74 0.162148
75 0.162148
76 0.163458
77 0.23628
78 0.23628
79 0.23628
80 0.23628
81 0.171185
82 0.171185
83 0.171185
84 0.160445
85 0.160445
