0 0
1 0.230723
2 0.233952
3 0.240473
4 0.240473
5 0.240854
6 0.240854
7 0.241044
8 0.24171
9 0.256299
10 0.256299
11 0.256299
12 0.256299
13 0.256299
14 0.256299
15 0.256299
16 0.256299
17 0.256299
18 0.256299
19 0.256299
20 0.256299
21 0.256299
22 0.256299
23 0.295978
24 0.295978
25 0.295978
26 0.295978
27 0.295978
28 0.295978
29 0.295978
30 0.295978
31 0.295978
32 0.29643
33 0.29643
34 0.29643
35 0.29643
36 0.29643
37 0.29643
38 0.29643
39 0.29643
40 0.297033
41 0.297723
42 0.297723
43 0.297723
44 0.297723
45 0.297723
46 0.297723
47 0.297953
48 0.298112
49 0.298112
50 0.298112
51 0.301602
52 0.301602
53 0.302935
54 0.302935
55 0.302935
56 0.30303
57 0.30303
58 0.30303
59 0.30303
60 0.30303
61 0.30303
62 0.30303
63 0.305561
64 0.305561
65 0.305561
66 0.305561
67 0.305561
68 0.305561
69 0.305561
70 0.305561
71 0.305561
72 0.305561
73 0.305561
74 0.305561
75 0.305561
76 0.306132
77 0.30829
78 0.30829
79 0.30829
80 0.30829
81 0.30867
82 0.30867
83 0.30867
84 0.30867
85 0.30867
