0 0
1 0.303909
2 0.303909
3 0.348035
4 0.338501
5 0.338501
6 0.338501
7 0.339457
8 0.335652
9 0.354502
10 0.338622
11 0.353473
12 0.353473
13 0.353473
14 0.353389
15 0.353389
16 0.362685
17 0.362685
18 0.346652
19 0.346652
20 0.346652
21 0.346652
22 0.365814
23 0.330048
24 0.330048
25 0.330048
26 0.330048
27 0.330048
28 0.330048
29 0.362653
30 0.362653
31 0.362653
32 0.367436
33 0.367436
34 0.359118
35 0.362279
36 0.366979
37 0.360782
38 0.27488
39 0.345269
40 0.345269
41 0.358037
42 0.358037
43 0.358037
44 0.358037
45 0.357954
46 0.357954
47 0.357954
48 0.357954
49 0.357954
50 0.357954
51 0.357954
52 0.358079
53 0.348222
54 0.348222
55 0.348222
