0 0
1 0.230723
2 0.230723
3 0.252546
4 0.255045
5 0.255045
6 0.255045
7 0.255616
8 0.256925
9 0.262042
10 0.264247
11 0.268467
12 0.268467
13 0.268467
14 0.277995
15 0.277995
16 0.283619
17 0.283619
18 0.289608
19 0.289608
20 0.289608
21 0.289608
22 0.295098
23 0.295978
24 0.295978
25 0.295978
26 0.295978
27 0.295978
28 0.295978
29 0.296335
30 0.296335
31 0.296335
32 0.297953
33 0.297953
34 0.300619
35 0.30138
36 0.301856
37 0.302332
38 0.302959
39 0.303752
40 0.303752
41 0.304046
42 0.304046
43 0.304046
44 0.304046
45 0.305283
46 0.305283
47 0.305283
48 0.305283
49 0.305283
50 0.305283
51 0.305283
52 0.305474
53 0.307092
54 0.307092
55 0.307092
