0 0
1 0.213883
2 0.213883
3 0.213883
4 0.275704
5 0.275704
6 0.275704
7 0.180092
8 0.180092
9 0.180092
10 0.289587
11 0.289587
12 0.177341
13 0.235102
14 0.235102
15 0.235102
16 0.173805
17 0.173805
18 0.15835
19 0.206287
20 0.206287
21 0.188867
22 0.188867
23 0.20537
24 0.180092
25 0.180092
26 0.180092
27 0.17315
28 0.17315
29 0.186117
30 0.185069
31 0.184152
32 0.168304
33 0.205763
34 0.205763
35 0.26575
36 0.26575
37 0.26575
38 0.26575
39 0.26575
40 0.26575
41 0.26575
42 0.26575
43 0.26575
44 0.231565
45 0.231565
46 0.231565
47 0.231565
48 0.253831
49 0.239817
50 0.239817
51 0.239817
52 0.239817
53 0.239817
54 0.239817
55 0.239817
56 0.239817
57 0.239817
58 0.239817
59 0.239817
60 0.239817
61 0.239817
62 0.235494
63 0.233268
64 0.233268
65 0.233268
66 0.236673
67 0.236673
68 0.236673
