0 0
1 0.328339
2 0.328339
3 0.235831
4 0.207818
5 0.207818
6 0.207818
7 0.226059
8 0.134853
9 0.181759
10 0.243648
11 0.257329
12 0.257329
13 0.257329
14 0.30684
15 0.30684
16 0.158958
17 0.158958
18 0.0970684
19 0.0970684
20 0.0970684
21 0.0970684
22 0.289251
23 0.106189
24 0.106189
25 0.106189
26 0.106189
27 0.106189
28 0.106189
29 0.280782
30 0.280782
31 0.280782
32 0.208469
33 0.208469
34 0.196091
35 0.127687
36 0.235179
37 0.136156
38 0.0612378
39 0.112052
40 0.112052
41 0.127687
42 0.127687
43 0.127687
44 0.127687
45 0.152443
46 0.152443
47 0.152443
48 0.152443
49 0.152443
50 0.152443
51 0.152443
52 0.178502
53 0.0690554
54 0.0690554
55 0.0690554
