0 0
1 0.230723
2 0.230723
3 0.231295
4 0.231295
5 0.232056
6 0.232596
7 0.242004
8 0.244479
9 0.244479
10 0.246859
11 0.256307
12 0.256307
13 0.277995
14 0.277995
15 0.278399
16 0.280557
17 0.280557
18 0.280557
19 0.285578
20 0.285578
21 0.285578
22 0.285578
23 0.285919
24 0.286054
25 0.286205
26 0.292297
27 0.292297
28 0.292297
29 0.292297
30 0.298961
31 0.298961
32 0.298961
33 0.298961
34 0.298961
35 0.298961
36 0.298961
37 0.302959
38 0.302959
39 0.302959
40 0.302959
41 0.302959
42 0.302959
43 0.302959
44 0.302959
45 0.302959
46 0.302959
47 0.302959
48 0.304482
49 0.304482
50 0.304577
51 0.304958
52 0.304958
53 0.306576
54 0.307147
55 0.307147
56 0.307147
57 0.307147
58 0.307528
59 0.307528
60 0.30829
61 0.308766
62 0.308766
63 0.308861
64 0.309242
65 0.309242
66 0.309242
67 0.309242
68 0.309242
