0 0
1 0.230723
2 0.230723
3 0.230723
4 0.245645
5 0.245645
6 0.250143
7 0.251825
8 0.251825
9 0.251825
10 0.255878
11 0.255878
12 0.255878
13 0.255878
14 0.255878
15 0.255878
16 0.256735
17 0.256735
18 0.258924
19 0.258924
20 0.260543
21 0.260543
22 0.260543
23 0.260543
24 0.260543
25 0.260543
26 0.260543
27 0.260543
28 0.261495
29 0.261495
30 0.261495
31 0.280557
32 0.280557
33 0.284269
34 0.284269
35 0.284269
36 0.284269
37 0.284269
38 0.284269
39 0.284269
40 0.284269
41 0.284269
42 0.288775
43 0.288775
44 0.294392
45 0.294772
46 0.297216
47 0.30188
48 0.301912
49 0.301912
50 0.301912
51 0.301912
52 0.302864
53 0.302959
54 0.303784
55 0.303784
56 0.304101
57 0.304101
58 0.30499
59 0.30499
60 0.30499
61 0.30499
62 0.30499
63 0.305561
64 0.305561
65 0.305561
66 0.305561
67 0.305561
68 0.305561
69 0.305561
70 0.305561
71 0.305561
72 0.305561
73 0.305561
74 0.305561
75 0.305561
76 0.305561
77 0.305561
78 0.306291
79 0.306291
80 0.306291
81 0.306291
82 0.306291
83 0.306481
84 0.306481
85 0.308861
86 0.309718
87 0.310194
