0 0
1 0.231678
2 0.242862
3 0.247572
4 0.247572
5 0.247572
6 0.247572
7 0.247572
8 0.247572
9 0.257469
10 0.257469
11 0.257469
12 0.257469
13 0.257469
14 0.257469
15 0.257469
16 0.257469
17 0.257469
18 0.257469
19 0.257469
20 0.257469
21 0.257469
22 0.257469
23 0.291795
24 0.291795
25 0.291795
26 0.291795
27 0.291795
28 0.291795
29 0.291795
30 0.291795
31 0.291795
32 0.297425
33 0.297425
34 0.297425
35 0.297425
36 0.297425
37 0.297425
38 0.297425
39 0.297425
40 0.300515
41 0.30493
42 0.30493
43 0.30493
44 0.30493
45 0.30493
46 0.30493
47 0.297425
48 0.298013
49 0.298013
50 0.298013
51 0.303164
52 0.303164
53 0.301398
54 0.302281
55 0.302281
56 0.302281
57 0.302281
58 0.302281
59 0.302281
60 0.302281
61 0.302281
62 0.302281
63 0.308168
64 0.308168
65 0.308168
66 0.308168
67 0.308168
68 0.308168
69 0.308168
70 0.308168
71 0.308168
72 0.308168
73 0.308168
74 0.308168
75 0.308168
76 0.308168
77 0.304047
78 0.304047
79 0.304047
80 0.304047
81 0.30184
82 0.30184
83 0.30184
84 0.30184
85 0.30184
