0 0
1 0.231678
2 0.231678
3 0.231678
4 0.231678
5 0.231678
6 0.233885
7 0.233885
8 0.233885
9 0.233885
10 0.233885
11 0.233885
12 0.233885
13 0.233885
14 0.233885
15 0.233885
16 0.233885
17 0.233885
18 0.233885
19 0.233885
20 0.233885
21 0.233885
22 0.233885
23 0.233885
24 0.233885
25 0.233885
26 0.233885
27 0.233885
28 0.233885
29 0.233885
30 0.233885
31 0.233885
32 0.233885
33 0.233885
34 0.233885
35 0.233885
36 0.233885
37 0.233885
38 0.233885
39 0.233885
40 0.233885
41 0.233885
42 0.233885
43 0.233885
44 0.233885
45 0.233885
46 0.233885
47 0.233885
48 0.233885
49 0.233885
50 0.233885
51 0.233885
52 0.233885
53 0.233885
54 0.233885
55 0.233885
56 0.233885
57 0.233885
58 0.257469
59 0.257469
60 0.257469
61 0.257469
62 0.257469
63 0.257469
64 0.257469
65 0.257469
66 0.257469
67 0.257469
68 0.257469
69 0.257469
70 0.257469
71 0.257469
72 0.257469
73 0.257469
74 0.257469
75 0.257469
76 0.257469
77 0.257469
78 0.291795
79 0.291795
80 0.291795
81 0.291795
82 0.291795
83 0.291795
84 0.291795
85 0.291795
86 0.291795
87 0.299191
88 0.299191
89 0.299191
90 0.299191
91 0.299191
92 0.299191
93 0.299191
94 0.2961
95 0.2961
96 0.2961
97 0.2961
98 0.2961
99 0.2961
100 0.2961
101 0.2961
102 0.2961
103 0.297425
104 0.297425
105 0.297425
106 0.297425
107 0.299191
108 0.299191
109 0.299191
110 0.299191
111 0.299191
112 0.30493
113 0.30493
114 0.30493
115 0.289845
116 0.289845
117 0.292936
118 0.292936
119 0.294996
120 0.294996
121 0.294996
122 0.294996
123 0.294996
124 0.294996
125 0.292347
126 0.30493
127 0.30493
128 0.30493
129 0.30493
130 0.30493
131 0.30493
132 0.29323
133 0.29323
134 0.295438
135 0.295438
136 0.299853
137 0.299853
138 0.299853
139 0.299853
140 0.299853
141 0.299853
142 0.299853
143 0.299853
144 0.299853
145 0.299853
