0 0
1 0.231678
2 0.231678
3 0.232561
4 0.232561
5 0.242899
6 0.244077
7 0.251876
8 0.25011
9 0.25011
10 0.25011
11 0.250221
12 0.250221
13 0.291685
14 0.291685
15 0.293451
16 0.290471
17 0.290471
18 0.290471
19 0.302723
20 0.302723
21 0.302723
22 0.302723
23 0.299632
24 0.295217
25 0.296542
26 0.303164
27 0.303164
28 0.303164
29 0.303164
30 0.299191
31 0.299191
32 0.299191
33 0.299191
34 0.299191
35 0.299191
36 0.299191
37 0.297866
38 0.297866
39 0.297866
40 0.297866
41 0.297866
42 0.297866
43 0.297866
44 0.297866
45 0.297866
46 0.297866
47 0.297866
48 0.303606
49 0.303606
50 0.305813
51 0.305372
52 0.305372
53 0.305372
54 0.307138
55 0.307138
56 0.307138
57 0.307138
58 0.307138
59 0.307138
60 0.304047
61 0.306255
62 0.306255
63 0.307138
64 0.30493
65 0.30493
66 0.30493
67 0.30493
68 0.30493
