0 0
1 0.231678
2 0.237417
3 0.237417
4 0.243598
5 0.248013
6 0.260817
7 0.259492
8 0.259492
9 0.2617
10 0.244923
11 0.255077
12 0.260265
13 0.260265
14 0.260265
15 0.267329
16 0.267329
17 0.26777
18 0.26777
19 0.26777
20 0.26777
21 0.26777
22 0.26777
23 0.26777
24 0.26777
25 0.26777
26 0.302723
27 0.302723
28 0.302723
29 0.302723
30 0.289036
31 0.289036
32 0.302723
33 0.302723
34 0.291795
35 0.291795
36 0.291795
37 0.291795
38 0.291795
39 0.302723
40 0.302723
41 0.306255
42 0.306255
43 0.306255
44 0.300957
45 0.300957
46 0.302723
47 0.307138
48 0.303164
49 0.303164
50 0.303164
51 0.30493
52 0.30493
53 0.30493
54 0.30493
55 0.30493
56 0.30493
57 0.30493
58 0.30493
59 0.30493
60 0.30493
61 0.30493
62 0.30493
63 0.304047
64 0.304047
65 0.304047
