0 0
1 0.325606
2 0.325606
3 0.510936
4 0.327832
5 0.325999
6 0.325999
7 0.325999
8 0.325999
9 0.325999
10 0.336608
11 0.341061
12 0.341061
13 0.341061
14 0.341061
15 0.346431
16 0.33425
17 0.33425
18 0.33425
19 0.309627
20 0.181401
21 0.181401
22 0.181401
23 0.185855
24 0.185855
25 0.185855
26 0.268238
27 0.161493
28 0.161493
29 0.161493
30 0.207728
31 0.269286
32 0.269286
33 0.269286
34 0.225671
35 0.183497
36 0.183497
37 0.183497
38 0.183497
39 0.183497
40 0.183497
41 0.183497
42 0.183497
43 0.183497
44 0.183497
45 0.183497
46 0.183497
47 0.183497
48 0.183497
49 0.22554
50 0.22554
51 0.22554
52 0.22554
53 0.22554
54 0.22554
55 0.223838
56 0.223838
57 0.188474
58 0.208513
59 0.23628
60 0.23628
61 0.23628
62 0.23628
63 0.23628
64 0.23628
65 0.23628
66 0.23759
67 0.234316
