0 0
1 0.328339
2 0.323127
3 0.323127
4 0.314658
5 0.288599
6 0.255375
7 0.212378
8 0.212378
9 0.212378
10 0.290554
11 0.239088
12 0.25798
13 0.25798
14 0.25798
15 0.0885993
16 0.0885993
17 0.0397394
18 0.0397394
19 0.0397394
20 0.0397394
21 0.0397394
22 0.0397394
23 0.0397394
24 0.0397394
25 0.0397394
26 0.303583
27 0.303583
28 0.303583
29 0.303583
30 0.0631922
31 0.0631922
32 0.179153
33 0.179153
34 0.106189
35 0.106189
36 0.106189
37 0.106189
38 0.106189
39 0.086645
40 0.086645
41 0.0938111
42 0.0938111
43 0.0931596
44 0.0697068
45 0.0697068
46 0.0827362
47 0.103583
48 0.0684039
49 0.0684039
50 0.0684039
51 0.0684039
52 0.0684039
53 0.0684039
54 0.0684039
55 0.0684039
56 0.0684039
57 0.117264
58 0.117264
59 0.114007
60 0.0488599
61 0.0488599
62 0.0456026
63 0.0840391
64 0.0840391
65 0.0840391
