0 0
1 0.325606
2 0.325606
3 0.325606
4 0.331238
5 0.331238
6 0.32482
7 0.340668
8 0.340668
9 0.340668
10 0.327046
11 0.327046
12 0.327046
13 0.327046
14 0.327046
15 0.327046
16 0.329273
17 0.329273
18 0.321546
19 0.321546
20 0.324034
21 0.324034
22 0.324034
23 0.324034
24 0.324034
25 0.324034
26 0.324034
27 0.324034
28 0.211133
29 0.211133
30 0.211133
31 0.333071
32 0.333071
33 0.32482
34 0.32482
35 0.32482
36 0.32482
37 0.32482
38 0.32482
39 0.32482
40 0.32482
41 0.32482
42 0.164768
43 0.164768
44 0.135953
45 0.208382
46 0.331369
47 0.161493
48 0.16241
49 0.16241
50 0.16241
51 0.16241
52 0.161362
53 0.179568
54 0.193844
55 0.193844
56 0.161231
57 0.161231
58 0.15979
59 0.15979
60 0.15979
61 0.15979
62 0.15979
63 0.160314
64 0.160314
65 0.160314
66 0.160314
67 0.160314
68 0.160314
69 0.160314
70 0.161362
71 0.161362
72 0.161362
73 0.161362
74 0.161362
75 0.160314
76 0.160314
77 0.160314
78 0.216241
79 0.216241
80 0.216241
81 0.216241
82 0.216241
83 0.216241
84 0.220825
85 0.21336
86 0.212181
87 0.201965
