0 0
1 0.303909
2 0.303909
3 0.303909
4 0.34329
5 0.34329
6 0.341412
7 0.340528
8 0.340528
9 0.340528
10 0.353109
11 0.353109
12 0.353109
13 0.353109
14 0.353109
15 0.353109
16 0.350031
17 0.350031
18 0.353441
19 0.353441
20 0.352776
21 0.352776
22 0.352776
23 0.352776
24 0.352776
25 0.352776
26 0.352776
27 0.352776
28 0.332897
29 0.332897
30 0.332897
31 0.333874
32 0.333874
33 0.342025
34 0.342025
35 0.342025
36 0.342025
37 0.342025
38 0.342025
39 0.342025
40 0.342025
41 0.342025
42 0.334227
43 0.334227
44 0.318008
45 0.36047
46 0.374693
47 0.327449
48 0.333396
49 0.333396
50 0.333396
51 0.333396
52 0.334269
53 0.27488
54 0.334061
55 0.334061
56 0.335226
57 0.335226
58 0.332658
59 0.332658
60 0.332658
61 0.332658
62 0.332658
63 0.333572
64 0.333572
65 0.333572
66 0.333572
67 0.333572
68 0.333572
69 0.333572
70 0.334238
71 0.334238
72 0.334238
73 0.334238
74 0.334238
75 0.333572
76 0.333572
77 0.333572
78 0.344666
79 0.344666
80 0.344666
81 0.344666
82 0.344666
83 0.343502
84 0.35577
85 0.343834
86 0.343294
87 0.341214
