0 0
1 0.230723
2 0.230723
3 0.231239
4 0.233095
5 0.252546
6 0.252546
7 0.252546
8 0.252546
9 0.252546
10 0.253403
11 0.26009
12 0.26009
13 0.26009
14 0.26009
15 0.263422
16 0.265516
17 0.265802
18 0.265802
19 0.267896
20 0.273838
21 0.273838
22 0.273838
23 0.275742
24 0.275742
25 0.275742
26 0.281334
27 0.283333
28 0.283333
29 0.283333
30 0.283674
31 0.285515
32 0.285515
33 0.285515
34 0.286467
35 0.289608
36 0.289608
37 0.289608
38 0.289608
39 0.289608
40 0.289608
41 0.289608
42 0.289608
43 0.289608
44 0.289608
45 0.289608
46 0.289608
47 0.289608
48 0.289608
49 0.306576
50 0.306576
51 0.306576
52 0.306576
53 0.306576
54 0.306576
55 0.306957
56 0.306957
57 0.307719
58 0.307719
59 0.30829
60 0.30829
61 0.30829
62 0.30829
63 0.30829
64 0.30829
65 0.30829
66 0.30829
67 0.30829
