0 0
1 0.231678
2 0.231678
3 0.231678
4 0.242311
5 0.242311
6 0.248675
7 0.245806
8 0.245806
9 0.245806
10 0.265232
11 0.265232
12 0.265232
13 0.265232
14 0.265232
15 0.265232
16 0.263024
17 0.263024
18 0.266115
19 0.266115
20 0.266556
21 0.266556
22 0.266556
23 0.266556
24 0.266556
25 0.266556
26 0.266556
27 0.266556
28 0.264349
29 0.264349
30 0.264349
31 0.290471
32 0.290471
33 0.294886
34 0.294886
35 0.294886
36 0.294886
37 0.294886
38 0.294886
39 0.294886
40 0.294886
41 0.294886
42 0.2961
43 0.2961
44 0.299191
45 0.298749
46 0.305813
47 0.30493
48 0.312877
49 0.312877
50 0.312877
51 0.312877
52 0.312877
53 0.297866
54 0.309787
55 0.309787
56 0.311111
57 0.311111
58 0.309051
59 0.309051
60 0.309051
61 0.309051
62 0.309051
63 0.308168
64 0.308168
65 0.308168
66 0.308168
67 0.308168
68 0.308168
69 0.308168
70 0.308168
71 0.308168
72 0.308168
73 0.308168
74 0.308168
75 0.308168
76 0.308168
77 0.308168
78 0.306255
79 0.306255
80 0.306255
81 0.306255
82 0.306255
83 0.306255
84 0.304489
85 0.308904
86 0.308904
87 0.309345
