0 0
1 0.328339
2 0.328339
3 0.496417
4 0.32899
5 0.235831
6 0.235831
7 0.235831
8 0.235831
9 0.235831
10 0.252769
11 0.251466
12 0.251466
13 0.251466
14 0.251466
15 0.25798
16 0.233876
17 0.233876
18 0.233876
19 0.225407
20 0.0527687
21 0.0527687
22 0.0527687
23 0.0631922
24 0.0631922
25 0.0631922
26 0.125081
27 0.113355
28 0.113355
29 0.113355
30 0.0560261
31 0.125081
32 0.125081
33 0.125081
34 0.0644951
35 0.0788274
36 0.0788274
37 0.0788274
38 0.0788274
39 0.0788274
40 0.0788274
41 0.0788274
42 0.0788274
43 0.0788274
44 0.0788274
45 0.0788274
46 0.0788274
47 0.0788274
48 0.0788274
49 0.0684039
50 0.0684039
51 0.0684039
52 0.0684039
53 0.0684039
54 0.0684039
55 0.0684039
56 0.0684039
57 0.0456026
58 0.0514658
59 0.0840391
60 0.0840391
61 0.0840391
62 0.0840391
63 0.0840391
64 0.0840391
65 0.0840391
66 0.086645
67 0.0801303
