0 0
1 0.325606
2 0.327177
3 0.327177
4 0.330583
5 0.306614
6 0.333988
7 0.321938
8 0.321938
9 0.321807
10 0.344204
11 0.322331
12 0.337132
13 0.337132
14 0.337132
15 0.227505
16 0.227505
17 0.129404
18 0.129404
19 0.129404
20 0.129404
21 0.129404
22 0.129404
23 0.129404
24 0.129404
25 0.129404
26 0.353766
27 0.353766
28 0.353766
29 0.353766
30 0.154028
31 0.154028
32 0.324296
33 0.324296
34 0.26575
35 0.26575
36 0.26575
37 0.26575
38 0.26575
39 0.272823
40 0.272823
41 0.264964
42 0.264964
43 0.266405
44 0.22279
45 0.22279
46 0.24165
47 0.287361
48 0.22554
49 0.22554
50 0.22554
51 0.234447
52 0.234447
53 0.234447
54 0.234447
55 0.234447
56 0.234447
57 0.266536
58 0.266536
59 0.264833
60 0.190701
61 0.190701
62 0.189391
63 0.23628
64 0.23628
65 0.23628
