0 0
1 0.328339
2 0.328339
3 0.328339
4 0.295114
5 0.295114
6 0.263192
7 0.288599
8 0.288599
9 0.288599
10 0.192834
11 0.192834
12 0.192834
13 0.192834
14 0.192834
15 0.192834
16 0.199349
17 0.199349
18 0.186971
19 0.186971
20 0.176547
21 0.176547
22 0.176547
23 0.176547
24 0.176547
25 0.176547
26 0.176547
27 0.176547
28 0.067101
29 0.067101
30 0.067101
31 0.27101
32 0.27101
33 0.196743
34 0.196743
35 0.196743
36 0.196743
37 0.196743
38 0.196743
39 0.196743
40 0.196743
41 0.196743
42 0.0332248
43 0.0332248
44 0.0351792
45 0.0449511
46 0.131596
47 0.0319218
48 0.028013
49 0.028013
50 0.028013
51 0.028013
52 0.028013
53 0.0612378
54 0.0495114
55 0.0495114
56 0.028013
57 0.028013
58 0.028013
59 0.028013
60 0.028013
61 0.028013
62 0.028013
63 0.0299674
64 0.0299674
65 0.0299674
66 0.0299674
67 0.0299674
68 0.0299674
69 0.0299674
70 0.0306189
71 0.0306189
72 0.0306189
73 0.0306189
74 0.0306189
75 0.0306189
76 0.0306189
77 0.0306189
78 0.0527687
79 0.0527687
80 0.0527687
81 0.0527687
82 0.0527687
83 0.0527687
84 0.0631922
85 0.047557
86 0.047557
87 0.047557
