0 0
1 0.270272
2 0.270272
3 0.270272
4 0.271597
5 0.271597
6 0.271597
7 0.279544
8 0.279544
9 0.279544
10 0.276637
11 0.276637
12 0.277778
13 0.288999
14 0.288999
15 0.288999
16 0.285725
17 0.285725
18 0.2844
19 0.279544
20 0.279544
21 0.280427
22 0.280427
23 0.279985
24 0.279544
25 0.279544
26 0.279544
27 0.279985
28 0.279985
29 0.281751
30 0.286166
31 0.284842
32 0.285283
33 0.291906
34 0.291906
35 0.291795
36 0.291795
37 0.291795
38 0.291795
39 0.291795
40 0.291795
41 0.291795
42 0.291795
43 0.291795
44 0.285283
45 0.285283
46 0.285283
47 0.285283
48 0.289257
49 0.283076
50 0.283076
51 0.283076
52 0.283076
53 0.283076
54 0.283076
55 0.283076
56 0.283076
57 0.283076
58 0.283076
59 0.283076
60 0.283076
61 0.283076
62 0.2844
63 0.287491
64 0.287491
65 0.287491
66 0.283076
67 0.283076
68 0.283076
