0 0
1 0.230723
2 0.234555
3 0.234555
4 0.236173
5 0.240457
6 0.244233
7 0.249881
8 0.249881
9 0.250357
10 0.251277
11 0.25207
12 0.255045
13 0.255045
14 0.255045
15 0.260376
16 0.260376
17 0.270419
18 0.270419
19 0.270419
20 0.270419
21 0.270419
22 0.270419
23 0.270419
24 0.270419
25 0.270419
26 0.285578
27 0.285578
28 0.285578
29 0.285578
30 0.288815
31 0.288815
32 0.290719
33 0.290719
34 0.295978
35 0.295978
36 0.295978
37 0.295978
38 0.295978
39 0.298667
40 0.298667
41 0.30096
42 0.30096
43 0.30115
44 0.30257
45 0.30257
46 0.303911
47 0.304101
48 0.306576
49 0.306576
50 0.306576
51 0.307623
52 0.307623
53 0.307623
54 0.307623
55 0.307623
56 0.307623
57 0.307909
58 0.307909
59 0.307909
60 0.308195
61 0.308195
62 0.308195
63 0.30829
64 0.30829
65 0.30829
