0 0
1 0.190081
2 0.190081
3 0.190081
4 0.190081
5 0.190081
6 0.190081
7 0.190081
8 0.200774
9 0.200774
10 0.200774
11 0.200774
12 0.200774
13 0.200774
14 0.200774
15 0.200774
16 0.200774
17 0.200774
18 0.200774
19 0.200774
20 0.200774
21 0.200774
22 0.200774
23 0.200774
24 0.200774
25 0.200774
26 0.200774
27 0.200774
28 0.200774
29 0.200774
30 0.200774
31 0.200774
32 0.200774
33 0.19528
34 0.19528
35 0.19528
36 0.19528
37 0.19528
38 0.19528
39 0.19528
40 0.19528
41 0.19528
42 0.19528
43 0.224484
44 0.224484
45 0.230605
46 0.230605
47 0.230605
48 0.230605
49 0.228835
50 0.240782
51 0.240782
52 0.23149
53 0.23149
54 0.23149
55 0.23326
56 0.23326
57 0.23326
58 0.23326
59 0.23326
60 0.23326
61 0.23326
