0 0
1 0.451333
2 0.451333
3 0.451333
4 0.451333
5 0.451333
6 0.451333
7 0.451333
8 0.451333
9 0.451333
10 0.451333
11 0.451333
12 0.451333
13 0.451333
14 0.451333
15 0.451333
16 0.451333
17 0.451333
18 0.451333
19 0.451333
20 0.451333
21 0.451333
22 0.451333
23 0.451333
24 0.451333
25 0.451333
26 0.451333
27 0.451333
28 0.451333
29 0.451333
30 0.451333
31 0.451333
32 0.451333
33 0.448667
34 0.448667
35 0.448667
36 0.448667
37 0.448667
38 0.448667
39 0.448667
40 0.448667
41 0.448667
42 0.448667
43 0.448667
44 0.448667
45 0.45
46 0.45
47 0.45
48 0.45
49 0.450667
50 0.421333
51 0.421333
52 0.434667
53 0.434667
54 0.434667
55 0.43
56 0.43
57 0.43
58 0.43
59 0.43
60 0.43
61 0.43
