0 0
1 0.362005
2 0.362005
3 0.362005
4 0.362005
5 0.362005
6 0.362005
7 0.362005
8 0.36361
9 0.36361
10 0.36361
11 0.36361
12 0.36361
13 0.36361
14 0.36361
15 0.36361
16 0.36361
17 0.36361
18 0.36361
19 0.36361
20 0.36361
21 0.36361
22 0.36361
23 0.36361
24 0.36361
25 0.36361
26 0.36361
27 0.36361
28 0.36361
29 0.36361
30 0.36361
31 0.36361
32 0.36361
33 0.392288
34 0.392288
35 0.392288
36 0.392288
37 0.392288
38 0.392288
39 0.392288
40 0.392288
41 0.392288
42 0.392288
43 0.401244
44 0.401244
45 0.399708
46 0.399708
47 0.399708
48 0.399708
49 0.399812
50 0.407003
51 0.407003
52 0.408774
53 0.408774
54 0.408774
55 0.409921
56 0.409921
57 0.409921
58 0.409921
59 0.409921
60 0.409921
61 0.409921
