0 0
1 0.359938
2 0.359938
3 0.359938
4 0.359938
5 0.359938
6 0.359938
7 0.359938
8 0.359938
9 0.359938
10 0.359938
11 0.359938
12 0.359938
13 0.359938
14 0.359938
15 0.359938
16 0.359938
17 0.359938
18 0.359938
19 0.359938
20 0.359938
21 0.359938
22 0.359938
23 0.359938
24 0.359938
25 0.359938
26 0.359938
27 0.359938
28 0.359938
29 0.359938
30 0.359938
31 0.359938
32 0.359938
33 0.359938
34 0.359938
35 0.359938
36 0.359938
37 0.359938
38 0.359938
39 0.359938
40 0.385317
41 0.391347
42 0.392077
43 0.39778
44 0.39778
45 0.39778
46 0.39778
47 0.39778
48 0.401407
49 0.401407
50 0.401407
51 0.401407
52 0.404238
53 0.404238
54 0.408448
55 0.408448
56 0.408448
57 0.409323
58 0.409323
59 0.409323
60 0.406374
61 0.406374
62 0.406374
63 0.411282
64 0.411199
65 0.415784
66 0.415784
67 0.413853
68 0.413853
69 0.413895
70 0.413895
71 0.413895
72 0.41377
73 0.41377
