0 0
1 0.502447
2 0.502447
3 0.502447
4 0.502447
5 0.502447
6 0.502447
7 0.502447
8 0.502447
9 0.502447
10 0.502447
11 0.502447
12 0.502447
13 0.502447
14 0.502447
15 0.502447
16 0.502447
17 0.502447
18 0.502447
19 0.502447
20 0.502447
21 0.502447
22 0.502447
23 0.502447
24 0.502447
25 0.502447
26 0.502447
27 0.502447
28 0.502447
29 0.502447
30 0.502447
31 0.502447
32 0.502447
33 0.502447
34 0.502447
35 0.502447
36 0.502447
37 0.502447
38 0.502447
39 0.502447
40 0.510567
41 0.510901
42 0.510345
43 0.510456
44 0.510456
45 0.510456
46 0.510456
47 0.510456
48 0.515907
49 0.515907
50 0.515907
51 0.515907
52 0.514683
53 0.514683
54 0.513014
55 0.513014
56 0.513014
57 0.513126
58 0.513126
59 0.513126
60 0.51624
61 0.51624
62 0.51624
63 0.514238
64 0.514238
65 0.514905
66 0.514905
67 0.513348
68 0.513348
69 0.513682
70 0.513682
71 0.513682
72 0.513571
73 0.513571
