0 0
1 0.393256
2 0.393256
3 0.393256
4 0.393256
5 0.393256
6 0.393256
7 0.393256
8 0.394738
9 0.394738
10 0.394738
11 0.394738
12 0.394738
13 0.394738
14 0.394738
15 0.394738
16 0.394738
17 0.394738
18 0.394738
19 0.394738
20 0.394738
21 0.394738
22 0.394738
23 0.394738
24 0.394738
25 0.394738
26 0.394738
27 0.394738
28 0.394738
29 0.394738
30 0.394738
31 0.394738
32 0.394738
33 0.413053
34 0.413053
35 0.413053
36 0.413053
37 0.413053
38 0.413053
39 0.413053
40 0.413053
41 0.413053
42 0.413053
43 0.418353
44 0.418353
45 0.4204
46 0.4204
47 0.4204
48 0.4204
49 0.420953
50 0.42296
51 0.42296
52 0.426065
53 0.426065
54 0.426065
55 0.426252
56 0.426252
57 0.426252
58 0.426252
59 0.426252
60 0.426252
61 0.426252
