0 0
1 0.50448
2 0.50448
3 0.50448
4 0.50448
5 0.50448
6 0.50448
7 0.50448
8 0.50448
9 0.50448
10 0.50448
11 0.50448
12 0.50448
13 0.50448
14 0.50448
15 0.50448
16 0.50448
17 0.50448
18 0.50448
19 0.50448
20 0.50448
21 0.50448
22 0.50448
23 0.50448
24 0.50448
25 0.50448
26 0.50448
27 0.50448
28 0.50448
29 0.50448
30 0.50448
31 0.50448
32 0.50448
33 0.493544
34 0.493544
35 0.493544
36 0.493544
37 0.493544
38 0.493544
39 0.493544
40 0.493544
41 0.493544
42 0.493544
43 0.494466
44 0.494466
45 0.489328
46 0.489328
47 0.489328
48 0.489328
49 0.489196
50 0.480501
51 0.480501
52 0.489855
53 0.489855
54 0.489855
55 0.488669
56 0.488669
57 0.488669
58 0.488669
59 0.488669
60 0.488669
61 0.488669
