0 0
1 0.404282
2 0.404282
3 0.404282
4 0.404282
5 0.404282
6 0.404282
7 0.404282
8 0.404282
9 0.404282
10 0.404282
11 0.404282
12 0.404282
13 0.404282
14 0.404282
15 0.404282
16 0.404282
17 0.404282
18 0.404282
19 0.404282
20 0.404282
21 0.404282
22 0.404282
23 0.404282
24 0.404282
25 0.404282
26 0.404282
27 0.404282
28 0.404282
29 0.404282
30 0.404282
31 0.404282
32 0.404282
33 0.404282
34 0.404282
35 0.404282
36 0.404282
37 0.404282
38 0.404282
39 0.404282
40 0.421734
41 0.42561
42 0.425738
43 0.431066
44 0.431066
45 0.431066
46 0.431066
47 0.431066
48 0.432812
49 0.432812
50 0.432812
51 0.432812
52 0.433504
53 0.433504
54 0.434287
55 0.434287
56 0.434287
57 0.435069
58 0.435069
59 0.435069
60 0.435403
61 0.435403
62 0.435403
63 0.437989
64 0.437778
65 0.438471
66 0.438471
67 0.438448
68 0.438448
69 0.438478
70 0.438478
71 0.438478
72 0.438599
73 0.438599
