0 0
1 0.407231
2 0.407231
3 0.407231
4 0.407231
5 0.407231
6 0.407231
7 0.407231
8 0.408465
9 0.408465
10 0.408465
11 0.408465
12 0.408465
13 0.408465
14 0.408465
15 0.408465
16 0.408465
17 0.408465
18 0.408465
19 0.408465
20 0.408465
21 0.408465
22 0.408465
23 0.408465
24 0.408465
25 0.408465
26 0.408465
27 0.408465
28 0.408465
29 0.408465
30 0.408465
31 0.408465
32 0.408465
33 0.427562
34 0.427562
35 0.427562
36 0.427562
37 0.427562
38 0.427562
39 0.427562
40 0.427562
41 0.427562
42 0.427562
43 0.432457
44 0.432457
45 0.433194
46 0.433194
47 0.433194
48 0.433194
49 0.433217
50 0.434169
51 0.434169
52 0.436505
53 0.436505
54 0.436505
55 0.437975
56 0.437975
57 0.437975
58 0.437975
59 0.437975
60 0.437975
61 0.437975
