0 0
1 0.182006
2 0.182006
3 0.182006
4 0.182006
5 0.182006
6 0.182006
7 0.182006
8 0.182006
9 0.182006
10 0.182006
11 0.182006
12 0.182006
13 0.182006
14 0.182006
15 0.182006
16 0.182006
17 0.182006
18 0.182006
19 0.182006
20 0.182006
21 0.182006
22 0.182006
23 0.182006
24 0.182006
25 0.182006
26 0.182006
27 0.182006
28 0.182006
29 0.182006
30 0.182006
31 0.182006
32 0.182006
33 0.182006
34 0.182006
35 0.182006
36 0.182006
37 0.182006
38 0.182006
39 0.182006
40 0.182006
41 0.182006
42 0.182006
43 0.182006
44 0.182006
45 0.182006
46 0.182006
47 0.182006
48 0.182006
49 0.182006
50 0.182006
51 0.182006
52 0.182006
53 0.182006
54 0.182006
55 0.182006
56 0.182006
57 0.182006
58 0.182006
59 0.182006
60 0.182006
61 0.182006
62 0.182006
63 0.182006
64 0.182006
65 0.182006
66 0.182006
67 0.182006
68 0.182006
69 0.182006
70 0.182006
71 0.182006
72 0.182006
73 0.182006
74 0.182006
75 0.182006
76 0.182006
77 0.182006
78 0.182006
79 0.182006
80 0.182006
81 0.182006
82 0.182006
83 0.182006
84 0.182006
85 0.182006
86 0.182006
87 0.182006
88 0.182006
89 0.182006
90 0.182006
91 0.182006
92 0.182006
93 0.182006
94 0.182006
95 0.182006
96 0.182006
97 0.182006
98 0.182006
99 0.182006
100 0.182006
101 0.182006
102 0.182006
103 0.182006
104 0.182006
105 0.182006
106 0.182006
107 0.182006
108 0.182006
109 0.182006
110 0.182006
111 0.182006
112 0.182006
113 0.182006
114 0.182006
115 0.182006
116 0.182006
117 0.182006
118 0.182006
119 0.182006
120 0.182006
121 0.182006
122 0.182006
123 0.182006
124 0.182006
125 0.182006
126 0.182006
127 0.182006
128 0.182006
129 0.182006
130 0.182006
131 0.182006
132 0.182006
133 0.182006
134 0.182006
135 0.182006
136 0.182006
137 0.182006
138 0.182006
139 0.182006
140 0.182006
141 0.182006
142 0.182006
143 0.182006
144 0.182006
