0 0
1 0.450667
2 0.450667
3 0.450667
4 0.450667
5 0.450667
6 0.450667
7 0.450667
8 0.450667
9 0.450667
10 0.450667
11 0.450667
12 0.450667
13 0.450667
14 0.450667
15 0.450667
16 0.450667
17 0.450667
18 0.450667
19 0.450667
20 0.450667
21 0.450667
22 0.450667
23 0.450667
24 0.450667
25 0.450667
26 0.450667
27 0.450667
28 0.450667
29 0.450667
30 0.450667
31 0.450667
32 0.450667
33 0.450667
34 0.450667
35 0.450667
36 0.450667
37 0.450667
38 0.450667
39 0.450667
40 0.450667
41 0.450667
42 0.450667
43 0.450667
44 0.450667
45 0.450667
46 0.450667
47 0.450667
48 0.450667
49 0.450667
50 0.450667
51 0.450667
52 0.450667
53 0.450667
54 0.450667
55 0.450667
56 0.450667
57 0.450667
58 0.450667
59 0.450667
60 0.450667
61 0.450667
62 0.450667
63 0.450667
64 0.450667
65 0.450667
66 0.450667
67 0.450667
68 0.450667
69 0.450667
70 0.450667
71 0.450667
72 0.450667
73 0.450667
74 0.450667
75 0.450667
76 0.450667
77 0.450667
78 0.450667
79 0.450667
80 0.450667
81 0.450667
82 0.450667
83 0.450667
84 0.450667
85 0.450667
86 0.450667
87 0.450667
88 0.450667
89 0.450667
90 0.450667
91 0.450667
92 0.450667
93 0.450667
94 0.450667
95 0.450667
96 0.450667
97 0.450667
98 0.450667
99 0.450667
100 0.450667
101 0.450667
102 0.450667
103 0.450667
104 0.450667
105 0.450667
106 0.450667
107 0.450667
108 0.450667
109 0.450667
110 0.450667
111 0.450667
112 0.450667
113 0.450667
114 0.450667
115 0.450667
116 0.450667
117 0.450667
118 0.450667
119 0.450667
120 0.450667
121 0.450667
122 0.450667
123 0.450667
124 0.450667
125 0.450667
126 0.450667
127 0.450667
128 0.450667
129 0.450667
130 0.450667
131 0.450667
132 0.450667
133 0.450667
134 0.450667
135 0.450667
136 0.450667
137 0.450667
138 0.450667
139 0.450667
140 0.450667
141 0.450667
142 0.450667
143 0.450667
144 0.450667
