0 0
1 0.39086
2 0.39086
3 0.39086
4 0.39086
5 0.39086
6 0.39086
7 0.39086
8 0.39086
9 0.39086
10 0.39086
11 0.39086
12 0.39086
13 0.39086
14 0.39086
15 0.39086
16 0.39086
17 0.39086
18 0.39086
19 0.39086
20 0.39086
21 0.39086
22 0.39086
23 0.39086
24 0.39086
25 0.39086
26 0.39086
27 0.39086
28 0.39086
29 0.39086
30 0.39086
31 0.39086
32 0.39086
33 0.39086
34 0.39086
35 0.39086
36 0.39086
37 0.39086
38 0.39086
39 0.39086
40 0.39086
41 0.39086
42 0.39086
43 0.39086
44 0.39086
45 0.39086
46 0.39086
47 0.39086
48 0.39086
49 0.39086
50 0.39086
51 0.39086
52 0.39086
53 0.39086
54 0.39086
55 0.39086
56 0.39086
57 0.39086
58 0.39086
59 0.39086
60 0.39086
61 0.39086
62 0.39086
63 0.39086
64 0.39086
65 0.39086
66 0.39086
67 0.39086
68 0.39086
69 0.39086
70 0.39086
71 0.39086
72 0.39086
73 0.39086
74 0.39086
75 0.39086
76 0.39086
77 0.39086
78 0.39086
79 0.39086
80 0.39086
81 0.39086
82 0.39086
83 0.39086
84 0.39086
85 0.39086
86 0.39086
87 0.39086
88 0.39086
89 0.39086
90 0.39086
91 0.39086
92 0.39086
93 0.39086
94 0.39086
95 0.39086
96 0.39086
97 0.39086
98 0.39086
99 0.39086
100 0.39086
101 0.39086
102 0.39086
103 0.39086
104 0.39086
105 0.39086
106 0.39086
107 0.39086
108 0.39086
109 0.39086
110 0.39086
111 0.39086
112 0.39086
113 0.39086
114 0.39086
115 0.39086
116 0.39086
117 0.39086
118 0.39086
119 0.39086
120 0.39086
121 0.39086
122 0.39086
123 0.39086
124 0.39086
125 0.39086
126 0.39086
127 0.39086
128 0.39086
129 0.39086
130 0.39086
131 0.39086
132 0.39086
133 0.39086
134 0.39086
135 0.39086
136 0.39086
137 0.39086
138 0.39086
139 0.39086
140 0.39086
141 0.39086
142 0.39086
143 0.39086
144 0.39086
