0 0
1 0.502447
2 0.502447
3 0.502447
4 0.502447
5 0.502447
6 0.502447
7 0.502447
8 0.502447
9 0.502447
10 0.502447
11 0.502447
12 0.502447
13 0.502447
14 0.502447
15 0.502447
16 0.502447
17 0.502447
18 0.502447
19 0.502447
20 0.502447
21 0.502447
22 0.502447
23 0.502447
24 0.502447
25 0.502447
26 0.502447
27 0.502447
28 0.502447
29 0.502447
30 0.502447
31 0.502447
32 0.502447
33 0.502447
34 0.502447
35 0.502447
36 0.502447
37 0.502447
38 0.502447
39 0.502447
40 0.502447
41 0.502447
42 0.502447
43 0.502447
44 0.502447
45 0.502447
46 0.502447
47 0.502447
48 0.502447
49 0.502447
50 0.502447
51 0.502447
52 0.502447
53 0.502447
54 0.502447
55 0.502447
56 0.502447
57 0.502447
58 0.502447
59 0.502447
60 0.502447
61 0.502447
62 0.502447
63 0.502447
64 0.502447
65 0.502447
66 0.502447
67 0.502447
68 0.502447
69 0.502447
70 0.502447
71 0.502447
72 0.502447
73 0.502447
74 0.502447
75 0.502447
76 0.502447
77 0.502447
78 0.502447
79 0.502447
80 0.502447
81 0.502447
82 0.502447
83 0.502447
84 0.502447
85 0.502447
86 0.502447
87 0.502447
88 0.502447
89 0.502447
90 0.502447
91 0.502447
92 0.502447
93 0.502447
94 0.502447
95 0.502447
96 0.502447
97 0.502447
98 0.502447
99 0.502447
100 0.502447
101 0.502447
102 0.502447
103 0.502447
104 0.502447
105 0.502447
106 0.502447
107 0.502447
108 0.502447
109 0.502447
110 0.502447
111 0.502447
112 0.502447
113 0.502447
114 0.502447
115 0.502447
116 0.502447
117 0.502447
118 0.502447
119 0.502447
120 0.502447
121 0.502447
122 0.502447
123 0.502447
124 0.502447
125 0.502447
126 0.502447
127 0.502447
128 0.502447
129 0.502447
130 0.502447
131 0.502447
132 0.502447
133 0.502447
134 0.502447
135 0.502447
136 0.502447
137 0.502447
138 0.502447
139 0.502447
140 0.502447
141 0.502447
142 0.502447
143 0.502447
144 0.502447
