0 0
1 0.404282
2 0.404282
3 0.404282
4 0.404282
5 0.404282
6 0.404282
7 0.404282
8 0.404282
9 0.404282
10 0.404282
11 0.404282
12 0.404282
13 0.404282
14 0.404282
15 0.404282
16 0.404282
17 0.404282
18 0.404282
19 0.404282
20 0.404282
21 0.404282
22 0.404282
23 0.404282
24 0.404282
25 0.404282
26 0.404282
27 0.404282
28 0.404282
29 0.404282
30 0.404282
31 0.404282
32 0.404282
33 0.404282
34 0.404282
35 0.404282
36 0.404282
37 0.404282
38 0.404282
39 0.404282
40 0.404282
41 0.404282
42 0.404282
43 0.404282
44 0.404282
45 0.404282
46 0.404282
47 0.404282
48 0.404282
49 0.404282
50 0.404282
51 0.404282
52 0.404282
53 0.404282
54 0.404282
55 0.404282
56 0.404282
57 0.404282
58 0.404282
59 0.404282
60 0.404282
61 0.404282
62 0.404282
63 0.404282
64 0.404282
65 0.404282
66 0.404282
67 0.404282
68 0.404282
69 0.404282
70 0.404282
71 0.404282
72 0.404282
73 0.404282
74 0.404282
75 0.404282
76 0.404282
77 0.404282
78 0.404282
79 0.404282
80 0.404282
81 0.404282
82 0.404282
83 0.404282
84 0.404282
85 0.404282
86 0.404282
87 0.404282
88 0.404282
89 0.404282
90 0.404282
91 0.404282
92 0.404282
93 0.404282
94 0.404282
95 0.404282
96 0.404282
97 0.404282
98 0.404282
99 0.404282
100 0.404282
101 0.404282
102 0.404282
103 0.404282
104 0.404282
105 0.404282
106 0.404282
107 0.404282
108 0.404282
109 0.404282
110 0.404282
111 0.404282
112 0.404282
113 0.404282
114 0.404282
115 0.404282
116 0.404282
117 0.404282
118 0.404282
119 0.404282
120 0.404282
121 0.404282
122 0.404282
123 0.404282
124 0.404282
125 0.404282
126 0.404282
127 0.404282
128 0.404282
129 0.404282
130 0.404282
131 0.404282
132 0.404282
133 0.404282
134 0.404282
135 0.404282
136 0.404282
137 0.404282
138 0.404282
139 0.404282
140 0.404282
141 0.404282
142 0.404282
143 0.404282
144 0.404282
