0 0
1 0.390295
2 0.390295
3 0.390295
4 0.390295
5 0.390295
6 0.390295
7 0.390295
8 0.390295
9 0.390295
10 0.390295
11 0.390295
12 0.390295
13 0.390295
14 0.390295
15 0.390295
16 0.390295
17 0.390295
18 0.390295
19 0.390295
20 0.390295
21 0.390295
22 0.390295
23 0.390295
24 0.390295
25 0.390295
26 0.390295
27 0.390295
28 0.390295
29 0.390295
30 0.390295
31 0.390295
32 0.390295
33 0.390295
34 0.390295
35 0.390295
36 0.390295
37 0.390295
38 0.390295
39 0.390295
40 0.390295
41 0.390295
42 0.390295
43 0.390295
44 0.390295
45 0.390295
46 0.390295
47 0.390295
48 0.390295
49 0.390295
50 0.390295
51 0.390295
52 0.390295
53 0.390295
54 0.390295
55 0.390295
56 0.390295
57 0.390295
58 0.390295
59 0.390295
60 0.390295
61 0.390295
62 0.390295
63 0.390295
64 0.390295
65 0.390295
66 0.390295
67 0.390295
68 0.390295
69 0.390295
70 0.390295
71 0.390295
72 0.390295
73 0.390295
74 0.390295
75 0.390295
76 0.390295
77 0.390295
78 0.390295
79 0.390295
80 0.390295
81 0.390295
82 0.390295
83 0.390295
84 0.390295
85 0.390295
86 0.390295
87 0.390295
88 0.390295
89 0.390295
90 0.390295
91 0.390295
92 0.390295
93 0.390295
94 0.390295
95 0.390295
96 0.390295
97 0.390295
98 0.390295
99 0.390295
100 0.390295
101 0.390295
102 0.390295
103 0.390295
104 0.390295
105 0.390295
106 0.390295
107 0.390295
108 0.390295
109 0.390295
110 0.390295
111 0.390295
112 0.390295
113 0.390295
114 0.390295
115 0.390295
116 0.390295
117 0.390295
118 0.390295
119 0.390295
120 0.390295
121 0.390295
122 0.390295
123 0.390295
124 0.390295
125 0.390295
126 0.390295
127 0.390295
128 0.390295
129 0.390295
130 0.390295
131 0.390295
132 0.390295
133 0.390295
134 0.390295
135 0.390295
136 0.390295
137 0.390295
138 0.390295
139 0.390295
140 0.390295
141 0.390295
142 0.390295
143 0.390295
144 0.390295
