0 0
1 0.359938
2 0.359938
3 0.359938
4 0.359938
5 0.359938
6 0.359938
7 0.359938
8 0.359938
9 0.359938
10 0.359938
11 0.359938
12 0.359938
13 0.359938
14 0.359938
15 0.359938
16 0.359938
17 0.359938
18 0.359938
19 0.359938
20 0.359938
21 0.359938
22 0.359938
23 0.359938
24 0.359938
25 0.359938
26 0.359938
27 0.359938
28 0.359938
29 0.359938
30 0.359938
31 0.359938
32 0.359938
33 0.359938
34 0.359938
35 0.359938
36 0.359938
37 0.359938
38 0.359938
39 0.359938
40 0.359938
41 0.359938
42 0.359938
43 0.359938
44 0.359938
45 0.359938
46 0.359938
47 0.359938
48 0.359938
49 0.359938
50 0.359938
51 0.359938
52 0.359938
53 0.359938
54 0.359938
55 0.359938
56 0.359938
57 0.359938
58 0.359938
59 0.359938
60 0.359938
61 0.359938
62 0.359938
63 0.359938
64 0.359938
65 0.359938
66 0.359938
67 0.359938
68 0.359938
69 0.359938
70 0.359938
71 0.359938
72 0.359938
73 0.359938
74 0.359938
75 0.359938
76 0.359938
77 0.359938
78 0.359938
79 0.359938
80 0.359938
81 0.359938
82 0.359938
83 0.359938
84 0.359938
85 0.359938
86 0.359938
87 0.359938
88 0.359938
89 0.359938
90 0.359938
91 0.359938
92 0.359938
93 0.359938
94 0.359938
95 0.359938
96 0.359938
97 0.359938
98 0.359938
99 0.359938
100 0.359938
101 0.359938
102 0.359938
103 0.359938
104 0.359938
105 0.359938
106 0.359938
107 0.359938
108 0.359938
109 0.359938
110 0.359938
111 0.359938
112 0.359938
113 0.359938
114 0.359938
115 0.359938
116 0.359938
117 0.359938
118 0.359938
119 0.359938
120 0.359938
121 0.359938
122 0.359938
123 0.359938
124 0.359938
125 0.359938
126 0.359938
127 0.359938
128 0.359938
129 0.359938
130 0.359938
131 0.359938
132 0.359938
133 0.359938
134 0.359938
135 0.359938
136 0.359938
137 0.359938
138 0.359938
139 0.359938
140 0.359938
141 0.359938
142 0.359938
143 0.359938
144 0.359938
