0 0
1 0.50448
2 0.50448
3 0.50448
4 0.50448
5 0.50448
6 0.50448
7 0.50448
8 0.50448
9 0.50448
10 0.50448
11 0.50448
12 0.50448
13 0.50448
14 0.50448
15 0.50448
16 0.50448
17 0.50448
18 0.50448
19 0.50448
20 0.50448
21 0.50448
22 0.50448
23 0.50448
24 0.50448
25 0.50448
26 0.50448
27 0.50448
28 0.50448
29 0.50448
30 0.50448
31 0.50448
32 0.50448
33 0.50448
34 0.50448
35 0.50448
36 0.50448
37 0.50448
38 0.50448
39 0.50448
40 0.50448
41 0.50448
42 0.50448
43 0.50448
44 0.50448
45 0.50448
46 0.50448
47 0.50448
48 0.50448
49 0.50448
50 0.50448
51 0.50448
52 0.50448
53 0.50448
54 0.50448
55 0.50448
56 0.50448
57 0.50448
58 0.50448
59 0.50448
60 0.50448
61 0.50448
62 0.50448
63 0.50448
64 0.50448
65 0.50448
66 0.50448
67 0.50448
68 0.50448
69 0.50448
70 0.50448
71 0.50448
72 0.50448
73 0.50448
74 0.50448
75 0.50448
76 0.50448
77 0.50448
78 0.50448
79 0.50448
80 0.50448
81 0.50448
82 0.50448
83 0.50448
84 0.50448
85 0.50448
86 0.50448
87 0.50448
88 0.50448
89 0.50448
90 0.50448
91 0.50448
92 0.50448
93 0.50448
94 0.50448
95 0.50448
96 0.50448
97 0.50448
98 0.50448
99 0.50448
100 0.50448
101 0.50448
102 0.50448
103 0.50448
104 0.50448
105 0.50448
106 0.50448
107 0.50448
108 0.50448
109 0.50448
110 0.50448
111 0.50448
112 0.50448
113 0.50448
114 0.50448
115 0.50448
116 0.50448
117 0.50448
118 0.50448
119 0.50448
120 0.50448
121 0.50448
122 0.50448
123 0.50448
124 0.50448
125 0.50448
126 0.50448
127 0.50448
128 0.50448
129 0.50448
130 0.50448
131 0.50448
132 0.50448
133 0.50448
134 0.50448
135 0.50448
136 0.50448
137 0.50448
138 0.50448
139 0.50448
140 0.50448
141 0.50448
142 0.50448
143 0.50448
144 0.50448
