0 0
1 0.39086
2 0.393256
3 0.393256
4 0.393256
5 0.393256
6 0.393256
7 0.393256
8 0.393256
9 0.393256
10 0.393256
11 0.393256
12 0.393256
13 0.393256
14 0.393256
15 0.393256
16 0.393256
17 0.393256
18 0.393256
19 0.393256
20 0.393256
21 0.393256
22 0.393256
23 0.393256
24 0.393256
25 0.393256
26 0.393256
27 0.393256
28 0.393256
29 0.393256
30 0.393256
31 0.393256
32 0.393256
33 0.393256
34 0.393256
35 0.393256
36 0.393256
37 0.393256
38 0.393256
39 0.393256
40 0.393256
41 0.393256
42 0.393256
43 0.393256
44 0.393256
45 0.393256
46 0.393256
47 0.393256
48 0.393256
49 0.393256
50 0.393256
51 0.393256
52 0.41428
53 0.41428
54 0.41428
55 0.41428
56 0.41428
57 0.414308
58 0.414223
59 0.414223
60 0.414695
61 0.414589
62 0.414589
63 0.414779
64 0.414779
65 0.414779
66 0.414779
67 0.414779
68 0.414779
69 0.414779
70 0.414751
71 0.414751
72 0.414751
73 0.414751
74 0.414751
75 0.414751
76 0.414751
77 0.414751
78 0.414751
79 0.414751
80 0.414835
81 0.414835
82 0.414835
83 0.414835
84 0.414835
85 0.414835
86 0.414835
87 0.414835
