0 0
1 0.182006
2 0.190081
3 0.190081
4 0.190081
5 0.190081
6 0.190081
7 0.190081
8 0.190081
9 0.190081
10 0.190081
11 0.190081
12 0.190081
13 0.190081
14 0.190081
15 0.190081
16 0.190081
17 0.190081
18 0.190081
19 0.190081
20 0.190081
21 0.190081
22 0.190081
23 0.190081
24 0.190081
25 0.190081
26 0.190081
27 0.190081
28 0.190081
29 0.190081
30 0.190081
31 0.190081
32 0.190081
33 0.190081
34 0.190081
35 0.190081
36 0.190081
37 0.190081
38 0.190081
39 0.190081
40 0.190081
41 0.190081
42 0.190081
43 0.190081
44 0.190081
45 0.190081
46 0.190081
47 0.190081
48 0.190081
49 0.190081
50 0.190081
51 0.190081
52 0.213201
53 0.213201
54 0.213201
55 0.213201
56 0.213201
57 0.210546
58 0.210546
59 0.210546
60 0.208333
61 0.209661
62 0.209661
63 0.208333
64 0.208333
65 0.208333
66 0.208333
67 0.208333
68 0.208333
69 0.208333
70 0.208333
71 0.208333
72 0.208333
73 0.208333
74 0.208333
75 0.208333
76 0.208333
77 0.208333
78 0.208333
79 0.208333
80 0.208333
81 0.208333
82 0.208333
83 0.208333
84 0.208333
85 0.208333
86 0.208333
87 0.208333
