0 0
1 0.493786
2 0.49395
3 0.49395
4 0.49395
5 0.49395
6 0.49395
7 0.49395
8 0.49395
9 0.49395
10 0.49395
11 0.49395
12 0.49395
13 0.49395
14 0.49395
15 0.49395
16 0.49395
17 0.49395
18 0.49395
19 0.49395
20 0.49395
21 0.49395
22 0.49395
23 0.49395
24 0.49395
25 0.49395
26 0.49395
27 0.49395
28 0.49395
29 0.49395
30 0.49395
31 0.49395
32 0.49395
33 0.49395
34 0.49395
35 0.49395
36 0.49395
37 0.49395
38 0.49395
39 0.49395
40 0.49395
41 0.49395
42 0.49395
43 0.49395
44 0.49395
45 0.49395
46 0.49395
47 0.49395
48 0.49395
49 0.49395
50 0.49395
51 0.49395
52 0.50392
53 0.50392
54 0.50392
55 0.50392
56 0.50392
57 0.504014
58 0.504014
59 0.504014
60 0.504084
61 0.504084
62 0.504084
63 0.504154
64 0.504154
65 0.504154
66 0.504154
67 0.504154
68 0.504154
69 0.504154
70 0.504154
71 0.504154
72 0.504154
73 0.504154
74 0.504178
75 0.504178
76 0.504178
77 0.504178
78 0.504178
79 0.504178
80 0.504201
81 0.504201
82 0.504201
83 0.504201
84 0.504201
85 0.504201
86 0.504201
87 0.504201
