0 0
1 0.50448
2 0.50448
3 0.504875
4 0.504875
5 0.504875
6 0.504875
7 0.504611
8 0.505402
9 0.505402
10 0.509354
11 0.509354
12 0.513307
13 0.515152
14 0.515152
15 0.515152
16 0.515152
17 0.515152
18 0.515152
19 0.515152
20 0.515547
21 0.515547
22 0.515547
23 0.515547
24 0.515415
25 0.515547
26 0.515415
27 0.515547
28 0.515547
29 0.515547
30 0.515547
31 0.515547
32 0.515415
33 0.515415
34 0.515415
35 0.515415
36 0.515415
37 0.51502
38 0.516469
39 0.516469
40 0.516469
41 0.516469
42 0.516469
43 0.516469
44 0.516469
45 0.515942
46 0.515942
47 0.516206
