0 0
1 0.502447
2 0.502558
3 0.502558
4 0.502558
5 0.502558
6 0.502558
7 0.502558
8 0.502558
9 0.502558
10 0.502558
11 0.502558
12 0.502558
13 0.502558
14 0.502558
15 0.502558
16 0.502558
17 0.502558
18 0.502558
19 0.502558
20 0.502558
21 0.502558
22 0.502558
23 0.502558
24 0.502558
25 0.502558
26 0.502558
27 0.502558
28 0.502558
29 0.502558
30 0.502558
31 0.502558
32 0.502558
33 0.502558
34 0.502558
35 0.502558
36 0.502558
37 0.502558
38 0.502558
39 0.502558
40 0.502558
41 0.502558
42 0.502558
43 0.502558
44 0.502558
45 0.502558
46 0.502558
47 0.502558
48 0.502558
49 0.502558
50 0.502558
51 0.502558
52 0.51079
53 0.51079
54 0.51079
55 0.51079
56 0.51079
57 0.51079
58 0.51079
59 0.51079
60 0.510901
61 0.511012
62 0.511012
63 0.510901
64 0.510901
65 0.510901
66 0.510901
67 0.510901
68 0.510901
69 0.510901
70 0.510901
71 0.510901
72 0.510901
73 0.510901
74 0.510679
75 0.510679
76 0.510679
77 0.510679
78 0.510679
79 0.510679
80 0.510901
81 0.510901
82 0.510901
83 0.510901
84 0.510901
85 0.510901
86 0.510901
87 0.510901
