0 0
1 0.393256
2 0.393256
3 0.393261
4 0.393261
5 0.393261
6 0.393233
7 0.391254
8 0.395958
9 0.395958
10 0.396375
11 0.396375
12 0.404879
13 0.414252
14 0.414336
15 0.414364
16 0.414364
17 0.414026
18 0.414026
19 0.414083
20 0.41428
21 0.41428
22 0.41428
23 0.414561
24 0.414252
25 0.414308
26 0.414252
27 0.414589
28 0.414589
29 0.414589
30 0.414589
31 0.414589
32 0.414674
33 0.414674
34 0.414786
35 0.414779
36 0.414779
37 0.414554
38 0.418894
39 0.418894
40 0.418782
41 0.418782
42 0.418782
43 0.418782
44 0.418782
45 0.420104
46 0.420104
47 0.420582
