0 0
1 0.49395
2 0.49395
3 0.49409
4 0.49409
5 0.49409
6 0.494137
7 0.49416
8 0.494488
9 0.494488
10 0.497016
11 0.497016
12 0.502212
13 0.503429
14 0.503452
15 0.503663
16 0.503663
17 0.50371
18 0.50371
19 0.50371
20 0.50392
21 0.50392
22 0.50392
23 0.503991
24 0.504014
25 0.504014
26 0.504014
27 0.504084
28 0.504084
29 0.504084
30 0.504084
31 0.504084
32 0.504131
33 0.504131
34 0.504154
35 0.504154
36 0.504154
37 0.504201
38 0.50495
39 0.50495
40 0.50495
41 0.50495
42 0.50495
43 0.50495
44 0.50495
45 0.504974
46 0.504974
47 0.505091
