0 0
1 0.451333
2 0.451333
3 0.451333
4 0.451333
5 0.451333
6 0.451333
7 0.450667
8 0.451333
9 0.451333
10 0.45
11 0.45
12 0.464667
13 0.456
14 0.455333
15 0.456
16 0.456
17 0.456
18 0.456
19 0.456
20 0.456
21 0.456
22 0.456
23 0.455333
24 0.456
25 0.456
26 0.456
27 0.455333
28 0.455333
29 0.455333
30 0.455333
31 0.455333
32 0.455333
33 0.455333
34 0.455333
35 0.455333
36 0.455333
37 0.455333
38 0.454667
39 0.454667
40 0.454667
41 0.454667
42 0.454667
43 0.454667
44 0.454667
45 0.454667
46 0.454667
47 0.454667
