0 0
1 0.404282
2 0.406389
3 0.406389
4 0.406389
5 0.406389
6 0.406389
7 0.406389
8 0.406389
9 0.406389
10 0.406389
11 0.406389
12 0.406389
13 0.406389
14 0.406389
15 0.406389
16 0.406389
17 0.406389
18 0.406389
19 0.406389
20 0.406389
21 0.406389
22 0.406389
23 0.406389
24 0.406389
25 0.406389
26 0.406389
27 0.406389
28 0.406389
29 0.406389
30 0.406389
31 0.406389
32 0.406389
33 0.406389
34 0.406389
35 0.406389
36 0.406389
37 0.406389
38 0.406389
39 0.406389
40 0.406389
41 0.406389
42 0.406389
43 0.406389
44 0.406389
45 0.406389
46 0.406389
47 0.406389
48 0.406389
49 0.406389
50 0.406389
51 0.406389
52 0.425203
53 0.425203
54 0.425203
55 0.425203
56 0.425203
57 0.425324
58 0.425203
59 0.425203
60 0.425444
61 0.425414
62 0.425414
63 0.425444
64 0.425444
65 0.425444
66 0.425444
67 0.425444
68 0.425504
69 0.425444
70 0.425534
71 0.425534
72 0.425534
73 0.425534
74 0.425414
75 0.425414
76 0.425414
77 0.425414
78 0.425414
79 0.425414
80 0.425459
81 0.425459
82 0.425459
83 0.425459
84 0.425459
85 0.425459
86 0.425459
87 0.425459
