0 0
1 0.362005
2 0.362005
3 0.3628
4 0.3628
5 0.3628
6 0.362467
7 0.360563
8 0.366437
9 0.366437
10 0.369022
11 0.369022
12 0.383538
13 0.391719
14 0.391886
15 0.392011
16 0.392011
17 0.39126
18 0.39126
19 0.391469
20 0.391302
21 0.391302
22 0.391302
23 0.392302
24 0.391469
25 0.391552
26 0.391469
27 0.392302
28 0.392302
29 0.392302
30 0.392302
31 0.392302
32 0.392302
33 0.392302
34 0.392427
35 0.392594
36 0.392594
37 0.392719
38 0.39868
39 0.39868
40 0.398597
41 0.398597
42 0.398597
43 0.398597
44 0.398597
45 0.400306
46 0.400306
47 0.400973
