0 0
1 0.502558
2 0.502558
3 0.502447
4 0.502447
5 0.502447
6 0.502447
7 0.50356
8 0.502892
9 0.502892
10 0.505451
11 0.505451
12 0.510456
13 0.510679
14 0.510901
15 0.510901
16 0.510901
17 0.510679
18 0.510679
19 0.510679
20 0.51079
21 0.51079
22 0.51079
23 0.511012
24 0.510679
25 0.51079
26 0.510679
27 0.511012
28 0.511012
29 0.511012
30 0.511012
31 0.511012
32 0.510901
33 0.510901
34 0.510901
35 0.510901
36 0.510901
37 0.511235
38 0.510234
39 0.510234
40 0.510234
41 0.510234
42 0.510234
43 0.510234
44 0.510234
45 0.5099
46 0.5099
47 0.510234
