0 0
1 0.359938
2 0.362005
3 0.362005
4 0.362005
5 0.362005
6 0.362005
7 0.362005
8 0.362005
9 0.362005
10 0.362005
11 0.362005
12 0.362005
13 0.362005
14 0.362005
15 0.362005
16 0.362005
17 0.362005
18 0.362005
19 0.362005
20 0.362005
21 0.362005
22 0.362005
23 0.362005
24 0.362005
25 0.362005
26 0.362005
27 0.362005
28 0.362005
29 0.362005
30 0.362005
31 0.362005
32 0.362005
33 0.362005
34 0.362005
35 0.362005
36 0.362005
37 0.362005
38 0.362005
39 0.362005
40 0.362005
41 0.362005
42 0.362005
43 0.362005
44 0.362005
45 0.362005
46 0.362005
47 0.362005
48 0.362005
49 0.362005
50 0.362005
51 0.362005
52 0.391302
53 0.391302
54 0.391302
55 0.391302
56 0.391302
57 0.391469
58 0.391427
59 0.391427
60 0.392511
61 0.392302
62 0.392302
63 0.392511
64 0.392511
65 0.392511
66 0.392511
67 0.392511
68 0.392594
69 0.392511
70 0.392594
71 0.392594
72 0.392594
73 0.392594
74 0.392678
75 0.392678
76 0.392678
77 0.392678
78 0.392678
79 0.392678
80 0.392636
81 0.392636
82 0.392636
83 0.392636
84 0.392636
85 0.392636
86 0.392636
87 0.392636
