0 0
1 0.50448
2 0.50448
3 0.50448
4 0.50448
5 0.50448
6 0.50448
7 0.50448
8 0.50448
9 0.50448
10 0.50448
11 0.50448
12 0.50448
13 0.50448
14 0.50448
15 0.50448
16 0.50448
17 0.50448
18 0.50448
19 0.50448
20 0.50448
21 0.50448
22 0.50448
23 0.50448
24 0.50448
25 0.50448
26 0.50448
27 0.50448
28 0.50448
29 0.50448
30 0.50448
31 0.50448
32 0.50448
33 0.50448
34 0.50448
35 0.50448
36 0.50448
37 0.50448
38 0.50448
39 0.50448
40 0.50448
41 0.50448
42 0.50448
43 0.50448
44 0.50448
45 0.50448
46 0.50448
47 0.50448
48 0.50448
49 0.50448
50 0.50448
51 0.50448
52 0.515547
53 0.515547
54 0.515547
55 0.515547
56 0.515547
57 0.515547
58 0.515547
59 0.515547
60 0.515415
61 0.515547
62 0.515547
63 0.515415
64 0.515415
65 0.515415
66 0.515415
67 0.515415
68 0.515415
69 0.515415
70 0.515415
71 0.515415
72 0.515415
73 0.515415
74 0.515415
75 0.515415
76 0.515415
77 0.515415
78 0.515415
79 0.515415
80 0.515415
81 0.515415
82 0.515415
83 0.515415
84 0.515415
85 0.515415
86 0.515415
87 0.515415
