0 0
1 0.406389
2 0.406389
3 0.406735
4 0.406735
5 0.406735
6 0.406766
7 0.404734
8 0.40946
9 0.40946
10 0.410844
11 0.410844
12 0.416805
13 0.425083
14 0.425625
15 0.425504
16 0.425504
17 0.425324
18 0.425324
19 0.425384
20 0.425203
21 0.425203
22 0.425203
23 0.425414
24 0.425233
25 0.425263
26 0.425233
27 0.425414
28 0.425414
29 0.425414
30 0.425414
31 0.425414
32 0.425339
33 0.425339
34 0.425444
35 0.425444
36 0.425444
37 0.425715
38 0.429297
39 0.429297
40 0.429327
41 0.429327
42 0.429327
43 0.429327
44 0.429327
45 0.430321
46 0.430321
47 0.430772
