0 0
1 0.190081
2 0.190081
3 0.183886
4 0.183886
5 0.183886
6 0.183444
7 0.182006
8 0.201549
9 0.201549
10 0.201807
11 0.201807
12 0.177028
13 0.211873
14 0.209661
15 0.210103
16 0.210103
17 0.213643
18 0.213643
19 0.213643
20 0.213201
21 0.213201
22 0.213201
23 0.209661
24 0.213201
25 0.213201
26 0.213201
27 0.209661
28 0.209661
29 0.209661
30 0.209661
31 0.209661
32 0.209661
33 0.209661
34 0.208333
35 0.208333
36 0.208333
37 0.207448
38 0.204794
39 0.204794
40 0.204351
41 0.204351
42 0.204351
43 0.204351
44 0.204351
45 0.209218
46 0.209218
47 0.210103
