0 0
1 0.450667
2 0.451333
3 0.451333
4 0.451333
5 0.451333
6 0.451333
7 0.451333
8 0.451333
9 0.451333
10 0.451333
11 0.451333
12 0.451333
13 0.451333
14 0.451333
15 0.451333
16 0.451333
17 0.451333
18 0.451333
19 0.451333
20 0.451333
21 0.451333
22 0.451333
23 0.451333
24 0.451333
25 0.451333
26 0.451333
27 0.451333
28 0.451333
29 0.451333
30 0.451333
31 0.451333
32 0.451333
33 0.451333
34 0.451333
35 0.451333
36 0.451333
37 0.451333
38 0.451333
39 0.451333
40 0.451333
41 0.451333
42 0.451333
43 0.451333
44 0.451333
45 0.451333
46 0.451333
47 0.451333
48 0.451333
49 0.451333
50 0.451333
51 0.451333
52 0.456
53 0.456
54 0.456
55 0.456
56 0.456
57 0.456
58 0.456
59 0.456
60 0.455333
61 0.455333
62 0.455333
63 0.455333
64 0.455333
65 0.455333
66 0.455333
67 0.455333
68 0.455333
69 0.455333
70 0.455333
71 0.455333
72 0.455333
73 0.455333
74 0.455333
75 0.455333
76 0.455333
77 0.455333
78 0.455333
79 0.455333
80 0.455333
81 0.455333
82 0.455333
83 0.455333
84 0.455333
85 0.455333
86 0.455333
87 0.455333
